15, pa3-F-Output.txt
   -2.16   -13.52   -41.44        -3.66   -13.30   -40.23     1.935
   25.93   -13.44    -0.85        25.62   -11.27    -1.79     2.378
  -20.74     2.35   -43.11       -20.61     3.01   -43.87     1.013
  -19.61   -14.27   -49.98       -19.73   -13.94   -48.92     1.117
    1.97   -18.64   -27.57         0.53   -18.09   -27.40     1.547
   29.71     6.26   -28.52        29.74     6.25   -28.58     0.068
   -5.41   -14.96     1.45        -5.40   -13.04     0.80     2.021
    1.63    22.08    13.70         1.14    23.02    13.09     1.222
  -21.62    -3.67    -8.83       -22.93    -2.77    -7.45     2.101
    2.73    -7.24    63.18         2.77    -6.98    63.09     0.280
   -3.53   -14.36     3.79        -3.63   -12.36     2.76     2.251
   24.63    -7.11    16.25        24.11    -5.71    15.87     1.542
   -6.35    -3.80   -42.61        -6.68    -4.03   -42.23     0.554
   21.14    21.30    13.65        21.82    23.10    14.04     1.968
  -38.51   -13.17   -37.26       -39.78   -13.29   -37.50     1.290
