15, pa3-A-Output.txt
  -11.24     0.67    15.07       -11.24     0.67    15.07     0.000
  -10.17   -18.47   -44.87       -10.17   -18.47   -44.87     0.004
   -9.09    17.46    38.95        -9.09    17.46    38.95     0.000
   -8.68   -24.66   -14.32        -8.68   -24.66   -14.33     0.004
   27.77    16.75    16.42        27.77    16.75    16.42     0.000
   -5.36    16.56    44.30        -5.35    16.56    44.30     0.004
   31.65    -8.90   -16.83        31.65    -8.90   -16.83     0.001
  -36.07    -4.49   -42.48       -36.07    -4.49   -42.48     0.000
    2.34    -8.12    26.83         2.34    -8.12    26.83     0.001
    5.85     6.61   -16.38         5.85     6.61   -16.38     0.001
   -7.14     2.27    33.68        -7.14     2.27    33.68     0.001
   11.35    -0.75   -21.57        11.35    -0.75   -21.57     0.001
   28.08    -0.35    21.09        28.08    -0.35    21.09     0.000
    1.29   -17.86    -9.68         1.28   -17.86    -9.69     0.002
   11.39    18.21   -25.64        11.38    18.20   -25.64     0.003
