15, pa3-B-Output.txt
   19.99   -13.91    -3.15        20.14   -14.18    -2.94     0.368
  -18.41    -3.42   -50.11       -19.14    -4.41   -47.99     2.450
  -17.71   -28.07   -14.58       -17.56   -28.56   -14.25     0.606
   24.66    21.75    -0.06        25.78    23.94     0.13     2.477
   -6.95     8.78    56.62        -6.64     8.68    56.62     0.328
  -37.11    -1.92   -43.08       -36.04    -2.25   -41.89     1.635
  -27.27   -20.85   -10.01       -27.80   -22.48    -8.47     2.305
  -35.41   -28.01   -20.36       -34.69   -27.08   -20.64     1.199
  -19.41    -0.06   -47.88       -19.24    -0.81   -46.70     1.409
    0.80    18.76     3.23         1.65    18.24     3.80     1.141
  -43.01    -3.17   -30.31       -42.57    -3.28   -30.16     0.482
    6.27    18.66    46.43         5.99    20.26    46.54     1.625
   32.45    -9.01   -15.63        32.12    -8.67   -15.57     0.476
   20.68    23.44   -10.35        21.38    25.44   -10.31     2.117
  -23.47   -34.62   -26.77       -23.36   -32.82   -26.81     1.801
