15, pa3-E-Output.txt
  -18.28   -35.06   -29.92       -18.67   -32.52   -29.70     2.572
   -1.34     4.25    61.50        -1.37     4.29    63.38     1.885
   22.75    20.71     8.81        23.77    23.39     9.40     2.920
    6.86    24.59    11.60         6.73    25.07    11.60     0.488
   30.31     3.20   -27.16        30.92     3.13   -27.52     0.710
   -9.94   -14.46     0.35        -9.73   -13.05    -0.58     1.693
   15.95    -0.56   -25.54        17.57    -0.29   -22.69     3.288
   17.25     5.44    53.64        21.69     4.57    54.25     4.569
   -3.09   -10.71   -30.63        -0.92    -9.50   -31.80     2.752
    7.58   -15.50     2.05         7.96   -14.01     1.67     1.574
  -18.77   -17.45   -49.76       -19.14   -16.95   -47.87     1.986
  -12.58   -29.17   -37.31       -12.84   -28.56   -37.00     0.724
   -7.33    -4.16    45.71        -4.90    -2.73    45.39     2.843
   -5.38   -11.50    10.15        -5.02   -10.03     9.75     1.568
  -11.15    -1.74    25.38        -8.27    -1.31    24.75     2.974
