20, pa3-H-Output.txt
   15.20    22.30    -9.93        13.80    24.67   -10.80     2.889
   26.46    20.39    -5.81        28.08    22.41    -5.70     2.597
   22.69   -16.30    -8.43        22.31   -15.85    -8.50     0.593
   27.90    20.32   -16.46        28.83    21.62   -16.86     1.647
    3.15    17.79     1.56         2.82    18.02     1.42     0.419
  -39.48   -25.34   -25.68       -38.43   -24.37   -25.73     1.431
   -0.43    19.27     9.37        -0.93    19.80     8.98     0.821
  -34.89    -9.84    -7.71       -34.82    -9.83    -7.87     0.176
    4.93   -11.54    18.23         4.58    -9.60    17.63     2.067
    5.18    15.29    41.93         4.42    20.41    42.73     5.245
   -1.22   -12.54    21.40        -1.14    -9.41    20.94     3.171
   18.57    18.43    32.51        19.95    19.86    32.58     1.997
    3.52   -10.23    35.71         3.66    -7.16    35.51     3.077
   -5.81    10.17     8.61        -7.41    11.66     8.01     2.271
   -6.57   -22.90   -36.73        -5.98   -23.37   -37.13     0.852
  -12.19   -28.08   -15.99       -12.20   -27.79   -16.17     0.351
  -41.46     1.25   -28.65       -40.69     0.73   -28.61     0.925
  -20.67   -13.51    -3.94       -20.48   -13.02    -4.84     1.041
    0.42    19.76    17.36        -0.39    23.73    17.46     4.060
    0.22   -11.09    55.55         1.53    -7.05    55.50     4.245
