15, pa3-D-Output.txt
  -44.17   -15.58   -27.09       -43.36   -15.37   -27.15     0.841
  -30.77     4.55   -40.74       -30.59     4.24   -40.29     0.574
  -29.91     2.30   -16.28       -29.74     2.88   -13.62     2.723
  -39.49     2.03   -30.50       -39.51     2.04   -30.50     0.021
   -1.62     9.49    62.18        -1.62     9.55    63.36     1.172
  -21.55   -33.73   -33.87       -21.42   -32.08   -33.35     1.739
   25.83    21.23     4.78        26.73    23.03     4.94     2.016
  -22.65     1.12   -46.49       -22.68     0.68   -45.99     0.670
    3.45   -10.56    14.62         3.45   -10.57    14.63     0.006
  -13.18   -14.14    -2.95       -13.15   -14.01    -3.08     0.182
    9.17   -17.66    -4.43         9.68   -16.18    -4.52     1.566
  -34.56     4.97   -35.62       -34.54     4.94   -35.61     0.034
   20.54     3.74    37.80        24.10     3.19    38.41     3.658
   14.93    -7.14    21.00        14.89    -6.90    20.98     0.243
   21.49    23.54   -10.13        22.06    25.20   -10.10     1.750
