20, pa3-J-Output.txt
   20.72    10.33    45.62        22.80    11.07    46.05     2.253
   31.23     7.64    14.20        32.34     7.90    14.95     1.362
    3.86    20.61    57.10         4.34    19.07    57.01     1.609
  -19.88     0.56   -49.69       -19.49    -1.21   -46.92     3.312
   -8.10    17.83     9.18        -5.51    16.12    10.64     3.430
  -22.35    15.78   -35.39       -21.26    11.19   -33.84     4.963
   16.20    21.17    39.04        16.32    21.48    39.12     0.340
  -23.02   -10.83   -49.98       -22.95   -10.69   -49.68     0.344
   19.14    -8.53     1.25        20.40   -10.75     2.48     2.830
   -6.26   -11.74    -3.88        -6.63   -14.51    -2.15     3.283
  -16.75   -22.48   -42.83       -16.35   -23.16   -44.12     1.514
  -17.57    13.90   -38.90       -17.33    10.13   -36.62     4.410
  -40.79    -9.24   -34.40       -40.29    -9.19   -34.39     0.508
  -11.36    -1.68    13.40       -11.16    -1.62    13.29     0.232
   30.38    18.69   -21.85        29.85    18.27   -21.36     0.835
  -11.73    -1.31    18.62        -9.73    -0.93    18.17     2.080
    1.36     1.49   -25.24         0.73     0.96   -24.60     1.046
  -23.87    -2.22   -49.68       -23.94    -2.10   -47.68     2.002
   -1.39    11.88   -18.31        -1.59     8.07   -17.32     3.941
  -11.46    14.83    10.75        -8.84    13.77    12.48     3.307
