20, pa3-G-Output.txt
   41.91     5.19    -3.93        40.55     5.20    -4.04     1.365
  -21.46   -30.82   -12.92       -21.20   -29.10   -14.09     2.093
   37.40    11.95     4.41        37.66    12.08     4.41     0.287
    7.53     2.31    61.81         7.69     2.43    63.23     1.429
    2.24    -7.26    61.28         2.24    -7.26    61.28     0.001
   32.72   -11.48     2.19        30.56    -8.29     1.71     3.883
  -29.72   -20.22   -46.59       -29.41   -19.77   -45.73     1.014
  -12.15   -34.29   -32.72       -13.38   -30.69   -31.92     3.891
   16.00     5.82   -17.70        14.57     6.32   -18.62     1.777
  -19.39    -4.28   -47.42       -19.23    -4.07   -47.86     0.517
    9.55    -9.06    57.73         9.17    -7.05    57.76     2.045
    7.95   -20.01   -14.75         7.27   -16.31   -14.71     3.765
   -8.28   -23.31    -9.68        -8.78   -21.97   -10.80     1.810
   26.39   -13.71    -1.02        25.94   -11.24    -1.86     2.648
  -35.68   -21.69   -40.86       -35.12   -21.28   -40.30     0.901
   12.32    22.88     7.00        11.63    26.55     7.36     3.753
  -11.07   -29.41   -13.64       -11.76   -27.40   -15.56     2.864
   18.38   -11.85     9.69        17.18    -9.54     8.51     2.855
   13.81    21.57    16.72        14.20    24.36    17.28     2.869
    2.10    -8.11    41.06         2.16    -6.89    41.04     1.222
