15, pa3-C-Output.txt
   18.26    24.06   -26.02        18.15    23.77   -25.75     0.409
  -30.60    -8.23    -9.38       -30.64    -7.37    -7.77     1.830
   23.69   -13.92    -7.10        23.85   -14.11    -7.02     0.253
   34.94    -3.86     6.60        35.28    -4.21     6.71     0.504
  -15.36    22.46    25.64       -14.91    21.96    25.65     0.679
  -12.29    15.83    34.20       -12.95    15.43    34.86     1.008
   25.05    -8.65     5.61        25.05    -8.45     5.54     0.211
   32.34     2.52   -26.02        31.95     2.57   -25.76     0.473
  -13.28     4.16    10.85       -12.57     4.21    10.75     0.718
   32.29     6.90    12.13        33.72     7.23    13.13     1.774
   -4.08    -2.12   -34.63        -3.93    -2.08   -34.66     0.156
    6.16   -13.48     1.58         6.14   -13.57     1.60     0.090
  -19.96   -16.48    -8.12       -20.12   -17.09    -6.25     1.979
  -36.80   -12.75   -11.70       -37.49   -12.92   -11.01     0.993
   16.42    -3.45    43.94        17.12    -4.63    44.07     1.378
