27, 125, pa2-debug-c-output1.txt
  207.95,   201.75,   207.88
  393.59,   398.86,   204.50
  100.01,    98.80,    99.01
  102.28,    99.16,   224.01
  104.47,    99.78,   348.99
   97.53,   223.87,    98.65
   99.73,   224.22,   223.57
  101.93,   224.84,   348.53
   95.40,   348.98,    98.24
   97.37,   349.41,   223.28
   99.17,   349.78,   348.16
  225.17,   101.35,    97.10
  227.31,   101.67,   222.08
  229.30,   102.19,   347.00
  222.96,   226.47,    96.75
  225.00,   226.66,   221.65
  226.78,   227.32,   346.32
  220.50,   351.27,    96.02
  222.52,   351.69,   221.04
  224.11,   352.31,   345.85
  350.16,   104.04,    95.14
  352.15,   104.46,   220.22
  354.06,   104.78,   344.80
  347.66,   228.92,    94.86
  349.68,   229.19,   220.00
  351.64,   229.67,   344.23
  344.95,   353.52,    94.13
  347.08,   353.88,   219.13
  349.20,   354.65,   343.67
   99.60,   100.85,   224.32
   96.32,   103.47,   349.22
   93.07,   106.18,   474.15
   97.39,   225.89,   221.81
   94.10,   228.48,   346.73
   90.75,   231.04,   471.68
   95.37,   351.06,   219.44
   91.70,   353.40,   344.26
   88.28,   355.72,   469.15
  224.62,   103.10,   227.83
  221.13,   105.61,   352.70
  217.62,   108.12,   477.63
  222.63,   228.07,   225.32
  218.94,   230.72,   349.94
  215.32,   233.51,   474.88
  220.49,   353.09,   222.63
  216.59,   355.69,   347.41
  212.95,   358.17,   472.29
  349.43,   105.62,   231.41
  345.86,   107.90,   355.93
  342.46,   110.23,   480.63
  347.30,   230.34,   229.08
  343.77,   232.81,   353.25
  340.41,   235.41,   477.83
  345.04,   355.03,   226.15
  341.67,   357.79,   350.64
  338.26,   360.38,   475.37
  100.87,   100.58,   348.55
  101.16,   104.24,   473.53
  101.16,   107.76,   598.51
  103.68,   225.58,   345.13
  103.81,   229.14,   470.15
  103.84,   232.65,   595.19
  106.27,   350.48,   341.78
  106.32,   353.79,   466.70
  106.71,   357.12,   591.75
  225.71,    97.62,   348.60
  225.77,   101.06,   473.53
  226.08,   104.55,   598.44
  228.55,   222.70,   344.92
  228.51,   226.43,   469.83
  228.71,   230.01,   595.03
  231.25,   347.64,   341.47
  231.18,   351.12,   466.34
  231.55,   354.32,   591.42
  350.47,    94.88,   348.39
  350.62,    98.12,   473.14
  350.98,   101.55,   598.20
  353.40,   219.71,   344.84
  353.62,   223.22,   469.35
  354.02,   226.69,   594.65
  356.33,   344.63,   341.31
  356.54,   348.20,   466.00
  356.70,   351.45,   591.18
  100.37,   102.06,   475.69
   99.03,   102.56,   600.70
   97.57,   102.76,   725.66
   98.36,   227.02,   475.29
   97.03,   227.51,   600.37
   95.43,   227.91,   725.55
   96.21,   351.71,   474.83
   95.23,   352.07,   599.95
   94.31,   352.60,   725.10
  224.99,   103.59,   476.96
  223.96,   104.07,   601.91
  223.08,   104.67,   726.78
  223.03,   229.04,   476.27
  221.88,   229.61,   601.51
  220.99,   229.94,   726.59
  220.99,   353.76,   475.77
  220.05,   353.95,   600.89
  219.39,   354.04,   726.03
  349.87,   105.35,   477.79
  348.90,   105.79,   602.95
  348.03,   106.40,   728.33
  348.16,   230.54,   477.05
  347.20,   231.00,   602.43
  346.29,   231.37,   728.22
  346.35,   355.56,   476.69
  345.16,   355.77,   601.93
  343.94,   355.81,   727.42
   99.90,    98.35,   599.41
  101.93,    98.27,   724.34
  104.29,    98.24,   849.10
  101.63,   223.36,   599.38
  103.50,   223.48,   724.52
  105.82,   223.79,   849.23
  103.61,   347.90,   599.24
  106.20,   348.06,   724.33
  108.60,   348.39,   849.05
  224.81,    96.04,   597.17
  227.37,    96.31,   722.02
  229.78,    96.62,   846.67
  226.50,   221.63,   597.05
  229.10,   221.67,   722.16
  231.42,   221.63,   846.67
  228.43,   346.03,   596.72
  231.18,   345.80,   721.87
  233.56,   345.88,   846.78
  349.64,    93.97,   594.75
  352.19,    94.23,   719.99
  354.63,    94.47,   845.01
  351.80,   219.22,   594.48
  354.37,   219.32,   720.29
  356.65,   219.37,   845.61
  353.57,   344.04,   594.29
  355.80,   343.80,   719.81
  357.92,   343.81,   845.07
  101.20,   226.92,    98.63
  104.13,   230.07,   223.49
  107.03,   233.53,   348.39
  101.44,   352.00,    95.34
  104.16,   355.26,   220.33
  106.63,   358.46,   345.16
  101.36,   476.87,    92.10
  104.13,   480.31,   217.14
  106.42,   483.40,   341.85
  226.62,   227.08,    96.01
  229.40,   230.10,   220.86
  231.90,   233.56,   345.45
  226.49,   351.86,    92.41
  229.28,   355.08,   217.38
  231.62,   358.54,   342.12
  226.28,   476.68,    88.98
  229.06,   480.07,   214.11
  231.40,   483.52,   338.84
  351.32,   227.11,    93.37
  354.07,   230.20,   218.48
  356.78,   233.49,   342.64
  350.97,   351.70,    89.79
  353.82,   354.85,   214.76
  356.71,   358.44,   339.23
  350.73,   476.66,    86.31
  353.64,   479.90,   211.11
  356.62,   483.43,   335.88
  101.60,   223.42,   225.59
  104.60,   225.88,   350.52
  107.45,   228.35,   475.54
   99.79,   348.60,   223.49
  102.39,   350.81,   348.33
  105.19,   353.01,   473.24
   97.94,   473.68,   221.32
  100.36,   475.74,   346.06
  103.12,   477.77,   470.87
  226.84,   225.27,   222.84
  229.45,   227.75,   347.46
  232.15,   230.37,   472.35
  224.92,   350.29,   220.41
  227.34,   352.74,   345.18
  230.02,   355.09,   470.04
  222.89,   475.29,   218.18
  225.29,   477.72,   342.94
  228.01,   479.82,   467.72
  351.52,   227.22,   220.34
  354.30,   229.50,   344.53
  357.26,   231.90,   469.03
  349.46,   351.89,   217.66
  352.42,   354.47,   342.15
  355.36,   356.93,   466.86
  347.48,   476.93,   215.07
  350.51,   479.47,   339.86
  353.44,   481.85,   464.78
   98.86,   225.96,   347.99
  102.11,   226.76,   473.00
  105.23,   227.53,   598.05
  101.03,   350.91,   347.34
  104.21,   351.46,   472.27
  107.70,   352.04,   597.32
  103.36,   475.86,   346.62
  106.49,   476.22,   471.44
  110.21,   476.81,   596.55
  223.70,   223.49,   344.60
  226.77,   224.45,   469.52
  230.08,   225.26,   594.71
  225.96,   348.49,   343.86
  229.02,   349.20,   468.74
  232.50,   349.65,   593.81
  228.30,   473.48,   343.16
  231.39,   473.93,   467.97
  235.02,   474.21,   593.05
  348.52,   220.91,   341.36
  351.83,   221.64,   465.86
  355.35,   222.33,   591.14
  351.01,   345.88,   340.52
  354.33,   346.68,   465.21
  357.62,   347.16,   590.39
  353.49,   470.88,   339.76
  356.80,   471.62,   464.69
  359.89,   472.08,   589.84
  102.02,   224.05,   473.40
  105.55,   222.98,   598.43
  108.84,   221.80,   723.51
   99.85,   348.73,   474.63
  103.74,   347.49,   599.68
  107.75,   346.34,   724.72
   97.86,   473.51,   475.78
  101.97,   472.29,   600.90
  106.27,   471.16,   726.17
  226.66,   226.08,   469.50
  230.40,   225.04,   594.67
  234.44,   223.76,   719.77
  224.61,   350.83,   470.69
  228.53,   349.43,   595.75
  232.70,   347.89,   720.87
  222.67,   475.55,   471.89
  226.77,   473.98,   596.96
  231.08,   472.46,   722.17
  351.73,   227.62,   465.42
  355.66,   226.46,   590.68
  359.64,   225.23,   716.46
  349.92,   352.67,   466.75
  353.63,   351.29,   591.91
  357.26,   349.73,   717.38
  348.08,   477.59,   468.19
  351.61,   476.19,   593.32
  354.99,   474.60,   718.45
  100.25,   225.75,   599.50
  101.15,   228.35,   724.64
  102.52,   231.17,   849.34
  103.83,   350.24,   596.87
  105.47,   352.89,   721.95
  106.90,   355.70,   846.69
  107.44,   474.97,   594.16
  109.37,   477.64,   719.47
  110.78,   480.21,   844.55
  225.09,   222.40,   598.24
  226.70,   224.92,   723.31
  228.03,   227.37,   847.81
  228.63,   346.74,   595.40
  230.41,   348.98,   720.54
  231.84,   351.54,   845.44
  232.26,   471.23,   592.70
  234.16,   473.50,   717.94
  235.53,   476.12,   843.09
  350.37,   218.36,   596.73
  351.96,   220.94,   722.51
  353.24,   223.47,   847.77
  353.76,   343.11,   594.02
  355.00,   345.35,   719.53
  356.14,   347.84,   844.75
  357.15,   467.96,   591.52
  358.11,   470.16,   716.69
  359.21,   472.60,   841.56
  101.07,   348.95,    98.38
   99.83,   351.31,   223.42
   98.42,   353.62,   348.29
  100.39,   473.85,    96.02
   99.18,   476.39,   221.09
   97.59,   478.56,   345.85
   99.55,   598.76,    93.76
   98.42,   601.21,   218.78
   97.01,   603.51,   343.36
  226.18,   349.50,    99.37
  224.98,   351.87,   224.37
  223.38,   354.43,   349.17
  225.36,   474.34,    96.84
  224.15,   476.88,   221.99
  222.54,   479.42,   346.77
  224.53,   599.46,    94.55
  223.33,   602.00,   219.85
  221.80,   604.31,   344.39
  350.64,   350.02,   100.70
  349.59,   352.35,   225.64
  348.52,   355.06,   350.16
  349.80,   474.99,    98.05
  348.81,   477.41,   222.90
  347.82,   480.06,   347.71
  349.09,   600.22,    95.71
  348.08,   602.83,   220.62
  347.07,   605.10,   345.36
   99.40,   348.13,   226.31
   99.16,   344.75,   351.17
   99.14,   341.39,   476.10
   98.70,   473.18,   229.68
   98.26,   469.65,   354.42
   98.20,   466.12,   479.28
   97.91,   597.99,   233.03
   97.61,   594.59,   357.60
   97.58,   591.18,   482.41
  224.57,   348.71,   226.16
  224.12,   345.58,   350.94
  223.95,   342.38,   475.84
  223.69,   473.72,   229.47
  223.21,   470.54,   354.22
  223.09,   467.03,   479.05
  222.81,   598.80,   233.00
  222.42,   595.41,   357.51
  222.38,   591.95,   482.25
  349.19,   349.21,   226.33
  349.26,   346.22,   350.83
  349.31,   343.08,   475.55
  348.38,   474.25,   229.28
  348.52,   471.20,   354.07
  348.54,   467.98,   479.01
  347.61,   599.63,   232.67
  347.74,   596.20,   357.41
  347.75,   592.80,   482.43
  100.99,   348.13,   348.81
  100.50,   345.57,   473.76
  100.28,   343.06,   598.85
  100.79,   473.07,   351.25
  100.27,   470.34,   476.11
  100.27,   467.86,   601.28
  100.84,   598.02,   353.62
  100.34,   595.42,   478.43
  100.22,   593.01,   603.69
  225.97,   348.25,   349.01
  225.33,   345.86,   473.93
  225.13,   343.21,   599.04
  225.76,   473.24,   351.48
  225.17,   470.55,   476.32
  225.17,   467.71,   601.44
  225.66,   598.13,   353.96
  225.17,   595.49,   478.72
  225.04,   592.96,   604.03
  351.10,   348.19,   349.33
  350.71,   345.86,   474.08
  350.30,   343.22,   599.30
  351.06,   473.19,   351.77
  350.64,   470.79,   476.73
  350.04,   468.09,   601.90
  350.98,   598.23,   354.29
  350.54,   595.63,   479.33
  349.92,   593.15,   604.59
   99.60,   351.07,   473.98
  102.48,   353.84,   599.04
  105.51,   356.71,   724.10
   99.62,   475.85,   471.04
  102.71,   478.65,   596.16
  105.99,   481.55,   721.44
   99.96,   600.93,   468.07
  102.89,   603.81,   593.25
  105.92,   606.65,   718.72
  224.40,   351.05,   471.06
  227.31,   353.66,   596.12
  230.48,   356.12,   721.22
  224.50,   475.77,   468.16
  227.55,   478.23,   593.23
  230.84,   480.75,   718.46
  224.74,   600.70,   465.26
  227.67,   603.49,   590.50
  230.77,   606.33,   715.95
  349.76,   350.77,   468.13
  352.43,   353.42,   593.29
  355.03,   355.87,   718.74
  349.94,   475.69,   465.47
  352.45,   478.32,   590.61
  354.80,   480.77,   715.74
  350.10,   600.53,   462.75
  352.62,   603.34,   587.99
  355.03,   606.21,   713.09
  101.28,   350.09,   598.41
   98.48,   346.65,   723.46
   95.47,   343.41,   848.15
   99.33,   474.87,   601.86
   96.78,   471.49,   727.13
   93.67,   467.97,   852.02
   97.32,   599.99,   605.29
   94.56,   596.46,   730.72
   91.53,   592.63,   855.70
  226.10,   352.08,   601.30
  223.52,   348.25,   726.37
  220.54,   344.77,   851.16
  224.18,   476.59,   604.73
  221.76,   472.77,   729.92
  218.71,   469.34,   855.00
  222.08,   601.84,   608.36
  219.51,   598.28,   733.76
  216.67,   594.77,   858.88
  351.18,   354.00,   604.31
  348.07,   350.12,   729.74
  344.89,   346.55,   854.84
  348.95,   478.85,   607.92
  345.62,   474.91,   733.00
  342.46,   471.31,   857.83
  346.90,   603.89,   611.62
  343.62,   600.36,   736.65
  340.62,   596.79,   861.42
   99.45,   476.96,    99.74
   96.21,   473.58,   224.73
   92.65,   469.84,   349.42
   98.99,   601.86,   103.41
   95.81,   598.39,   228.28
   92.40,   594.78,   352.81
   98.59,   727.09,   106.85
   95.45,   723.10,   231.74
   92.28,   719.65,   356.28
  224.41,   476.97,   102.58
  221.16,   473.64,   227.65
  217.52,   470.25,   352.38
  223.95,   602.09,   106.26
  220.68,   598.71,   231.40
  217.13,   595.11,   355.86
  223.43,   727.24,   110.12
  220.21,   723.79,   235.12
  216.89,   719.92,   359.37
  348.80,   477.14,   105.79
  345.81,   473.68,   230.60
  342.79,   470.43,   355.35
  348.45,   602.40,   109.37
  345.44,   599.06,   234.19
  342.40,   595.41,   358.89
  348.17,   727.66,   113.34
  345.03,   724.30,   238.19
  341.95,   720.35,   362.47
   99.73,   474.15,   226.64
  100.12,   471.14,   351.40
  100.89,   468.12,   476.25
   96.91,   598.94,   229.50
   97.47,   596.06,   354.08
   98.28,   593.16,   478.89
   94.14,   723.64,   232.25
   94.97,   720.91,   356.85
   95.81,   718.34,   481.69
  224.67,   476.70,   225.62
  225.06,   474.05,   350.39
  225.77,   471.07,   475.21
  221.79,   601.78,   228.68
  222.25,   598.90,   353.19
  223.05,   595.97,   477.92
  218.92,   726.84,   231.71
  219.60,   723.71,   356.01
  220.40,   720.93,   480.74
  349.31,   479.27,   224.62
  350.32,   476.74,   349.43
  351.20,   474.03,   474.38
  346.54,   604.66,   227.54
  347.52,   601.73,   352.27
  348.39,   598.83,   477.29
  343.73,   729.88,   230.87
  344.65,   726.67,   355.19
  345.57,   723.62,   480.07
  101.18,   474.85,   348.97
   97.89,   476.85,   473.79
   95.12,   479.14,   598.94
   98.58,   599.78,   346.55
   95.34,   601.93,   471.31
   92.41,   604.26,   596.53
   96.10,   724.60,   344.21
   92.92,   727.09,   469.01
   89.73,   729.43,   594.15
  226.07,   477.75,   351.91
  222.71,   479.79,   476.72
  219.96,   481.69,   601.81
  223.32,   602.62,   349.61
  220.04,   604.71,   474.30
  217.13,   606.97,   599.58
  220.71,   727.45,   347.34
  217.44,   729.67,   472.00
  214.30,   732.40,   597.40
  351.31,   480.45,   354.91
  348.10,   482.76,   479.85
  344.73,   484.79,   605.00
  348.54,   605.45,   352.64
  345.33,   607.56,   477.62
  341.98,   609.85,   602.87
  345.70,   730.41,   350.45
  342.55,   732.37,   475.27
  339.39,   734.96,   600.69
   98.80,   472.82,   473.29
  101.53,   471.35,   598.44
  104.44,   469.98,   723.74
   96.85,   597.91,   474.64
   99.43,   596.50,   599.88
  102.11,   595.05,   725.37
   95.04,   723.11,   476.16
   97.33,   721.74,   601.37
   99.71,   720.31,   726.89
  223.65,   475.13,   470.78
  226.37,   473.31,   595.88
  229.31,   471.53,   721.12
  221.59,   600.06,   472.20
  224.20,   598.56,   597.50
  226.98,   597.07,   722.96
  219.61,   725.04,   473.73
  221.98,   724.00,   599.17
  224.67,   723.03,   724.76
  349.09,   477.44,   468.47
  351.24,   475.78,   593.63
  353.25,   473.93,   718.80
  346.94,   602.27,   470.08
  349.09,   600.81,   595.35
  351.15,   599.36,   720.46
  344.76,   727.10,   471.57
  347.10,   725.90,   597.01
  349.52,   725.09,   722.43
  100.54,   475.38,   600.85
  104.53,   474.84,   726.13
  107.99,   474.19,   851.13
  103.00,   600.53,   601.33
  106.77,   599.91,   726.81
  110.36,   599.06,   851.96
  105.44,   725.82,   601.88
  108.93,   725.29,   727.42
  112.34,   724.68,   852.69
  225.34,   472.73,   597.17
  229.36,   471.80,   722.39
  232.78,   471.23,   847.51
  227.74,   597.99,   597.84
  231.58,   597.35,   723.27
  235.21,   596.77,   848.42
  230.11,   723.42,   598.56
  233.87,   723.31,   724.13
  237.95,   722.96,   849.23
  350.17,   470.62,   593.79
  353.27,   469.60,   718.94
  356.48,   468.84,   843.81
  352.60,   595.66,   594.56
  355.72,   595.03,   719.64
  359.06,   594.37,   844.42
  355.21,   720.72,   595.28
  358.67,   720.72,   720.65
  362.31,   720.24,   845.75
  102.08,   601.64,   101.75
  101.87,   599.67,   226.74
  101.38,   597.58,   351.33
  105.36,   726.87,   103.71
  105.17,   724.39,   228.73
  104.92,   722.41,   353.30
  108.79,   851.95,   105.32
  108.43,   849.38,   230.17
  108.42,   847.38,   355.38
  227.01,   598.26,   101.55
  226.73,   596.40,   226.79
  226.17,   594.32,   351.34
  230.18,   723.40,   103.90
  229.93,   721.51,   229.05
  229.59,   719.14,   353.37
  233.39,   848.24,   105.78
  233.16,   846.43,   230.85
  233.07,   844.10,   355.49
  351.51,   594.95,   101.67
  351.47,   593.13,   226.55
  351.43,   591.04,   351.34
  354.92,   720.18,   104.08
  354.75,   718.40,   229.07
  354.66,   716.00,   353.45
  358.25,   845.17,   106.33
  358.07,   843.23,   231.26
  357.82,   840.79,   355.51
  100.54,   599.67,   223.57
  103.14,   599.43,   348.14
  105.98,   599.16,   472.90
  103.58,   724.42,   223.63
  106.43,   724.27,   348.19
  109.32,   724.32,   472.97
  106.58,   849.43,   223.14
  109.67,   849.26,   348.32
  112.57,   849.45,   473.47
  225.39,   596.65,   220.57
  227.92,   596.43,   345.12
  230.77,   596.12,   469.83
  228.33,   721.80,   220.93
  231.08,   721.29,   345.24
  233.95,   721.06,   469.91
  231.28,   846.74,   220.78
  234.29,   846.27,   345.42
  237.18,   846.16,   470.35
  350.06,   593.65,   217.29
  353.14,   593.41,   342.05
  356.10,   593.15,   467.05
  353.09,   718.95,   217.91
  356.10,   718.43,   342.27
  359.10,   717.96,   467.11
  356.18,   843.82,   218.20
  359.02,   843.23,   342.42
  362.07,   842.87,   467.19
  101.46,   598.31,   349.66
   99.16,   598.72,   474.46
   97.21,   599.32,   599.72
   98.38,   723.16,   349.06
   96.13,   723.90,   473.89
   93.90,   724.52,   599.10
   95.18,   848.12,   348.55
   92.95,   849.00,   473.69
   90.57,   849.79,   598.62
  226.23,   601.72,   351.79
  223.91,   602.09,   476.53
  221.96,   602.60,   601.86
  223.00,   726.56,   351.26
  220.69,   727.06,   475.97
  218.51,   728.04,   601.43
  219.85,   851.55,   350.80
  217.55,   852.19,   475.84
  215.33,   853.44,   601.27
  351.47,   605.12,   353.91
  349.22,   605.51,   478.94
  346.80,   606.06,   604.23
  348.01,   730.08,   353.45
  345.81,   730.32,   478.34
  343.60,   731.17,   603.80
  344.52,   854.86,   352.94
  342.39,   855.27,   477.82
  340.39,   856.21,   603.41
   98.41,   598.00,   473.93
   95.37,   599.13,   599.16
   92.36,   600.20,   724.62
   98.70,   723.21,   472.88
   95.40,   724.38,   598.07
   92.13,   725.40,   723.55
   98.88,   848.36,   472.22
   95.41,   849.72,   597.16
   91.99,   850.93,   722.51
  223.17,   598.03,   477.11
  220.14,   599.05,   602.40
  217.33,   600.11,   727.86
  223.30,   723.03,   476.07
  220.04,   724.53,   601.50
  217.10,   726.08,   727.08
  223.50,   848.19,   475.44
  220.20,   849.97,   600.86
  217.01,   851.77,   726.21
  348.50,   598.13,   480.62
  344.99,   599.18,   605.86
  341.48,   600.24,   730.96
  348.46,   722.97,   479.55
  345.14,   724.34,   604.98
  341.95,   726.06,   730.38
  348.39,   847.96,   478.54
  345.30,   849.42,   604.11
  342.18,   851.17,   729.84
  101.29,   601.28,   599.51
  101.05,   598.03,   725.00
  100.59,   594.52,   850.12
   98.23,   726.48,   602.76
   97.69,   723.22,   728.26
   96.96,   719.85,   853.54
   95.16,   851.75,   606.14
   94.46,   848.67,   731.56
   93.34,   845.31,   857.19
  226.07,   604.27,   600.13
  225.94,   601.00,   725.58
  225.60,   597.76,   850.75
  222.90,   729.69,   603.56
  222.68,   726.92,   729.13
  222.76,   723.90,   854.18
  219.98,   855.07,   607.24
  219.51,   852.53,   732.56
  219.20,   849.10,   857.36
  350.95,   607.44,   600.96
  350.12,   604.21,   726.05
  349.53,   600.92,   850.86
  348.02,   732.51,   604.38
  347.54,   729.92,   729.79
  347.27,   726.74,   854.85
  345.08,   857.52,   607.84
  344.68,   854.92,   733.55
  344.41,   851.75,   858.45
  223.24,   101.82,    98.34
  223.33,    98.79,   223.30
  223.28,    95.96,   348.24
  222.76,   226.91,   101.30
  222.72,   223.77,   226.17
  222.47,   221.10,   350.83
  222.01,   351.70,   103.88
  221.93,   348.80,   228.87
  221.48,   346.08,   353.67
  348.27,   102.81,    98.47
  348.21,    99.89,   223.48
  348.08,    96.87,   348.10
  347.49,   227.68,   101.54
  347.46,   224.62,   226.58
  347.36,   221.75,   350.79
  346.47,   352.24,   104.10
  346.56,   349.32,   229.03
  346.63,   346.74,   353.53
  473.18,   103.56,    98.42
  472.98,   100.83,   223.35
  473.01,    97.80,   347.90
  472.14,   228.40,   101.45
  472.14,   225.43,   226.58
  472.35,   222.48,   350.79
  471.21,   353.09,   104.10
  471.34,   350.12,   229.10
  471.74,   347.41,   353.64
  223.53,   101.63,   226.32
  224.37,   104.28,   351.24
  225.18,   106.91,   476.19
  222.16,   226.61,   223.74
  222.80,   229.40,   348.40
  223.52,   232.31,   473.35
  220.64,   351.63,   220.99
  221.07,   354.37,   345.80
  221.77,   357.01,   470.70
  348.40,   103.45,   225.58
  349.16,   105.89,   350.16
  350.08,   108.34,   474.88
  346.89,   228.18,   223.21
  347.69,   230.78,   347.43
  348.66,   233.50,   471.99
  345.23,   352.87,   220.21
  346.19,   355.76,   344.73
  347.14,   358.51,   469.48
  473.15,   105.13,   224.51
  474.08,   107.54,   349.04
  475.17,   109.94,   473.76
  471.55,   229.73,   222.27
  472.67,   232.24,   346.49
  473.88,   234.77,   470.99
  469.98,   354.42,   219.34
  471.28,   357.18,   343.89
  472.44,   359.90,   468.64
  224.54,    98.41,   349.50
  222.71,    97.99,   474.49
  221.14,    97.61,   599.41
  226.76,   223.56,   349.70
  224.82,   223.44,   474.67
  223.13,   223.18,   599.91
  228.82,   348.56,   350.13
  226.88,   348.19,   475.06
  225.37,   347.55,   600.18
  349.31,    96.28,   351.11
  347.55,    95.67,   475.91
  345.99,    95.23,   601.00
  351.62,   221.18,   351.40
  349.94,   220.84,   476.00
  348.44,   220.48,   601.38
  353.93,   346.17,   351.76
  352.22,   345.88,   476.52
  350.49,   345.26,   601.77
  474.22,    94.18,   352.64
  472.59,    93.57,   477.48
  470.98,    93.07,   602.68
  476.59,   218.87,   353.13
  475.13,   218.34,   477.67
  473.65,   217.90,   603.01
  479.01,   343.81,   353.61
  477.49,   343.47,   478.36
  475.64,   342.97,   603.57
  224.95,   101.18,   476.79
  221.92,   103.86,   601.67
  219.03,   106.65,   726.48
  221.36,   226.57,   473.84
  218.20,   229.34,   599.02
  215.29,   231.85,   724.03
  217.69,   351.24,   471.09
  214.75,   353.63,   596.14
  212.11,   355.90,   721.21
  349.75,   104.63,   479.55
  346.79,   107.27,   604.65
  343.96,   110.09,   729.98
  346.42,   229.76,   476.54
  343.45,   232.42,   601.87
  340.54,   234.96,   727.56
  342.98,   354.73,   473.92
  339.79,   357.12,   599.10
  336.60,   359.33,   724.50
  474.77,   108.23,   482.49
  471.80,   110.79,   607.69
  468.77,   113.46,   733.26
  471.58,   233.02,   479.60
  468.62,   235.61,   604.88
  465.46,   238.26,   730.79
  468.21,   358.12,   477.15
  464.86,   360.64,   602.30
  461.24,   363.02,   727.69
  223.44,   100.66,   600.73
  226.37,   101.41,   725.57
  229.12,   102.20,   850.18
  221.21,   226.22,   600.22
  224.15,   226.71,   725.29
  226.81,   227.16,   849.77
  219.24,   350.58,   599.49
  222.38,   350.83,   724.61
  225.11,   351.42,   849.49
  348.32,   102.50,   597.94
  351.26,   103.27,   723.27
  354.03,   103.97,   848.30
  346.50,   227.73,   597.30
  349.41,   228.27,   723.07
  352.03,   228.78,   848.33
  344.33,   352.51,   596.69
  346.93,   352.73,   722.17
  349.41,   353.22,   847.37
  473.35,   104.50,   595.22
  476.10,   105.12,   720.74
  478.60,   105.72,   846.08
  471.70,   229.36,   594.53
  474.40,   230.00,   720.44
  476.72,   230.68,   846.22
  469.48,   354.46,   594.12
  471.71,   354.86,   719.57
  474.03,   355.38,   844.81
  224.01,   225.71,   101.49
  222.74,   228.52,   226.34
  221.24,   231.78,   350.99
  221.64,   350.49,    98.10
  220.36,   353.52,   223.08
  218.66,   356.73,   347.89
  219.17,   475.30,    94.89
  217.89,   478.51,   220.05
  216.15,   481.69,   344.81
  348.71,   228.11,   102.89
  347.44,   230.98,   227.89
  346.12,   234.07,   352.09
  346.09,   352.67,    99.46
  344.94,   355.65,   224.39
  343.78,   359.02,   348.90
  343.60,   477.61,    96.14
  342.51,   480.69,   220.99
  341.40,   483.99,   345.79
  473.33,   230.47,   103.96
  472.10,   233.41,   229.05
  471.11,   236.41,   353.25
  470.81,   355.14,   100.62
  469.69,   358.10,   225.61
  468.87,   361.34,   350.16
  468.36,   480.08,    97.39
  467.33,   483.17,   222.14
  466.57,   486.42,   347.05
  226.64,   225.49,   223.63
  224.51,   224.76,   348.29
  222.48,   224.16,   473.26
  225.97,   350.53,   224.35
  223.65,   349.77,   349.16
  221.60,   348.92,   474.09
  225.19,   475.58,   225.28
  222.86,   474.78,   350.07
  220.85,   473.64,   474.92
  351.34,   226.20,   225.88
  349.39,   225.28,   350.10
  347.60,   224.48,   474.69
  350.56,   350.92,   226.36
  348.78,   350.30,   350.89
  346.96,   349.52,   475.65
  349.85,   476.00,   226.94
  348.14,   475.32,   351.76
  346.30,   474.46,   476.73
  476.02,   226.88,   227.71
  474.38,   225.87,   351.94
  472.82,   224.87,   476.47
  475.34,   351.61,   228.28
  473.88,   350.85,   352.84
  472.26,   350.03,   477.60
  474.73,   476.72,   228.81
  473.32,   475.98,   353.75
  471.58,   475.16,   478.84
  226.50,   225.56,   348.94
  226.14,   225.41,   473.92
  226.02,   225.11,   599.17
  223.03,   350.54,   349.38
  222.66,   350.12,   474.32
  222.74,   349.46,   599.45
  219.62,   475.51,   349.86
  219.29,   474.80,   474.72
  219.57,   473.97,   599.85
  351.35,   228.71,   349.09
  351.24,   228.34,   473.69
  351.32,   227.93,   599.06
  348.13,   353.68,   349.44
  347.99,   353.35,   474.22
  347.84,   352.69,   599.47
  344.87,   478.67,   349.88
  344.71,   478.25,   474.86
  344.39,   477.55,   600.06
  476.32,   231.92,   349.28
  476.44,   231.37,   473.82
  476.51,   230.89,   599.14
  473.20,   356.85,   349.74
  473.26,   356.50,   474.52
  472.96,   355.96,   599.73
  470.03,   481.95,   350.19
  469.97,   481.58,   475.30
  469.42,   481.05,   600.45
  224.08,   224.35,   473.01
  221.55,   222.29,   598.22
  219.28,   220.00,   723.26
  220.30,   349.04,   475.12
  217.98,   346.62,   600.21
  215.93,   344.08,   725.30
  216.64,   473.69,   477.22
  214.53,   471.08,   602.31
  212.69,   468.56,   727.54
  349.15,   227.54,   475.23
  346.81,   225.36,   600.57
  344.55,   223.11,   726.32
  345.59,   352.52,   477.47
  343.04,   350.08,   602.68
  340.49,   347.48,   728.14
  342.01,   477.38,   479.81
  339.31,   474.89,   604.96
  336.56,   472.23,   730.11
  474.31,   230.81,   477.80
  471.99,   228.56,   603.09
  469.49,   226.39,   729.03
  470.83,   355.92,   480.21
  468.12,   353.59,   605.38
  465.18,   351.15,   730.83
  467.24,   480.97,   482.70
  464.26,   478.65,   607.79
  461.04,   476.15,   732.66
  224.91,   227.17,   600.23
  225.09,   223.71,   725.28
  224.97,   220.20,   849.73
  224.89,   351.49,   603.43
  225.26,   347.79,   728.54
  225.20,   344.45,   853.37
  224.99,   476.01,   606.77
  225.50,   472.33,   732.00
  225.34,   469.04,   857.11
  350.25,   226.73,   600.08
  350.41,   223.33,   725.86
  350.28,   219.89,   851.05
  350.03,   351.48,   603.42
  349.86,   347.74,   728.91
  349.61,   344.31,   854.07
  349.81,   476.35,   606.95
  349.40,   472.55,   732.08
  349.16,   469.08,   856.93
  475.49,   226.43,   600.12
  475.44,   223.12,   726.03
  475.00,   219.83,   851.77
  475.19,   351.49,   603.64
  474.69,   347.92,   729.09
  474.30,   344.52,   854.35
  474.89,   476.58,   607.28
  474.10,   472.95,   732.13
  473.71,   469.38,   856.61
  226.82,   350.66,   100.47
  223.74,   353.01,   225.43
  220.25,   355.54,   350.21
  228.57,   475.50,    98.02
  225.48,   478.02,   223.13
  221.98,   480.52,   347.88
  230.30,   600.61,    95.81
  227.23,   603.13,   221.07
  223.81,   605.40,   345.58
  351.25,   348.65,   103.75
  348.31,   350.96,   228.63
  345.35,   353.64,   353.11
  352.96,   473.60,   101.16
  350.10,   476.00,   225.98
  347.22,   478.62,   350.76
  354.82,   598.84,    98.91
  351.94,   601.41,   223.76
  349.05,   603.65,   348.49
  475.95,   346.93,   106.80
  473.06,   349.22,   231.75
  470.43,   351.75,   356.26
  477.73,   471.89,   104.28
  474.94,   474.29,   229.04
  472.37,   476.85,   353.94
  479.64,   597.11,   102.07
  476.82,   599.66,   226.68
  474.17,   602.02,   351.60
  225.91,   348.05,   224.08
  224.86,   346.03,   348.89
  224.08,   343.94,   473.81
  226.71,   473.07,   226.27
  225.65,   471.02,   351.06
  224.92,   468.64,   475.90
  227.54,   598.19,   228.70
  226.56,   595.92,   353.24
  225.91,   593.58,   478.00
  350.51,   346.85,   224.83
  349.99,   344.97,   349.34
  349.44,   342.94,   474.08
  351.39,   471.90,   226.65
  350.95,   469.97,   351.47
  350.38,   467.87,   476.43
  352.32,   597.31,   228.92
  351.87,   595.01,   353.70
  351.29,   592.72,   478.74
  475.29,   345.95,   225.47
  475.09,   343.93,   350.01
  474.74,   341.85,   474.74
  476.26,   471.03,   227.25
  476.13,   469.04,   352.18
  475.67,   466.98,   477.25
  477.25,   596.41,   229.37
  477.03,   594.22,   354.35
  476.53,   591.94,   479.60
  224.47,   349.61,   351.14
  226.77,   347.42,   476.03
  229.49,   344.99,   601.12
  221.74,   474.57,   353.45
  224.09,   472.09,   478.26
  227.01,   469.48,   603.36
  219.12,   599.43,   355.76
  221.55,   597.01,   480.49
  224.36,   594.71,   605.79
  349.56,   352.12,   348.58
  352.09,   350.01,   473.31
  354.60,   347.58,   598.51
  346.99,   477.10,   350.85
  349.49,   474.91,   475.80
  351.82,   472.44,   600.95
  344.38,   602.11,   353.22
  346.87,   599.72,   478.22
  349.19,   597.47,   603.47
  474.61,   354.65,   346.27
  477.34,   352.51,   471.00
  479.73,   350.19,   596.14
  472.13,   479.75,   348.55
  474.74,   477.60,   473.62
  476.87,   475.29,   598.71
  469.50,   604.91,   350.84
  472.07,   602.51,   476.07
  474.28,   600.23,   601.24
  223.13,   350.53,   472.79
  226.58,   351.25,   597.86
  230.28,   351.84,   722.98
  224.14,   475.26,   471.76
  227.75,   475.83,   596.84
  231.56,   476.45,   722.08
  225.30,   600.22,   470.72
  228.78,   601.11,   596.00
  232.42,   602.04,   721.45
  348.47,   349.37,   469.32
  351.69,   350.12,   594.50
  354.84,   350.69,   719.99
  349.57,   474.31,   468.53
  352.61,   475.04,   593.69
  355.49,   475.59,   718.83
  350.65,   599.17,   467.69
  353.68,   600.09,   592.95
  356.62,   601.05,   718.04
  473.72,   348.11,   466.23
  476.84,   348.98,   591.38
  479.67,   349.75,   716.81
  474.82,   473.24,   465.59
  477.69,   474.12,   590.70
  480.26,   474.85,   715.60
  475.85,   598.22,   464.78
  478.80,   599.10,   589.97
  481.56,   600.08,   714.73
  223.74,   350.08,   599.06
  220.55,   350.73,   724.15
  216.99,   351.74,   848.98
  223.22,   474.65,   597.99
  220.20,   475.33,   723.22
  216.60,   476.38,   848.36
  222.55,   599.94,   597.10
  219.35,   600.91,   722.56
  215.96,   601.93,   847.76
  348.83,   350.68,   602.61
  345.10,   351.29,   728.06
  341.28,   352.20,   853.17
  348.05,   475.59,   601.73
  344.10,   476.15,   726.86
  340.31,   477.03,   851.73
  347.42,   600.67,   600.95
  343.52,   601.66,   726.04
  339.90,   602.63,   850.89
  473.93,   351.30,   606.39
  469.83,   352.09,   731.83
  465.86,   353.03,   857.01
  473.05,   476.44,   605.64
  468.68,   477.17,   730.49
  464.70,   477.95,   854.94
  472.48,   601.43,   604.86
  468.30,   602.47,   729.57
  464.34,   603.28,   854.03
  227.28,   475.27,   101.69
  223.64,   476.47,   226.80
  219.60,   477.63,   351.55
  228.50,   600.42,   100.84
  224.86,   601.60,   226.06
  220.92,   602.53,   350.56
  229.69,   725.60,   100.17
  226.09,   726.75,   225.32
  222.38,   727.41,   349.61
  351.65,   473.86,   105.32
  348.26,   474.94,   230.15
  344.85,   476.23,   354.93
  353.00,   599.14,   104.40
  349.59,   600.36,   229.25
  346.16,   601.26,   353.99
  354.43,   724.42,   103.83
  350.88,   725.66,   228.80
  347.40,   726.27,   353.11
  476.40,   472.63,   108.94
  473.10,   473.71,   233.72
  470.00,   474.94,   358.62
  477.80,   597.90,   108.05
  474.47,   599.10,   232.67
  471.29,   600.12,   357.61
  479.27,   723.37,   107.42
  475.81,   724.42,   232.03
  472.45,   725.18,   356.59
  226.90,   474.61,   223.48
  228.87,   474.09,   348.26
  231.16,   473.23,   473.09
  228.40,   599.76,   224.37
  230.45,   599.00,   348.91
  232.82,   598.17,   473.65
  229.89,   724.92,   225.28
  232.16,   723.88,   349.59
  234.54,   723.14,   474.30
  351.52,   472.78,   220.85
  354.12,   472.38,   345.67
  356.60,   471.80,   470.62
  353.13,   598.22,   221.58
  355.72,   597.45,   346.34
  358.18,   596.66,   471.37
  354.71,   723.53,   222.76
  357.22,   722.47,   347.12
  359.73,   721.49,   471.99
  476.35,   471.26,   218.43
  479.24,   470.79,   343.36
  481.84,   470.25,   468.43
  478.01,   596.66,   219.01
  480.82,   596.00,   343.96
  483.38,   595.23,   469.21
  479.65,   722.01,   220.02
  482.27,   721.11,   344.58
  484.88,   720.07,   469.71
  226.43,   474.09,   350.67
  227.58,   471.08,   475.49
  229.28,   467.92,   600.59
  229.22,   598.94,   353.44
  230.45,   595.98,   478.19
  232.04,   593.12,   603.49
  232.14,   723.76,   356.25
  233.37,   720.92,   480.99
  234.74,   718.55,   606.45
  351.69,   471.20,   349.16
  353.01,   468.48,   474.10
  354.13,   465.47,   599.26
  354.49,   596.21,   351.98
  355.80,   593.29,   477.01
  356.89,   590.48,   602.26
  357.20,   721.16,   354.88
  358.56,   718.07,   479.78
  359.86,   715.53,   605.21
  476.83,   468.43,   347.95
  478.26,   465.74,   473.00
  479.21,   462.89,   598.09
  479.61,   593.58,   350.71
  481.00,   590.67,   475.95
  482.00,   587.84,   601.10
  482.26,   718.62,   353.46
  483.71,   715.44,   478.62
  485.08,   712.61,   603.99
  224.79,   474.24,   473.56
  223.18,   474.02,   598.68
  221.82,   473.86,   723.94
  221.25,   599.16,   473.28
  219.52,   599.26,   598.59
  218.00,   599.39,   724.08
  217.79,   724.11,   473.10
  215.82,   724.69,   598.55
  214.17,   725.30,   724.16
  350.19,   478.01,   475.57
  347.98,   477.93,   600.75
  345.70,   477.67,   725.91
  346.56,   602.82,   475.47
  344.36,   602.96,   600.76
  342.15,   603.12,   725.90
  342.90,   727.62,   475.26
  340.90,   728.06,   600.72
  339.01,   728.88,   726.18
  475.41,   481.67,   477.87
  472.99,   481.75,   602.98
  470.30,   481.66,   727.86
  471.74,   606.57,   477.80
  469.42,   606.68,   603.00
  466.93,   606.90,   727.76
  468.05,   731.33,   477.47
  466.12,   731.46,   602.90
  464.12,   732.10,   728.13
  226.76,   473.41,   601.61
  226.59,   472.43,   726.88
  225.81,   471.83,   852.05
  228.82,   598.68,   602.43
  228.48,   597.99,   727.91
  227.91,   597.35,   853.11
  230.85,   724.14,   603.30
  230.42,   723.97,   728.90
  230.30,   723.55,   854.00
  351.61,   471.60,   602.45
  350.51,   470.51,   727.64
  349.57,   469.74,   852.54
  353.70,   596.66,   603.37
  352.63,   595.98,   728.47
  351.84,   595.27,   853.30
  356.00,   721.77,   604.23
  355.27,   721.73,   729.64
  354.75,   721.13,   854.74
  476.68,   469.67,   603.46
  475.21,   468.76,   728.38
  474.10,   467.90,   852.91
  478.82,   594.66,   604.37
  477.51,   594.02,   729.11
  476.41,   593.17,   853.56
  481.24,   719.47,   605.18
  480.42,   719.22,   730.32
  479.46,   718.62,   855.33
  223.34,   600.86,   101.57
  221.31,   602.79,   226.82
  218.99,   604.48,   351.34
  224.49,   726.04,   100.12
  222.51,   727.93,   225.30
  220.42,   729.35,   349.61
  225.73,   850.94,    98.20
  223.71,   852.88,   223.22
  221.90,   854.38,   347.96
  347.87,   599.61,   103.50
  346.07,   601.60,   228.40
  344.26,   603.25,   353.15
  349.26,   724.85,   102.14
  347.33,   726.88,   227.17
  345.47,   728.24,   351.51
  350.55,   849.81,   100.55
  348.65,   851.72,   225.54
  346.63,   853.07,   349.81
  472.69,   598.39,   105.55
  470.98,   600.36,   230.19
  469.42,   602.14,   355.15
  474.14,   723.85,   104.15
  472.30,   725.68,   228.80
  470.55,   727.19,   353.36
  475.38,   849.01,   102.61
  473.51,   850.61,   227.17
  471.69,   852.00,   351.56
  226.90,   598.48,   224.62
  230.19,   595.85,   349.11
  233.80,   593.15,   473.79
  229.16,   723.60,   227.36
  232.67,   720.69,   351.61
  236.30,   718.09,   476.28
  231.46,   848.52,   229.60
  235.21,   845.66,   354.20
  238.85,   843.20,   479.11
  351.58,   596.22,   220.54
  355.41,   593.58,   345.26
  359.13,   590.93,   470.23
  353.94,   721.51,   223.56
  357.70,   718.57,   347.86
  361.45,   715.72,   472.69
  356.34,   846.34,   226.20
  359.93,   843.36,   350.39
  363.76,   840.63,   475.16
  476.41,   593.94,   216.70
  480.47,   591.42,   341.59
  484.28,   588.78,   466.78
  478.84,   719.26,   219.53
  482.70,   716.49,   344.05
  486.56,   713.59,   469.13
  481.15,   844.20,   222.16
  484.94,   841.30,   346.48
  488.92,   838.40,   471.42
  225.21,   601.38,   351.66
  225.80,   599.05,   476.41
  226.75,   596.84,   601.73
  228.81,   726.19,   353.85
  229.41,   723.98,   478.58
  230.15,   722.25,   604.06
  232.46,   851.15,   356.13
  233.08,   849.09,   481.15
  233.79,   847.63,   606.61
  350.46,   597.94,   350.83
  351.13,   595.65,   475.86
  351.61,   593.47,   601.13
  353.86,   722.89,   353.10
  354.57,   720.43,   478.01
  355.25,   718.53,   603.45
  357.20,   847.66,   355.31
  358.00,   845.34,   480.19
  358.91,   843.53,   605.79
  475.57,   594.61,   350.18
  476.32,   592.33,   475.43
  476.69,   590.14,   600.61
  478.90,   719.64,   352.31
  479.72,   717.10,   477.48
  480.46,   714.90,   602.87
  482.25,   844.42,   354.42
  483.20,   841.89,   479.45
  484.18,   839.66,   605.04
  226.40,   600.29,   473.47
  224.30,   602.83,   598.76
  222.41,   605.41,   724.22
  227.47,   725.25,   470.95
  225.16,   728.26,   596.37
  223.15,   731.36,   721.96
  228.61,   850.38,   468.82
  226.27,   853.62,   594.25
  224.04,   856.93,   719.61
  351.75,   599.47,   476.04
  349.20,   602.03,   601.29
  346.62,   604.62,   726.39
  352.65,   724.29,   473.49
  350.30,   727.12,   598.91
  348.05,   730.36,   724.33
  353.52,   849.23,   470.98
  351.39,   852.14,   596.53
  349.22,   855.35,   722.27
  476.97,   598.73,   478.74
  474.30,   601.25,   603.89
  471.47,   603.88,   728.61
  477.83,   723.53,   476.07
  475.55,   726.04,   601.45
  473.21,   729.06,   726.62
  478.74,   848.37,   473.35
  476.67,   850.85,   598.89
  474.51,   853.81,   724.58
  226.41,   599.35,   597.95
  225.36,   600.88,   723.43
  224.13,   602.45,   848.65
  224.79,   724.79,   596.57
  223.63,   726.83,   722.18
  222.80,   728.66,   847.32
  223.43,   850.19,   595.44
  222.04,   852.47,   720.84
  220.77,   853.92,   845.75
  351.32,   601.01,   599.60
  349.57,   602.55,   724.72
  348.09,   604.07,   849.58
  349.94,   726.10,   598.22
  348.53,   728.30,   723.66
  347.36,   729.98,   848.81
  348.55,   851.15,   596.85
  347.23,   853.34,   722.61
  346.02,   855.02,   847.68
  476.44,   602.67,   601.33
  474.46,   604.27,   726.08
  472.66,   605.65,   850.58
  475.20,   727.47,   599.87
  473.71,   729.45,   725.08
  472.09,   731.11,   850.15
  473.84,   852.30,   598.32
  472.53,   854.22,   724.04
  471.05,   856.09,   849.26
  350.79,    98.72,   100.92
  353.87,    97.46,   225.90
  356.89,    96.06,   350.52
  353.70,   223.60,   102.31
  356.81,   222.17,   227.35
  359.87,   220.92,   351.52
  356.37,   348.15,   103.17
  359.60,   346.85,   228.10
  362.87,   345.90,   352.56
  475.65,    95.79,    97.65
  478.57,    94.73,   222.54
  481.76,    93.34,   347.13
  478.31,   220.66,    98.98
  481.43,   219.32,   224.12
  484.80,   217.99,   348.34
  481.09,   345.36,    99.94
  484.34,   344.02,   224.97
  487.89,   342.90,   349.50
  600.28,    92.71,    94.21
  603.36,    91.64,   218.95
  606.79,    90.46,   343.86
  603.15,   217.70,    95.34
  606.38,   216.48,   220.14
  609.84,   215.13,   345.11
  606.31,   342.70,    96.43
  609.49,   341.40,   221.49
  612.84,   340.06,   346.50
  348.22,    99.66,   225.49
  349.89,   102.31,   350.09
  351.72,   104.97,   474.80
  346.02,   224.38,   222.96
  347.72,   227.18,   347.16
  349.60,   230.11,   471.70
  343.66,   349.04,   219.77
  345.53,   352.14,   344.27
  347.39,   355.11,   468.99
  472.95,   102.01,   223.50
  474.79,   104.64,   348.04
  476.78,   107.26,   472.75
  470.66,   226.60,   221.10
  472.68,   229.32,   345.30
  474.80,   232.06,   469.78
  468.38,   351.26,   217.97
  470.59,   354.23,   342.50
  472.66,   357.17,   467.23
  597.77,   104.04,   221.17
  599.87,   106.84,   346.06
  602.00,   109.61,   471.02
  595.64,   228.85,   218.51
  597.75,   231.54,   343.42
  599.88,   234.28,   468.39
  593.55,   353.74,   215.86
  595.60,   356.47,   340.82
  597.60,   359.25,   465.76
  349.68,    98.46,   350.61
  351.73,    95.58,   475.37
  353.97,    92.85,   600.44
  346.58,   223.32,   353.19
  348.71,   220.71,   477.77
  351.04,   218.05,   603.12
  343.47,   348.28,   355.84
  345.56,   345.69,   480.59
  347.67,   342.78,   605.82
  474.56,   101.81,   348.43
  476.77,    98.92,   473.19
  478.98,    96.16,   598.36
  471.53,   226.46,   351.21
  473.88,   223.66,   475.71
  476.21,   220.93,   601.00
  468.53,   351.37,   353.96
  470.82,   348.76,   478.69
  472.78,   345.96,   603.87
  599.61,   105.02,   346.34
  601.97,   102.29,   471.29
  604.16,    99.45,   596.37
  596.58,   229.69,   349.24
  598.95,   226.91,   474.20
  601.12,   224.23,   599.27
  593.51,   354.60,   352.19
  595.74,   351.85,   477.12
  597.79,   349.17,   602.08
  351.50,    99.92,   475.08
  355.05,    99.91,   600.16
  358.69,   100.07,   725.46
  350.32,   225.10,   474.78
  353.91,   225.13,   600.10
  357.55,   225.08,   725.90
  349.02,   350.15,   474.89
  352.39,   349.94,   600.10
  355.68,   349.57,   725.59
  476.54,   101.36,   471.56
  480.07,   101.29,   596.73
  483.52,   101.31,   722.19
  475.49,   226.18,   471.38
  479.10,   226.14,   596.64
  482.52,   226.20,   722.52
  474.27,   351.33,   471.66
  477.52,   351.25,   596.82
  480.48,   351.07,   722.24
  601.74,   102.85,   468.33
  605.23,   102.71,   593.40
  608.56,   102.59,   718.50
  600.55,   227.54,   468.53
  604.01,   227.56,   593.60
  607.24,   227.67,   718.72
  599.19,   352.54,   468.73
  602.53,   352.55,   593.69
  605.72,   352.64,   718.59
  348.90,   101.62,   601.08
  348.12,   102.07,   726.41
  347.18,   102.45,   851.41
  350.93,   226.83,   600.73
  350.11,   227.07,   726.54
  348.99,   227.27,   851.75
  352.59,   351.62,   600.42
  351.44,   351.52,   725.93
  350.20,   351.71,   851.13
  473.93,    99.81,   602.12
  472.92,   100.12,   727.63
  471.71,   100.39,   852.91
  476.16,   224.66,   601.74
  475.12,   225.00,   727.69
  473.70,   225.36,   853.46
  477.75,   349.75,   601.60
  476.26,   349.84,   727.08
  474.87,   350.07,   852.35
  599.11,    98.05,   603.23
  597.98,    98.21,   728.39
  596.74,    98.59,   853.47
  601.11,   222.89,   603.13
  599.90,   223.28,   728.34
  598.63,   223.74,   853.67
  602.79,   347.88,   602.92
  601.51,   348.25,   727.88
  600.30,   348.59,   852.80
  349.90,   226.11,    99.57
  352.36,   228.12,   224.62
  354.78,   230.34,   348.81
  347.14,   350.68,    97.08
  349.71,   352.80,   222.04
  352.30,   355.30,   346.54
  344.50,   475.63,    94.70
  347.13,   477.84,   219.54
  349.79,   480.29,   344.34
  474.52,   228.54,    96.87
  477.00,   230.63,   222.05
  479.73,   232.77,   346.27
  471.86,   353.24,    94.50
  474.44,   355.33,   219.54
  477.35,   357.69,   344.10
  469.26,   478.18,    92.24
  471.93,   480.40,   216.99
  474.90,   482.79,   341.90
  599.41,   230.98,    93.90
  601.98,   233.19,   218.75
  604.78,   235.28,   343.71
  597.09,   355.94,    91.67
  599.61,   358.10,   216.76
  602.33,   360.23,   341.74
  594.66,   480.85,    89.56
  597.16,   483.15,   214.61
  599.78,   485.33,   339.63
  351.96,   223.12,   224.67
  352.15,   221.23,   348.89
  352.51,   219.46,   473.46
  355.35,   347.77,   226.12
  355.73,   346.18,   350.62
  356.09,   344.45,   475.37
  358.83,   472.78,   227.62
  359.30,   471.15,   352.45
  359.63,   469.35,   477.43
  476.60,   219.64,   224.30
  477.09,   217.67,   348.54
  477.68,   215.69,   473.05
  480.10,   344.30,   225.84
  480.78,   342.56,   350.39
  481.33,   340.78,   475.13
  483.68,   469.34,   227.32
  484.42,   467.63,   352.26
  484.85,   465.86,   477.34
  601.56,   216.17,   223.19
  602.15,   214.18,   348.16
  602.76,   212.23,   473.18
  605.27,   341.05,   225.21
  605.77,   339.07,   350.23
  606.24,   337.15,   475.21
  608.91,   466.08,   227.16
  609.28,   464.13,   352.20
  609.67,   462.18,   477.25
  351.40,   226.82,   348.26
  352.24,   226.14,   472.84
  353.25,   225.40,   598.20
  354.75,   351.79,   348.91
  355.57,   351.14,   473.67
  356.35,   350.17,   598.91
  358.08,   476.77,   349.64
  358.88,   476.06,   474.63
  359.45,   475.07,   599.83
  476.35,   223.49,   347.48
  477.41,   222.60,   472.00
  478.45,   221.80,   597.30
  479.80,   348.40,   348.24
  480.82,   347.71,   473.00
  481.49,   346.87,   598.19
  483.20,   473.50,   349.00
  484.10,   472.81,   474.10
  484.53,   471.97,   599.23
  601.41,   220.23,   346.67
  602.49,   219.37,   471.70
  603.38,   218.61,   596.80
  604.79,   345.15,   347.64
  605.73,   344.31,   472.63
  606.50,   343.57,   597.62
  608.07,   470.23,   348.51
  608.93,   469.37,   473.57
  609.74,   468.60,   598.56
  348.28,   223.65,   472.87
  349.43,   221.36,   598.21
  350.66,   219.00,   724.00
  345.60,   348.65,   475.30
  346.54,   346.11,   600.52
  347.45,   343.41,   726.04
  342.89,   473.54,   477.84
  343.66,   470.94,   603.01
  344.34,   468.18,   728.19
  473.48,   226.12,   471.95
  474.65,   223.75,   597.23
  475.65,   221.47,   723.16
  470.88,   351.23,   474.54
  471.68,   348.80,   599.73
  472.24,   346.27,   725.21
  468.17,   476.31,   477.24
  468.70,   473.89,   602.35
  468.96,   471.29,   727.26
  598.57,   228.87,   471.58
  599.59,   226.55,   596.66
  600.40,   224.32,   721.86
  595.83,   353.83,   474.10
  596.72,   351.51,   599.08
  597.44,   349.24,   724.04
  593.07,   478.91,   476.66
  593.94,   476.56,   601.64
  594.69,   474.22,   726.32
  351.94,   224.82,   598.48
  351.78,   227.33,   724.27
  351.32,   229.80,   849.51
  354.44,   349.59,   595.88
  353.94,   351.77,   721.38
  353.34,   354.20,   846.58
  356.96,   474.48,   593.49
  356.19,   476.62,   718.65
  355.59,   479.01,   843.52
  477.15,   221.82,   598.88
  476.79,   224.44,   724.80
  476.03,   227.07,   850.56
  479.60,   346.88,   596.46
  478.77,   349.26,   721.91
  478.02,   351.75,   847.16
  482.05,   471.98,   594.20
  480.97,   474.31,   719.10
  480.17,   476.64,   843.59
  602.10,   219.23,   599.66
  601.54,   221.89,   724.85
  600.94,   224.64,   850.13
  604.62,   344.18,   597.18
  604.01,   346.82,   722.11
  603.46,   349.45,   846.99
  607.26,   469.20,   594.83
  606.74,   471.79,   719.53
  606.15,   474.24,   843.88
  348.77,   350.91,    98.80
  349.05,   349.28,   223.78
  349.32,   348.02,   348.31
  347.97,   475.88,   100.11
  348.31,   474.34,   224.99
  348.65,   473.04,   349.82
  347.29,   601.14,   101.75
  347.62,   599.77,   226.66
  347.95,   598.09,   351.43
  473.54,   351.68,    98.58
  473.83,   350.01,   223.65
  474.42,   348.61,   348.22
  472.77,   476.64,   100.00
  473.18,   475.11,   224.81
  473.84,   473.74,   349.75
  472.13,   601.90,   101.68
  472.53,   600.51,   226.33
  473.11,   598.94,   351.29
  598.82,   352.60,    98.10
  599.04,   350.99,   223.21
  599.46,   349.35,   348.21
  598.24,   477.56,    99.70
  598.43,   476.07,   224.80
  598.76,   474.47,   349.84
  597.46,   602.65,   101.39
  597.69,   601.31,   226.19
  597.97,   599.69,   351.25
  351.48,   351.02,   223.40
  348.48,   349.21,   347.89
  345.42,   347.26,   472.60
  348.63,   476.06,   225.09
  345.68,   474.19,   349.88
  342.60,   472.14,   474.80
  345.82,   601.45,   227.26
  342.84,   599.20,   351.97
  339.75,   596.96,   476.95
  476.21,   353.83,   226.58
  473.52,   351.88,   351.11
  470.67,   349.88,   475.82
  473.44,   478.90,   228.23
  470.81,   476.97,   353.13
  467.84,   474.97,   478.18
  470.68,   604.27,   230.25
  467.96,   602.12,   355.16
  464.95,   599.87,   480.37
  601.37,   356.87,   229.49
  598.49,   354.67,   354.45
  595.58,   352.54,   479.36
  598.62,   481.93,   231.56
  595.66,   479.77,   356.56
  592.70,   477.62,   481.58
  595.75,   607.14,   233.42
  592.76,   604.94,   358.45
  589.82,   602.68,   483.69
  349.45,   348.14,   351.29
  350.03,   347.81,   476.06
  350.60,   347.15,   601.32
  352.50,   473.13,   351.72
  353.06,   472.72,   476.70
  353.43,   472.03,   601.90
  355.50,   598.16,   352.23
  356.06,   597.55,   477.29
  356.41,   597.08,   602.58
  474.52,   345.02,   350.84
  475.30,   344.65,   475.60
  475.75,   344.11,   600.82
  477.64,   470.12,   351.30
  478.31,   469.75,   476.40
  478.49,   469.22,   601.53
  480.62,   595.29,   351.76
  481.26,   594.70,   477.03
  481.52,   594.19,   602.22
  599.52,   342.04,   350.49
  600.24,   341.53,   475.46
  600.78,   341.10,   600.47
  602.52,   467.13,   351.04
  603.17,   466.60,   476.11
  603.72,   466.14,   601.10
  605.44,   592.32,   351.37
  606.10,   591.69,   476.64
  606.84,   591.19,   601.74
  348.73,   349.86,   475.11
  351.11,   347.39,   600.32
  353.44,   344.76,   725.82
  351.25,   474.76,   477.53
  353.43,   472.26,   602.69
  355.48,   469.58,   727.83
  353.74,   599.58,   479.90
  355.91,   597.30,   605.15
  357.98,   595.00,   730.20
  473.99,   347.25,   472.81
  476.26,   344.90,   597.97
  478.27,   342.46,   723.45
  476.49,   472.35,   475.38
  478.49,   470.00,   600.48
  480.22,   467.49,   725.37
  478.93,   597.28,   477.79
  481.01,   594.96,   602.95
  482.89,   592.72,   727.64
  598.92,   344.67,   470.83
  601.27,   342.42,   595.79
  603.46,   340.25,   720.73
  601.34,   469.74,   473.25
  603.71,   467.46,   598.21
  605.97,   465.22,   722.88
  603.78,   594.82,   475.56
  606.32,   592.50,   600.63
  608.77,   590.26,   725.33
  350.93,   350.56,   599.10
  351.13,   346.61,   724.59
  351.24,   342.94,   849.78
  352.78,   475.41,   602.85
  352.71,   471.40,   727.98
  352.80,   467.69,   852.83
  354.78,   600.43,   606.68
  354.74,   596.81,   731.72
  354.98,   593.15,   856.48
  476.10,   348.52,   598.89
  475.97,   344.74,   724.35
  475.93,   341.12,   849.65
  477.85,   473.59,   602.76
  477.44,   469.75,   727.63
  477.38,   465.96,   852.12
  479.90,   598.53,   606.59
  479.64,   594.96,   731.27
  479.58,   591.16,   855.66
  601.15,   346.48,   598.83
  601.20,   342.97,   723.75
  601.32,   339.47,   848.67
  603.12,   471.50,   602.61
  603.22,   467.92,   727.26
  603.30,   464.22,   851.59
  605.26,   596.51,   606.39
  605.55,   592.94,   731.07
  605.54,   589.19,   855.40
  350.79,   474.66,    98.70
  348.28,   477.34,   223.53
  345.76,   480.24,   348.31
  350.19,   599.89,    96.11
  347.66,   602.75,   220.98
  345.13,   605.28,   345.70
  349.68,   725.09,    93.81
  347.01,   728.04,   218.89
  344.41,   730.28,   343.19
  475.58,   475.40,   101.42
  473.13,   478.09,   226.17
  470.93,   480.93,   351.07
  475.02,   600.62,    98.88
  472.55,   603.47,   223.48
  470.27,   606.11,   348.38
  474.55,   726.05,    96.56
  471.96,   728.78,   221.22
  469.47,   731.16,   345.73
  601.03,   476.31,   103.96
  598.36,   479.02,   229.01
  595.83,   481.64,   354.00
  600.33,   601.36,   101.41
  597.69,   604.25,   226.16
  595.11,   606.84,   351.17
  599.47,   726.50,    98.89
  596.91,   729.41,   223.31
  594.37,   732.00,   348.12
  349.80,   472.90,   225.94
  348.97,   471.52,   350.76
  348.01,   469.95,   475.73
  349.19,   598.33,   227.67
  348.35,   596.56,   352.44
  347.38,   594.80,   477.48
  348.55,   723.63,   229.84
  347.65,   721.56,   354.20
  346.73,   719.64,   479.10
  474.67,   473.57,   226.93
  474.15,   472.12,   351.87
  473.31,   470.59,   476.95
  474.12,   598.97,   228.52
  473.52,   597.31,   353.49
  472.63,   595.55,   478.74
  473.53,   724.29,   230.52
  472.74,   722.37,   355.11
  471.94,   720.36,   480.27
  599.92,   474.43,   228.10
  599.07,   472.74,   353.14
  598.21,   471.06,   478.20
  599.27,   599.67,   229.57
  598.37,   597.96,   354.63
  597.54,   596.17,   479.90
  598.51,   724.86,   230.99
  597.65,   723.13,   355.90
  596.92,   721.15,   481.29
  349.50,   475.28,   348.38
  349.65,   475.12,   473.37
  349.62,   474.67,   598.56
  346.77,   600.32,   348.68
  346.91,   599.95,   473.71
  346.89,   599.72,   599.01
  343.97,   725.30,   349.05
  344.15,   724.77,   473.93
  344.32,   724.83,   599.41
  474.65,   478.00,   348.39
  474.91,   477.88,   473.50
  474.68,   477.60,   598.64
  471.91,   603.18,   348.61
  472.13,   602.81,   473.87
  471.99,   602.55,   599.09
  469.03,   728.23,   348.85
  469.33,   727.61,   473.98
  469.56,   727.34,   599.41
  599.54,   480.75,   348.56
  599.78,   480.46,   473.64
  599.92,   480.24,   598.65
  596.74,   605.96,   348.63
  597.01,   605.56,   473.92
  597.31,   605.28,   599.06
  593.92,   731.11,   348.50
  594.29,   730.52,   473.89
  594.79,   730.09,   599.32
  351.71,   474.09,   475.69
  354.11,   476.36,   600.85
  356.36,   478.45,   725.97
  348.53,   598.90,   473.39
  350.94,   601.37,   598.65
  353.28,   603.88,   723.73
  345.31,   723.68,   470.97
  347.93,   726.42,   596.39
  350.63,   729.56,   721.81
  476.94,   477.25,   473.32
  479.15,   479.67,   598.41
  481.09,   481.95,   723.26
  473.71,   602.16,   471.04
  476.03,   604.59,   596.22
  478.18,   607.14,   720.97
  470.45,   726.93,   468.50
  473.14,   729.33,   593.88
  475.79,   732.24,   719.08
  601.76,   480.23,   470.95
  604.35,   482.71,   595.92
  606.87,   485.22,   720.58
  598.53,   605.29,   468.57
  601.29,   607.71,   593.67
  603.99,   610.24,   718.42
  595.36,   730.25,   465.88
  598.31,   732.49,   591.27
  601.13,   735.07,   716.42
  350.67,   476.52,   601.25
  347.08,   473.31,   726.35
  343.66,   470.40,   851.21
  347.62,   601.53,   604.18
  344.09,   598.73,   729.24
  340.82,   595.89,   854.04
  344.75,   726.64,   607.09
  341.55,   724.49,   732.45
  338.60,   721.75,   857.46
  475.66,   479.68,   604.85
  471.67,   476.64,   729.67
  468.06,   473.64,   854.13
  472.66,   604.60,   607.79
  468.85,   601.86,   732.46
  465.25,   598.88,   856.88
  469.96,   729.38,   610.63
  466.63,   727.07,   735.75
  463.17,   724.31,   860.71
  600.87,   482.57,   608.38
  597.38,   479.79,   732.98
  593.84,   476.87,   857.24
  597.97,   607.57,   611.27
  594.64,   604.82,   735.92
  591.01,   601.87,   860.23
  595.16,   732.33,   614.06
  591.99,   729.69,   739.11
  588.35,   727.03,   863.96
  350.27,   601.06,   101.62
  351.96,   599.70,   226.51
  353.67,   598.03,   351.27
  347.80,   726.30,   103.62
  349.35,   724.97,   228.63
  350.99,   723.00,   352.98
  345.23,   851.24,   105.39
  346.80,   849.79,   230.36
  348.28,   847.80,   354.63
  475.09,   603.72,   100.22
  476.84,   602.34,   224.85
  478.78,   600.78,   349.81
  472.66,   729.16,   102.16
  474.30,   727.64,   226.81
  476.04,   725.82,   351.37
  470.03,   854.27,   103.97
  471.65,   852.53,   228.52
  473.32,   850.60,   352.92
  600.39,   606.36,    98.59
  601.98,   605.04,   223.37
  603.60,   603.43,   348.42
  597.57,   731.51,   100.31
  599.24,   730.19,   224.75
  600.91,   728.58,   349.61
  594.98,   856.63,   101.81
  596.52,   855.07,   226.43
  598.49,   853.44,   351.19
  348.74,   600.94,   226.71
  351.25,   597.97,   351.44
  353.64,   595.02,   476.44
  349.55,   726.21,   230.06
  352.00,   722.95,   354.37
  354.44,   719.83,   479.25
  350.41,   851.02,   233.02
  352.70,   847.74,   357.25
  355.23,   844.77,   482.11
  473.63,   600.18,   224.19
  476.38,   597.33,   349.11
  478.86,   594.38,   474.32
  474.51,   725.49,   227.38
  477.07,   722.39,   351.91
  479.61,   719.18,   477.03
  475.28,   850.39,   230.32
  477.77,   847.18,   354.69
  480.44,   844.00,   479.68
  598.78,   599.49,   221.86
  601.21,   596.59,   346.87
  603.72,   593.60,   472.09
  599.47,   724.66,   224.47
  601.94,   721.75,   349.31
  604.55,   718.59,   474.66
  600.18,   849.54,   227.35
  602.93,   846.64,   352.08
  605.63,   843.51,   477.44
  350.14,   599.34,   349.35
  348.38,   597.63,   474.37
  346.46,   596.04,   599.64
  350.06,   724.34,   351.07
  348.35,   722.46,   475.94
  346.61,   721.17,   601.39
  349.94,   849.16,   352.71
  348.30,   847.44,   477.58
  346.79,   846.26,   603.17
  475.29,   599.45,   351.18
  473.62,   597.74,   476.42
  471.57,   596.14,   601.60
  475.14,   724.52,   352.75
  473.55,   722.55,   477.89
  471.87,   720.96,   603.29
  475.02,   849.33,   354.29
  473.54,   847.41,   479.30
  472.09,   845.79,   604.89
  600.14,   599.46,   353.10
  598.52,   597.72,   478.36
  596.91,   596.11,   603.46
  600.04,   724.64,   354.31
  598.52,   722.71,   479.70
  597.13,   720.95,   605.08
  600.21,   849.54,   355.85
  598.76,   847.66,   481.24
  597.22,   845.88,   606.83
  351.30,   600.83,   473.23
  349.26,   601.90,   598.50
  347.17,   603.00,   723.63
  350.44,   725.67,   472.13
  348.59,   727.01,   597.58
  346.84,   728.76,   723.02
  349.55,   850.64,   471.09
  347.92,   852.07,   596.66
  346.26,   853.81,   722.43
  476.52,   601.81,   475.39
  474.37,   602.85,   600.58
  472.05,   603.99,   725.34
  475.62,   726.63,   474.17
  473.85,   727.66,   599.59
  472.02,   729.19,   724.79
  474.78,   851.50,   472.92
  473.21,   852.50,   598.49
  471.56,   853.98,   724.21
  601.41,   602.66,   477.43
  599.71,   603.69,   602.53
  597.89,   604.82,   727.27
  600.59,   727.66,   476.08
  599.09,   728.53,   601.48
  597.43,   729.73,   726.62
  600.01,   852.61,   474.97
  598.33,   853.48,   600.56
  596.46,   854.65,   725.93
  349.41,   598.44,   598.86
  350.54,   595.13,   723.94
  351.91,   591.77,   848.72
  351.51,   723.52,   602.33
  352.98,   720.84,   727.69
  354.64,   717.61,   852.73
  353.62,   848.54,   605.81
  355.23,   845.92,   731.54
  356.96,   842.73,   856.51
  474.53,   596.66,   597.64
  475.42,   593.40,   722.36
  476.48,   589.93,   846.76
  476.76,   721.42,   601.03
  478.13,   718.55,   726.14
  479.35,   715.33,   851.08
  478.91,   846.21,   604.34
  480.53,   843.35,   729.99
  481.90,   840.37,   855.16
  599.84,   594.76,   596.31
  601.27,   591.51,   721.01
  602.45,   588.08,   845.36
  601.98,   719.57,   599.63
  603.58,   716.38,   724.69
  604.72,   713.18,   849.52
  604.02,   844.46,   603.09
  605.41,   841.24,   728.40
  606.55,   838.08,   853.44
  475.62,    99.92,   102.20
  478.32,    98.59,   227.09
  481.29,    96.96,   351.65
  475.99,   224.79,   103.84
  478.90,   223.21,   228.92
  482.05,   221.65,   353.14
  476.47,   349.50,   105.07
  479.52,   347.94,   230.06
  482.84,   346.61,   354.60
  600.28,    99.13,    98.98
  603.16,    97.81,   223.72
  606.37,    96.38,   348.63
  600.88,   224.15,   100.40
  603.89,   222.68,   225.24
  607.12,   221.09,   350.20
  601.73,   349.15,   101.81
  604.69,   347.62,   226.88
  607.83,   346.05,   351.87
  725.11,    98.41,    95.79
  728.37,    96.88,   220.36
  731.55,    95.65,   345.73
  725.82,   223.51,    97.07
  729.13,   222.13,   221.26
  732.32,   220.60,   347.10
  727.23,   348.80,    98.65
  730.04,   347.22,   223.62
  732.72,   345.53,   349.07
  473.53,   101.84,   225.21
  476.06,   104.15,   349.75
  478.74,   106.47,   474.47
  476.14,   226.41,   223.02
  478.86,   228.83,   347.23
  481.68,   231.25,   471.72
  478.78,   351.10,   220.13
  481.69,   353.74,   344.68
  484.45,   356.35,   469.41
  598.34,    98.94,   222.31
  601.12,   101.46,   347.19
  603.92,   103.92,   472.15
  601.11,   223.76,   219.82
  603.91,   226.14,   344.76
  606.73,   228.57,   469.77
  603.95,   348.66,   217.42
  606.66,   351.06,   342.41
  609.33,   353.51,   467.37
  723.52,    95.87,   219.44
  726.28,    98.61,   344.76
  729.10,   101.36,   469.94
  726.32,   221.08,   216.31
  729.09,   223.51,   342.11
  731.61,   226.02,   467.82
  729.31,   346.13,   214.62
  731.56,   348.41,   340.08
  733.96,   350.75,   465.18
  472.97,   101.05,   347.95
  472.87,   101.46,   472.74
  472.82,   102.00,   597.96
  469.58,   225.73,   347.39
  469.62,   226.24,   471.90
  469.65,   226.82,   597.21
  466.21,   350.64,   346.76
  466.21,   351.35,   471.52
  465.87,   351.88,   596.72
  598.03,   104.58,   348.07
  598.08,   105.13,   473.07
  597.99,   105.60,   598.20
  594.63,   229.26,   347.61
  594.71,   229.78,   472.60
  594.58,   230.41,   597.71
  591.21,   354.19,   347.18
  591.15,   354.76,   472.15
  590.89,   355.38,   597.16
  723.22,   107.96,   348.29
  723.26,   108.80,   473.59
  722.99,   109.37,   598.59
  719.80,   232.87,   347.73
  719.59,   233.46,   473.38
  719.25,   234.22,   598.21
  716.08,   357.77,   347.58
  715.79,   358.20,   472.68
  715.79,   358.89,   597.47
  476.58,    98.31,   474.29
  474.76,    96.26,   599.48
  472.86,    94.31,   724.90
  477.37,   223.10,   476.04
  475.67,   221.10,   601.34
  473.80,   219.20,   727.28
  477.99,   348.24,   478.27
  475.92,   346.18,   603.45
  473.60,   344.03,   728.94
  601.82,    97.94,   476.34
  599.97,    95.82,   601.43
  597.98,    93.73,   726.55
  602.49,   222.60,   478.49
  600.63,   220.65,   603.57
  598.57,   218.78,   728.77
  602.94,   347.58,   480.64
  600.96,   345.64,   605.60
  598.82,   343.75,   730.56
  727.06,    97.55,   478.52
  725.11,    95.47,   603.45
  723.01,    93.17,   728.16
  727.40,   222.24,   481.00
  725.29,   220.44,   605.77
  722.90,   218.60,   730.13
  727.63,   347.00,   482.89
  725.90,   345.13,   607.59
  724.14,   343.46,   732.06
  474.96,    98.94,   598.85
  475.04,   100.02,   724.35
  474.91,   101.07,   849.67
  472.24,   223.76,   597.66
  472.30,   224.87,   723.61
  471.97,   226.00,   849.40
  468.91,   348.83,   596.72
  468.50,   349.68,   722.23
  468.17,   350.67,   847.52
  600.15,   102.10,   598.87
  600.10,   103.05,   724.03
  599.94,   104.21,   849.12
  597.19,   226.92,   597.95
  597.05,   228.08,   723.18
  596.86,   229.32,   848.51
  593.93,   351.89,   596.95
  593.70,   353.01,   721.94
  593.54,   354.12,   846.86
  725.19,   105.43,   599.02
  724.89,   106.21,   723.70
  725.06,   107.33,   848.03
  721.86,   230.30,   598.23
  721.44,   231.53,   722.63
  721.54,   232.76,   847.23
  718.83,   354.97,   597.05
  719.07,   356.31,   721.58
  719.25,   357.52,   846.04
  473.14,   223.42,   102.47
  471.78,   224.22,   227.61
  470.66,   225.04,   351.84
  469.95,   348.10,   101.29
  468.72,   348.90,   226.33
  467.77,   349.98,   350.88
  466.83,   473.03,   100.19
  465.71,   473.96,   224.99
  464.82,   475.06,   349.92
  598.02,   226.42,   103.29
  596.76,   227.32,   228.22
  595.72,   228.11,   353.16
  595.17,   351.38,   102.31
  593.87,   352.22,   227.42
  592.77,   353.05,   352.40
  592.23,   476.30,   101.40
  590.90,   477.27,   226.48
  589.72,   478.16,   351.52
  722.98,   229.45,   104.09
  722.02,   230.44,   228.54
  720.89,   231.26,   354.41
  720.69,   354.68,   103.36
  719.22,   355.48,   228.48
  717.63,   356.16,   353.89
  717.94,   479.68,   102.59
  716.32,   480.64,   227.97
  714.42,   481.19,   352.95
  476.49,   223.14,   224.12
  476.44,   225.83,   348.34
  476.49,   228.54,   472.85
  474.87,   347.82,   221.01
  475.01,   350.75,   345.55
  475.01,   353.66,   470.28
  473.32,   472.87,   217.82
  473.53,   475.85,   342.73
  473.43,   478.75,   467.80
  601.50,   224.77,   223.59
  601.54,   227.44,   348.55
  601.60,   230.16,   473.55
  600.08,   349.68,   220.96
  600.04,   352.38,   345.95
  599.97,   355.13,   470.90
  598.59,   474.73,   218.20
  598.45,   477.48,   343.23
  598.31,   480.22,   468.28
  726.78,   226.41,   222.79
  726.76,   229.13,   348.64
  726.52,   231.91,   474.30
  725.48,   351.47,   220.88
  724.96,   354.03,   346.32
  724.64,   356.66,   471.40
  724.09,   476.64,   218.58
  723.22,   479.08,   343.56
  722.84,   481.57,   468.49
  473.32,   223.93,   351.57
  471.27,   224.04,   476.08
  469.21,   224.23,   601.40
  472.00,   348.89,   351.34
  469.90,   349.20,   476.08
  467.46,   349.32,   601.28
  470.64,   474.02,   351.11
  468.42,   474.32,   476.18
  465.71,   474.45,   601.30
  598.40,   225.42,   353.91
  596.38,   225.55,   478.89
  594.16,   225.77,   603.99
  597.02,   350.39,   353.88
  594.86,   350.55,   478.82
  592.50,   350.79,   603.81
  595.54,   475.52,   353.73
  593.32,   475.67,   478.79
  590.95,   475.88,   603.77
  723.59,   226.99,   356.18
  721.28,   227.20,   481.79
  718.82,   227.56,   606.56
  721.89,   351.92,   356.39
  719.53,   351.97,   481.46
  717.44,   352.28,   606.19
  720.24,   476.97,   356.18
  717.85,   476.90,   481.13
  716.06,   477.19,   606.09
  476.68,   224.76,   472.70
  478.33,   225.35,   598.00
  479.79,   226.03,   723.93
  480.38,   349.86,   472.30
  481.67,   350.41,   597.49
  482.67,   350.85,   722.94
  483.97,   474.95,   471.99
  485.01,   475.51,   597.11
  485.77,   475.91,   722.01
  601.75,   221.21,   471.82
  603.24,   221.85,   596.93
  604.52,   222.57,   722.11
  605.28,   346.15,   471.35
  606.67,   346.79,   596.33
  607.90,   347.51,   721.27
  608.78,   471.20,   470.88
  610.21,   471.82,   595.87
  611.55,   472.47,   720.58
  726.64,   217.79,   471.00
  727.88,   218.57,   595.85
  728.82,   219.34,   720.21
  729.93,   342.52,   470.29
  731.52,   343.22,   595.03
  733.14,   344.13,   719.52
  733.25,   467.38,   469.51
  735.16,   468.05,   594.48
  737.35,   468.89,   719.22
  477.34,   223.38,   601.55
  474.47,   220.81,   727.46
  471.21,   218.25,   853.17
  474.70,   348.43,   604.27
  471.38,   345.60,   729.72
  468.17,   342.92,   854.98
  472.05,   473.52,   607.11
  468.43,   470.61,   731.97
  465.22,   467.77,   856.46
  602.25,   225.77,   604.85
  599.19,   223.24,   730.01
  596.07,   220.78,   855.30
  599.71,   350.73,   607.48
  596.56,   348.16,   732.40
  593.49,   345.58,   857.31
  597.28,   475.77,   610.25
  594.14,   473.13,   734.87
  590.98,   470.35,   859.16
  726.86,   228.39,   608.07
  723.50,   225.91,   732.40
  720.78,   223.43,   856.98
  724.63,   353.05,   610.52
  721.90,   350.71,   734.96
  719.13,   348.19,   859.42
  722.40,   477.92,   613.25
  720.15,   475.48,   737.88
  717.28,   472.77,   862.23
  475.88,   348.97,   100.73
  476.13,   349.20,   225.79
  476.68,   349.70,   350.36
  472.57,   473.90,   100.24
  472.93,   474.26,   225.06
  473.55,   474.79,   350.01
  469.40,   599.11,   100.02
  469.75,   599.63,   224.68
  470.28,   599.96,   349.65
  601.12,   352.43,   100.26
  601.30,   352.71,   225.38
  601.68,   352.97,   350.40
  598.00,   477.36,    99.97
  598.15,   477.76,   225.07
  598.43,   478.06,   350.13
  594.68,   602.41,    99.77
  594.87,   602.98,   224.56
  595.11,   603.26,   349.63
  726.65,   355.92,    99.87
  726.67,   356.15,   224.95
  726.54,   356.26,   350.40
  723.69,   480.91,    99.67
  723.58,   481.32,   225.08
  723.14,   481.30,   350.06
  720.06,   605.52,    99.36
  720.05,   606.19,   224.51
  719.85,   606.55,   349.37
  473.79,   350.44,   225.55
  474.02,   347.66,   350.09
  474.10,   344.83,   474.81
  470.48,   475.47,   228.08
  470.76,   472.71,   353.00
  470.72,   469.89,   478.06
  467.17,   600.80,   230.98
  467.38,   597.83,   355.92
  467.29,   594.77,   481.16
  598.96,   354.07,   225.56
  599.01,   351.05,   350.53
  599.03,   348.08,   475.47
  595.67,   479.09,   228.51
  595.65,   476.10,   353.53
  595.60,   473.12,   478.58
  592.26,   604.27,   231.27
  592.20,   601.25,   356.32
  592.18,   598.16,   481.58
  724.32,   357.64,   225.55
  723.87,   354.46,   350.94
  723.68,   351.38,   476.01
  721.08,   482.76,   228.93
  720.33,   479.45,   353.88
  720.11,   476.24,   478.83
  717.41,   607.62,   231.62
  716.92,   604.66,   356.47
  716.79,   601.42,   481.55
  473.42,   349.57,   350.00
  470.73,   348.55,   474.72
  467.71,   347.35,   599.89
  474.24,   474.70,   351.14
  471.44,   473.67,   476.19
  468.15,   472.48,   601.29
  474.93,   599.90,   352.28
  472.10,   598.63,   477.50
  468.88,   597.47,   602.66
  598.42,   348.85,   353.11
  595.68,   347.68,   478.04
  592.74,   346.59,   603.01
  599.13,   473.98,   354.35
  596.32,   472.80,   479.38
  593.38,   471.68,   604.34
  599.76,   599.20,   355.36
  596.98,   597.91,   480.60
  594.20,   596.74,   605.67
  723.30,   348.16,   356.20
  720.35,   346.89,   481.27
  717.66,   345.87,   605.98
  723.82,   473.20,   357.37
  720.85,   471.81,   482.31
  718.48,   470.78,   607.24
  724.49,   598.50,   358.18
  721.59,   597.05,   483.24
  719.37,   595.91,   608.38
  473.72,   351.30,   476.40
  472.31,   350.29,   601.60
  470.65,   349.16,   727.09
  475.23,   476.42,   477.70
  473.56,   475.42,   602.82
  471.62,   474.23,   727.73
  476.67,   601.38,   478.82
  475.10,   600.40,   604.01
  473.34,   599.51,   728.76
  598.68,   349.66,   478.09
  597.37,   348.75,   603.08
  595.89,   347.89,   728.06
  600.12,   474.76,   479.24
  598.82,   473.83,   604.23
  597.38,   472.91,   728.91
  601.57,   599.87,   480.27
  600.45,   598.89,   605.37
  599.20,   597.99,   730.09
  723.37,   348.09,   479.68
  722.31,   347.25,   604.41
  721.24,   346.61,   728.91
  724.65,   473.00,   480.52
  723.92,   472.14,   605.49
  723.36,   471.43,   730.19
  726.19,   598.24,   481.25
  725.60,   597.28,   606.43
  725.14,   596.40,   731.51
  475.30,   351.74,   599.61
  473.13,   347.84,   725.04
  471.07,   344.09,   850.31
  475.62,   476.83,   603.61
  473.17,   472.86,   728.45
  471.08,   468.94,   852.93
  476.23,   601.77,   607.56
  473.94,   598.09,   732.23
  471.86,   594.18,   856.62
  600.36,   351.08,   601.61
  598.37,   347.45,   726.52
  596.45,   343.81,   851.43
  600.89,   476.12,   605.53
  598.94,   472.42,   730.15
  596.95,   468.59,   854.44
  601.60,   601.13,   609.44
  599.82,   597.46,   734.09
  597.74,   593.58,   858.39
  725.30,   350.45,   603.45
  723.71,   347.04,   727.89
  722.08,   343.50,   852.32
  726.00,   475.31,   607.30
  724.93,   471.82,   731.93
  723.29,   468.07,   856.29
  726.79,   600.41,   611.01
  725.79,   596.74,   736.03
  723.84,   592.78,   860.69
  475.93,   473.46,    98.47
  474.44,   471.91,   223.28
  473.22,   470.54,   348.20
  479.51,   598.65,   100.20
  478.01,   597.26,   224.83
  476.71,   595.70,   349.79
  483.16,   724.08,   102.15
  481.56,   722.55,   226.78
  480.07,   720.73,   351.38
  601.36,   470.15,    99.99
  599.65,   468.64,   225.09
  598.09,   467.03,   350.12
  604.82,   595.18,   101.71
  603.14,   593.83,   226.55
  601.52,   592.20,   351.60
  608.08,   720.26,   103.43
  606.49,   718.96,   227.91
  604.91,   717.34,   352.82
  727.04,   466.96,   101.50
  725.06,   465.41,   226.88
  722.78,   463.48,   351.89
  730.23,   591.56,   103.15
  728.33,   590.33,   228.34
  726.23,   588.71,   353.16
  733.31,   716.19,   104.59
  731.49,   714.81,   229.24
  729.66,   713.71,   354.28
  474.27,   475.68,   224.83
  473.00,   476.47,   349.77
  471.41,   477.19,   474.86
  477.12,   601.06,   224.22
  475.78,   601.65,   349.18
  474.16,   602.13,   474.43
  479.96,   726.37,   224.03
  478.42,   726.71,   348.61
  476.88,   726.93,   473.74
  599.48,   473.14,   226.75
  597.89,   473.70,   351.79
  596.29,   474.27,   476.85
  602.26,   598.36,   226.02
  600.60,   598.90,   351.07
  599.02,   599.35,   476.34
  604.90,   723.51,   225.22
  603.29,   724.06,   350.12
  601.81,   724.33,   475.50
  724.90,   470.64,   228.64
  722.58,   470.87,   353.64
  720.80,   471.22,   478.59
  727.46,   595.57,   227.90
  725.34,   596.15,   352.72
  723.62,   596.44,   477.78
  729.93,   720.07,   226.61
  728.06,   721.15,   351.66
  726.58,   721.73,   476.97
  474.71,   476.85,   350.28
  478.26,   476.88,   475.35
  481.33,   476.76,   600.44
  478.17,   602.02,   350.25
  481.69,   601.81,   475.48
  484.87,   601.70,   600.65
  481.50,   727.06,   350.21
  485.10,   726.60,   475.33
  488.66,   726.46,   600.72
  599.53,   473.38,   347.14
  603.06,   473.25,   472.18
  606.51,   473.18,   597.14
  602.93,   598.57,   346.98
  606.48,   598.33,   472.20
  610.11,   598.21,   597.28
  606.30,   723.72,   346.56
  609.96,   723.31,   471.91
  613.79,   723.05,   597.28
  724.22,   469.89,   343.84
  727.49,   469.52,   468.75
  731.43,   469.51,   593.68
  727.65,   595.14,   343.48
  730.99,   594.74,   468.46
  735.07,   594.62,   593.59
  731.04,   720.08,   342.95
  734.65,   720.02,   468.19
  738.67,   719.88,   593.58
  474.45,   474.09,   476.29
  477.62,   471.79,   601.36
  480.53,   469.33,   726.21
  475.41,   599.03,   478.66
  478.66,   596.77,   603.80
  481.73,   594.58,   728.47
  476.36,   723.83,   480.77
  479.99,   721.57,   606.12
  483.53,   719.76,   731.20
  599.30,   472.99,   473.01
  602.84,   470.76,   597.94
  606.29,   468.56,   722.59
  600.26,   598.09,   475.28
  603.97,   595.81,   600.33
  607.60,   593.62,   725.01
  601.28,   723.07,   477.24
  605.19,   720.66,   602.58
  608.95,   718.53,   727.63
  723.79,   471.79,   469.47
  727.82,   469.62,   594.38
  732.12,   467.62,   719.04
  724.83,   597.03,   471.44
  729.01,   594.75,   596.54
  733.43,   592.60,   721.57
  726.03,   722.32,   473.42
  730.15,   720.01,   598.78
  734.18,   717.70,   724.08
  474.60,   476.57,   598.36
  472.24,   473.09,   723.23
  470.21,   469.63,   847.74
  470.92,   601.46,   601.77
  468.72,   598.26,   726.49
  466.72,   594.85,   850.91
  467.52,   726.20,   605.08
  465.81,   723.43,   730.21
  463.97,   720.25,   855.18
  599.79,   480.14,   600.31
  597.94,   476.92,   724.95
  596.04,   473.57,   849.26
  596.21,   605.12,   603.68
  594.51,   601.92,   728.36
  592.54,   598.54,   852.70
  592.74,   729.85,   606.93
  591.20,   726.76,   732.00
  589.21,   723.64,   856.86
  724.82,   483.61,   602.10
  723.87,   480.59,   726.78
  722.36,   477.32,   851.17
  721.33,   608.69,   605.26
  720.41,   605.50,   730.31
  718.60,   602.02,   855.02
  717.73,   733.82,   608.58
  716.39,   730.49,   733.84
  714.34,   727.07,   858.65
  474.19,   598.15,   100.43
  472.46,   598.14,   225.07
  470.91,   597.94,   350.03
  478.06,   723.57,   101.02
  476.22,   723.43,   225.68
  474.47,   722.98,   350.27
  481.74,   848.71,   101.50
  479.87,   848.33,   226.06
  478.06,   847.76,   350.48
  599.48,   594.48,   102.24
  597.56,   594.51,   227.06
  595.72,   594.25,   352.12
  602.97,   719.59,   102.60
  601.14,   719.65,   227.09
  599.32,   719.39,   351.99
  606.65,   844.66,   102.74
  604.74,   844.52,   227.35
  603.17,   844.27,   352.15
  724.89,   590.69,   103.95
  722.74,   590.82,   229.14
  720.42,   590.56,   353.97
  728.17,   715.32,   104.04
  726.12,   715.32,   228.68
  724.06,   715.58,   353.72
  732.15,   840.73,   103.82
  730.41,   840.49,   228.25
  728.30,   840.24,   353.74
  474.77,   602.19,   226.08
  478.11,   603.90,   351.01
  481.18,   605.49,   476.25
  477.23,   727.50,   224.68
  480.37,   728.96,   349.21
  483.52,   730.29,   474.32
  479.58,   852.41,   223.03
  482.67,   853.76,   347.40
  485.95,   855.14,   472.36
  599.88,   599.81,   223.21
  602.90,   601.48,   348.22
  606.00,   603.04,   473.45
  602.15,   724.96,   221.22
  605.21,   726.64,   346.04
  608.42,   728.03,   471.38
  604.45,   849.84,   219.50
  607.81,   851.51,   344.23
  611.11,   852.97,   469.59
  725.08,   597.33,   220.42
  727.65,   599.07,   345.20
  730.56,   600.48,   470.19
  727.18,   721.82,   217.92
  729.98,   724.01,   342.90
  733.16,   725.77,   468.17
  730.21,   847.14,   215.51
  733.03,   848.71,   340.88
  735.96,   850.50,   466.79
  476.96,   599.06,   349.04
  479.04,   599.76,   474.30
  480.76,   600.55,   599.49
  479.82,   724.12,   348.16
  481.97,   724.56,   473.30
  484.08,   725.32,   598.71
  482.71,   848.92,   347.26
  484.98,   849.39,   472.25
  487.28,   850.12,   597.82
  601.77,   596.06,   347.24
  603.87,   596.73,   472.50
  606.04,   597.52,   597.60
  604.67,   721.23,   345.98
  606.87,   721.73,   471.35
  609.25,   722.36,   596.75
  607.83,   846.11,   345.05
  610.14,   846.66,   470.44
  612.34,   847.29,   596.06
  726.52,   593.09,   345.22
  728.43,   593.59,   470.24
  731.07,   594.38,   595.39
  729.44,   718.06,   343.83
  731.61,   718.88,   469.11
  734.19,   719.64,   594.53
  733.02,   842.74,   342.69
  734.99,   843.67,   468.62
  737.00,   844.75,   594.32
  476.62,   599.05,   475.50
  478.72,   597.54,   600.68
  480.64,   596.11,   725.40
  479.12,   723.85,   476.82
  481.60,   722.32,   602.21
  484.00,   721.26,   727.34
  481.70,   848.68,   478.08
  484.39,   847.13,   603.66
  487.00,   846.06,   729.32
  601.47,   596.51,   473.26
  604.02,   594.99,   598.35
  606.49,   593.56,   723.08
  604.04,   721.49,   474.44
  606.80,   719.83,   599.81
  609.41,   718.45,   724.91
  606.86,   846.43,   475.84
  609.45,   844.75,   601.44
  611.82,   843.35,   726.76
  726.04,   593.85,   470.57
  729.06,   592.33,   595.71
  732.32,   590.94,   720.77
  728.78,   719.14,   471.75
  731.76,   717.58,   597.15
  734.65,   716.04,   722.49
  731.72,   843.95,   473.59
  734.12,   842.71,   599.25
  736.20,   841.12,   724.25
  476.39,   600.60,   600.87
  476.27,   601.04,   725.64
  476.32,   601.27,   850.12
  474.81,   725.40,   600.59
  475.17,   726.23,   725.79
  475.39,   726.73,   850.86
  473.11,   850.24,   600.21
  473.67,   851.03,   725.95
  474.04,   851.75,   851.18
  601.73,   602.48,   600.62
  602.14,   602.92,   725.38
  602.26,   603.18,   849.82
  600.05,   727.32,   600.28
  600.60,   727.82,   725.43
  600.69,   728.34,   850.38
  598.23,   852.26,   600.07
  598.56,   852.73,   725.46
  598.67,   853.23,   850.56
  726.85,   604.28,   600.04
  728.03,   604.73,   725.17
  728.33,   604.87,   850.02
  725.06,   729.53,   599.75
  725.80,   729.83,   725.10
  725.85,   730.01,   850.01
  722.94,   854.63,   600.00
  722.93,   854.92,   725.03
  722.99,   854.88,   849.84
  601.68,    99.71,   100.34
  598.41,    97.51,   225.08
  595.46,    95.18,   349.95
  601.37,   224.71,   102.66
  598.23,   222.35,   227.53
  595.30,   219.86,   352.42
  601.29,   349.70,   104.98
  598.10,   347.26,   230.04
  595.10,   344.81,   354.97
  726.53,    99.80,   103.23
  723.62,    97.40,   227.88
  720.65,    95.29,   353.23
  726.32,   224.92,   105.35
  723.48,   222.62,   229.74
  720.48,   220.18,   355.57
  726.80,   350.18,   107.92
  723.42,   347.68,   232.98
  719.98,   345.10,   358.37
  851.64,    99.76,   106.67
  848.95,    97.66,   231.12
  845.83,    95.47,   356.54
  851.46,   225.21,   108.73
  848.70,   222.83,   232.93
  845.55,   220.51,   358.60
  851.79,   350.40,   111.22
  848.52,   347.83,   236.22
  844.89,   345.34,   361.45
  600.99,   100.76,   223.52
  599.86,   101.29,   348.45
  598.75,   101.77,   473.45
  601.10,   225.63,   223.09
  599.99,   226.02,   348.07
  598.90,   226.47,   473.07
  601.26,   350.58,   222.74
  600.07,   351.00,   347.75
  598.85,   351.48,   472.72
  726.23,   100.43,   224.45
  725.08,   101.18,   349.88
  723.99,   101.94,   475.09
  726.38,   225.69,   223.46
  725.21,   226.12,   349.34
  723.83,   226.64,   475.02
  726.65,   350.78,   223.84
  724.99,   351.06,   349.30
  723.54,   351.43,   474.41
  851.59,   100.48,   225.88
  850.30,   101.14,   351.35
  848.97,   101.84,   476.63
  851.62,   225.66,   224.88
  850.31,   226.21,   350.54
  848.58,   226.70,   476.09
  851.78,   350.69,   225.28
  849.96,   351.07,   350.56
  848.38,   351.53,   475.45
  598.86,   100.80,   351.55
  601.37,   103.04,   476.52
  603.73,   105.20,   601.61
  598.98,   225.50,   349.39
  601.50,   227.73,   474.38
  603.82,   230.06,   599.45
  599.06,   350.46,   347.29
  601.44,   352.71,   472.24
  603.65,   355.04,   597.20
  724.06,   100.64,   349.37
  726.58,   103.17,   474.56
  728.77,   105.42,   599.53
  724.18,   225.56,   347.04
  726.41,   227.86,   472.70
  728.50,   230.32,   597.49
  723.97,   350.49,   345.23
  726.11,   352.62,   470.32
  728.56,   355.00,   595.05
  849.27,   100.55,   347.21
  851.54,   103.02,   472.48
  853.71,   105.37,   597.41
  849.28,   225.62,   344.60
  851.17,   227.86,   470.13
  853.10,   230.30,   594.87
  848.95,   350.46,   342.89
  850.95,   352.69,   467.75
  853.32,   355.04,   592.47
  600.85,    99.07,   474.06
  601.15,    96.34,   599.15
  601.31,    93.62,   724.27
  603.49,   223.71,   476.83
  603.77,   221.13,   601.91
  603.85,   218.64,   727.08
  605.91,   348.65,   479.59
  606.09,   346.08,   604.55
  606.12,   343.59,   729.48
  726.07,    96.75,   474.04
  726.29,    94.05,   598.98
  726.36,    91.12,   723.71
  728.40,   221.41,   477.14
  728.43,   218.98,   601.93
  728.16,   216.53,   726.27
  730.59,   346.13,   479.65
  731.01,   343.64,   604.35
  731.40,   341.34,   728.81
  851.07,    94.17,   473.92
  851.27,    91.59,   598.83
  851.11,    88.56,   723.76
  853.12,   218.96,   476.55
  853.03,   216.52,   601.32
  852.94,   214.01,   725.77
  855.44,   343.76,   478.99
  855.73,   341.23,   603.73
  856.03,   338.79,   728.48
  601.12,    99.27,   601.35
  599.54,    97.63,   726.49
  597.85,    96.20,   851.53
  599.53,   224.11,   603.01
  597.89,   222.68,   728.23
  596.18,   221.34,   853.56
  597.64,   349.09,   604.57
  595.90,   347.64,   729.54
  594.24,   346.17,   854.49
  726.20,   101.19,   603.03
  724.46,    99.35,   727.71
  723.16,    97.90,   852.04
  724.20,   226.12,   604.82
  722.24,   224.75,   729.20
  720.89,   223.38,   853.81
  722.58,   350.81,   606.19
  721.26,   349.58,   730.68
  719.91,   348.19,   855.17
  851.13,   102.89,   604.71
  849.22,   100.95,   729.48
  847.84,    99.10,   853.74
  848.80,   227.86,   606.00
  846.96,   226.45,   730.45
  845.34,   224.71,   855.24
  847.35,   352.58,   607.43
  846.03,   351.23,   732.15
  844.78,   349.78,   856.72
  599.79,   226.76,   100.57
  597.77,   225.36,   225.48
  595.98,   223.83,   350.41
  600.36,   351.77,   101.93
  598.29,   350.29,   227.03
  596.43,   348.80,   352.01
  600.84,   476.74,   103.39
  598.74,   475.38,   228.47
  596.78,   473.93,   353.50
  724.76,   226.36,   102.17
  723.04,   225.03,   226.54
  721.19,   223.55,   352.39
  725.88,   351.63,   103.76
  723.66,   350.11,   228.83
  721.33,   348.48,   354.26
  726.57,   476.69,   105.36
  724.16,   475.31,   230.73
  721.49,   473.52,   355.69
  849.91,   226.05,   104.41
  848.29,   224.62,   228.58
  846.28,   223.26,   354.27
  850.90,   351.26,   105.91
  848.78,   349.64,   230.92
  846.28,   348.11,   356.20
  851.41,   476.20,   107.48
  849.03,   474.84,   232.89
  846.26,   473.23,   357.60
  600.93,   223.88,   226.49
  603.21,   226.25,   351.44
  605.51,   228.69,   476.45
  602.32,   348.80,   224.13
  604.52,   351.21,   349.12
  606.67,   353.65,   474.08
  603.65,   473.87,   221.67
  605.73,   476.31,   346.69
  607.81,   478.73,   471.73
  726.18,   222.66,   223.49
  728.41,   225.08,   349.34
  730.41,   227.59,   475.01
  727.70,   347.73,   221.85
  729.42,   350.00,   347.30
  731.33,   352.34,   472.39
  729.13,   472.92,   219.86
  730.48,   475.04,   344.83
  732.32,   477.23,   469.73
  851.40,   221.36,   221.54
  853.49,   223.90,   347.15
  855.15,   226.35,   472.64
  852.81,   346.36,   219.91
  854.40,   348.73,   345.18
  856.19,   351.18,   470.02
  853.97,   471.51,   217.99
  855.28,   473.86,   342.73
  857.08,   476.15,   467.45
  600.46,   225.40,   349.01
  597.35,   227.44,   473.96
  594.05,   229.59,   599.00
  598.62,   350.34,   347.03
  595.39,   352.42,   471.94
  591.95,   354.57,   596.88
  596.70,   475.44,   344.94
  593.40,   477.52,   469.95
  589.96,   479.65,   594.91
  725.62,   227.47,   352.30
  722.22,   229.59,   477.90
  718.70,   231.86,   602.63
  723.48,   352.37,   350.58
  720.02,   354.34,   475.62
  716.85,   356.55,   600.33
  721.40,   477.42,   348.44
  717.89,   479.26,   473.34
  714.99,   481.45,   598.28
  850.65,   229.53,   355.49
  846.91,   231.62,   480.95
  843.25,   233.92,   605.63
  848.38,   354.35,   353.84
  844.79,   356.41,   478.68
  841.61,   358.60,   603.40
  846.12,   479.49,   351.65
  842.55,   481.34,   476.40
  839.76,   483.48,   601.47
  599.99,   223.86,   474.78
  602.22,   223.15,   599.88
  604.23,   222.53,   725.06
  603.42,   348.81,   475.64
  605.54,   348.10,   600.61
  607.51,   347.47,   725.53
  606.82,   473.87,   476.51
  608.98,   473.13,   601.48
  611.05,   472.43,   726.15
  724.87,   220.56,   473.18
  726.85,   220.00,   598.01
  728.53,   219.42,   722.36
  728.06,   345.30,   473.79
  730.40,   344.65,   598.52
  732.76,   344.22,   722.99
  731.29,   470.16,   474.35
  733.96,   469.49,   599.31
  736.89,   468.98,   724.02
  849.57,   217.13,   470.73
  851.41,   216.55,   595.52
  853.27,   215.91,   719.95
  852.87,   341.93,   471.26
  855.09,   341.25,   595.98
  857.34,   340.67,   720.75
  856.02,   466.86,   471.90
  858.66,   466.14,   596.96
  861.45,   465.46,   721.90
  598.79,   226.60,   601.50
  598.90,   225.00,   726.72
  598.95,   223.49,   852.03
  602.06,   351.55,   603.26
  602.10,   349.93,   728.21
  602.22,   348.30,   853.11
  605.47,   476.58,   605.16
  605.58,   474.89,   729.83
  605.64,   473.07,   854.17
  723.44,   223.47,   601.51
  723.22,   221.92,   725.90
  723.58,   220.38,   850.48
  726.97,   348.13,   603.06
  727.41,   346.72,   727.55
  727.82,   345.18,   852.01
  730.51,   472.97,   604.88
  731.49,   471.48,   729.58
  731.93,   469.75,   854.01
  848.01,   220.07,   600.92
  847.92,   218.48,   725.35
  847.98,   216.53,   850.15
  851.69,   344.75,   602.44
  852.05,   343.22,   727.19
  852.50,   341.59,   851.84
  855.24,   469.63,   604.44
  856.18,   467.98,   729.37
  856.60,   466.18,   854.08
  601.03,   351.70,   100.72
  598.62,   352.85,   225.82
  596.41,   353.98,   350.80
  600.01,   476.66,    99.53
  597.55,   477.94,   224.61
  595.25,   479.11,   349.63
  598.78,   601.74,    98.43
  596.36,   603.18,   223.21
  594.01,   604.33,   348.24
  726.55,   353.12,   102.90
  723.98,   354.22,   227.98
  721.28,   355.20,   353.39
  725.72,   478.16,   101.83
  722.99,   479.42,   227.20
  719.97,   480.27,   352.16
  724.19,   602.80,   100.62
  721.56,   604.34,   225.75
  718.77,   605.56,   350.58
  851.55,   354.30,   105.39
  849.09,   355.31,   230.43
  846.21,   356.38,   355.68
  850.55,   479.24,   104.30
  847.85,   480.51,   229.72
  844.72,   481.54,   354.40
  849.10,   603.79,   102.94
  846.57,   605.27,   228.22
  843.65,   606.85,   352.69
  599.98,   351.31,   226.87
  599.48,   351.48,   351.88
  598.94,   351.69,   476.85
  599.27,   476.41,   226.65
  598.68,   476.61,   351.70
  598.07,   476.81,   476.78
  598.43,   601.66,   226.23
  597.79,   601.84,   351.29
  597.21,   601.93,   476.58
  725.37,   352.31,   227.31
  724.38,   352.33,   352.76
  723.63,   352.43,   477.86
  724.73,   477.52,   227.53
  723.41,   477.39,   352.52
  722.62,   477.37,   477.49
  723.65,   602.45,   227.07
  722.56,   602.69,   351.92
  721.85,   602.63,   477.00
  850.50,   353.01,   228.05
  849.35,   353.13,   353.33
  848.47,   353.33,   478.21
  849.61,   478.22,   228.34
  848.20,   478.29,   353.06
  847.35,   478.30,   477.87
  848.68,   603.01,   227.83
  847.47,   603.61,   352.33
  846.60,   603.60,   477.13
  601.20,   349.86,   350.21
  602.42,   348.51,   475.18
  603.47,   347.25,   600.17
  600.11,   474.99,   351.61
  601.26,   473.62,   476.67
  602.32,   472.33,   601.66
  598.94,   600.20,   352.78
  600.12,   598.73,   478.05
  601.34,   597.39,   603.15
  726.11,   351.02,   349.33
  727.10,   349.56,   474.44
  728.39,   348.36,   599.18
  724.84,   476.07,   350.68
  725.79,   474.48,   475.63
  727.39,   473.25,   600.60
  723.71,   601.36,   351.64
  724.75,   599.73,   476.71
  726.48,   598.40,   601.88
  851.08,   352.11,   348.15
  851.95,   350.76,   473.02
  853.16,   349.52,   597.77
  849.64,   477.27,   349.47
  850.54,   475.73,   474.26
  852.16,   474.44,   599.37
  848.62,   602.57,   350.32
  849.49,   601.01,   475.10
  851.16,   599.58,   600.47
  601.25,   350.50,   473.21
  599.21,   352.18,   598.18
  596.99,   353.90,   723.12
  604.83,   475.55,   471.82
  602.82,   477.21,   596.79
  600.68,   478.88,   721.48
  608.42,   600.62,   470.28
  606.60,   602.21,   595.39
  604.67,   603.90,   720.15
  725.88,   346.82,   475.59
  724.08,   348.55,   600.32
  722.30,   350.49,   724.81
  729.30,   471.67,   473.88
  727.81,   473.39,   598.85
  726.55,   475.26,   723.56
  732.97,   596.88,   472.04
  731.62,   598.48,   597.21
  730.47,   600.20,   722.31
  850.68,   343.28,   477.29
  848.79,   344.99,   602.03
  846.97,   346.82,   726.75
  854.02,   468.19,   475.66
  852.54,   469.85,   600.73
  851.31,   471.58,   725.66
  857.69,   593.43,   473.60
  856.25,   594.93,   598.94
  855.23,   596.62,   724.25
  598.34,   351.23,   598.37
  601.05,   348.14,   723.26
  603.84,   345.05,   848.11
  596.88,   476.28,   601.77
  599.63,   473.11,   726.40
  602.37,   469.83,   850.69
  595.59,   601.30,   605.17
  598.50,   598.16,   729.83
  601.17,   594.82,   854.15
  723.23,   352.70,   595.61
  726.36,   349.82,   720.05
  729.43,   346.83,   844.42
  721.92,   477.57,   598.93
  725.55,   474.61,   723.58
  728.71,   471.42,   847.95
  720.71,   602.68,   602.11
  724.40,   599.56,   727.13
  727.26,   596.14,   851.86
  847.98,   354.23,   592.43
  851.05,   351.23,   717.12
  854.14,   348.14,   841.70
  846.65,   479.11,   595.90
  850.34,   476.03,   720.79
  853.46,   472.75,   845.45
  845.36,   604.23,   598.90
  849.25,   601.09,   724.17
  851.81,   597.34,   849.34
  598.87,   474.65,    98.21
  601.50,   476.75,   223.29
  604.24,   478.72,   348.30
  599.86,   599.71,    96.31
  602.52,   601.97,   221.08
  605.20,   603.93,   346.09
  600.67,   724.85,    94.43
  603.41,   727.13,   218.84
  606.14,   729.11,   343.65
  724.56,   473.87,    95.46
  726.96,   475.96,   220.83
  728.97,   477.62,   345.78
  725.25,   598.51,    93.45
  727.74,   600.84,   218.60
  729.98,   602.90,   343.38
  725.88,   723.26,    91.34
  728.48,   725.34,   215.82
  730.94,   727.83,   340.82
  849.39,   472.70,    92.87
  851.82,   474.73,   218.30
  853.76,   476.61,   343.02
  850.09,   597.24,    90.72
  852.75,   599.47,   216.04
  854.89,   601.89,   340.52
  851.01,   722.25,    88.50
  854.03,   724.19,   213.10
  856.07,   726.53,   338.16
  599.91,   475.58,   225.70
  598.65,   477.21,   350.73
  597.38,   478.84,   475.80
  598.06,   600.80,   223.83
  596.75,   602.42,   348.88
  595.51,   603.94,   474.14
  596.10,   725.98,   221.96
  594.83,   727.59,   346.81
  593.69,   728.91,   472.17
  725.35,   477.71,   227.23
  723.36,   479.02,   352.19
  721.91,   480.42,   477.14
  723.27,   602.61,   225.32
  721.52,   604.30,   350.14
  720.14,   605.67,   475.21
  721.15,   727.16,   222.89
  719.64,   729.28,   347.94
  718.50,   730.95,   473.29
  850.20,   479.43,   228.68
  848.14,   480.94,   353.37
  846.62,   482.38,   478.16
  848.28,   604.19,   226.72
  846.41,   606.24,   351.20
  844.87,   607.67,   475.98
  846.67,   728.84,   224.11
  844.71,   730.89,   349.23
  843.33,   732.87,   474.41
  599.96,   476.18,   350.47
  599.09,   473.35,   475.52
  598.10,   470.58,   600.48
  599.39,   601.37,   353.10
  598.54,   598.44,   478.35
  597.71,   595.63,   603.43
  598.79,   726.53,   355.50
  598.04,   723.40,   480.88
  597.43,   720.45,   606.25
  724.70,   476.63,   351.58
  723.63,   473.57,   476.52
  723.18,   470.89,   601.46
  724.16,   601.89,   354.00
  723.17,   598.80,   479.06
  722.87,   596.00,   604.21
  723.60,   726.89,   356.29
  722.87,   724.08,   481.62
  722.49,   721.22,   607.04
  849.50,   477.19,   352.41
  848.37,   474.18,   477.19
  847.98,   471.43,   602.27
  849.06,   602.49,   354.70
  847.92,   599.44,   479.49
  847.59,   596.55,   604.85
  848.68,   727.18,   357.22
  847.70,   724.67,   482.35
  847.16,   721.88,   607.80
  599.68,   474.80,   475.66
  601.00,   474.55,   600.65
  602.21,   474.32,   725.35
  602.40,   599.89,   475.94
  603.91,   599.59,   601.06
  605.32,   599.38,   725.81
  605.19,   724.88,   475.91
  606.90,   724.43,   601.32
  608.45,   724.27,   726.46
  724.19,   471.77,   474.34
  726.03,   471.59,   599.31
  728.12,   471.56,   724.03
  726.99,   597.00,   474.32
  728.98,   596.71,   599.49
  731.18,   596.53,   724.59
  729.95,   722.29,   474.32
  731.87,   721.96,   599.76
  733.67,   721.63,   725.12
  848.90,   469.12,   472.71
  850.78,   468.89,   597.79
  852.87,   468.73,   722.73
  851.71,   594.39,   472.45
  853.62,   594.00,   597.81
  855.94,   593.80,   723.13
  854.77,   719.59,   472.72
  856.49,   719.31,   598.18
  858.43,   719.00,   723.55
  599.14,   476.32,   599.09
  599.23,   479.54,   723.76
  599.27,   482.62,   848.07
  602.41,   601.31,   596.08
  602.72,   604.55,   720.82
  602.73,   607.63,   845.26
  605.76,   726.09,   592.90
  606.22,   729.37,   718.04
  606.22,   732.70,   842.97
  724.17,   472.98,   598.95
  725.14,   476.39,   723.65
  725.63,   479.56,   848.08
  727.47,   598.04,   595.70
  728.55,   601.32,   720.78
  728.78,   604.28,   845.62
  730.72,   723.25,   592.53
  731.39,   726.38,   717.88
  731.36,   729.35,   842.80
  848.92,   469.89,   598.63
  849.94,   473.18,   723.55
  850.43,   476.27,   848.25
  852.11,   594.96,   595.22
  853.34,   598.21,   720.51
  853.31,   600.85,   845.73
  855.34,   720.23,   592.15
  856.16,   723.38,   717.52
  856.10,   726.09,   842.44
  599.04,   601.55,   101.60
  601.98,   605.55,   226.32
  604.94,   609.25,   351.29
  595.59,   726.63,    98.07
  598.60,   730.63,   222.44
  601.63,   734.35,   347.20
  592.37,   851.70,    94.32
  595.24,   855.45,   218.87
  598.57,   859.13,   343.55
  724.38,   604.54,    98.36
  727.12,   608.61,   223.42
  729.66,   612.45,   348.15
  720.74,   729.23,    94.58
  723.62,   733.08,   218.98
  726.39,   737.29,   343.95
  717.82,   854.61,    90.53
  720.99,   858.40,   214.86
  723.88,   861.96,   340.14
  849.21,   607.47,    95.23
  852.11,   611.45,   220.44
  854.55,   615.65,   344.87
  845.90,   732.47,    91.32
  849.15,   736.13,   215.80
  851.45,   740.17,   340.90
  843.29,   858.51,    87.46
  846.66,   862.29,   211.44
  848.63,   865.03,   337.11
  599.95,   602.00,   223.99
  602.71,   601.89,   349.03
  605.53,   601.68,   474.28
  603.20,   727.14,   223.75
  606.00,   727.04,   348.60
  608.94,   726.66,   473.97
  606.49,   852.00,   223.78
  609.58,   851.89,   348.55
  612.60,   851.58,   473.95
  725.13,   598.58,   221.44
  727.43,   598.54,   346.25
  730.08,   598.17,   471.26
  728.21,   723.07,   220.69
  730.75,   723.48,   345.71
  733.65,   723.46,   470.99
  732.25,   848.37,   220.03
  734.77,   848.16,   345.46
  737.42,   848.21,   471.39
  850.09,   594.92,   218.81
  852.28,   595.24,   343.30
  854.78,   594.96,   468.01
  853.69,   719.57,   217.91
  855.82,   719.90,   342.96
  858.44,   720.12,   468.02
  857.69,   845.66,   217.17
  859.44,   844.64,   342.86
  861.83,   844.53,   468.69
  600.91,   600.06,   349.18
  601.36,   597.37,   474.44
  601.86,   594.82,   599.53
  600.75,   725.23,   351.33
  601.30,   722.36,   476.71
  602.00,   719.66,   602.09
  600.85,   850.11,   353.83
  601.48,   847.29,   479.20
  602.03,   844.57,   604.79
  725.70,   600.18,   348.78
  725.99,   597.33,   473.82
  726.98,   594.78,   598.98
  725.56,   725.17,   350.80
  726.11,   722.63,   476.12
  727.04,   720.03,   601.54
  726.10,   849.87,   353.17
  726.41,   847.45,   479.07
  726.75,   845.14,   604.71
  850.62,   600.36,   348.18
  850.75,   597.59,   472.94
  851.67,   594.93,   598.29
  850.67,   725.04,   350.42
  850.96,   722.79,   475.53
  851.70,   720.26,   600.97
  850.89,   849.75,   352.91
  850.93,   847.27,   478.77
  851.22,   845.25,   604.20
  598.21,   601.15,   476.90
  595.41,   599.64,   601.98
  592.46,   598.22,   726.67
  595.10,   726.09,   478.05
  592.51,   724.43,   603.42
  589.74,   723.11,   728.50
  592.23,   851.00,   479.41
  589.49,   849.32,   604.97
  586.58,   847.97,   730.33
  722.79,   604.12,   479.60
  720.52,   602.63,   604.75
  718.36,   601.23,   729.80
  719.87,   729.38,   480.81
  717.51,   727.82,   606.24
  714.96,   726.26,   731.52
  717.11,   854.17,   482.65
  714.16,   852.89,   608.23
  710.90,   851.29,   733.22
  847.48,   607.37,   482.01
  845.20,   605.78,   607.38
  843.29,   604.34,   732.69
  844.64,   732.56,   483.57
  842.13,   731.11,   609.03
  839.75,   729.55,   734.32
  841.55,   856.99,   485.66
  838.55,   856.10,   611.07
  835.42,   854.75,   735.90
  601.11,   601.27,   601.36
  603.43,   603.55,   726.08
  605.47,   605.66,   850.51
  598.24,   726.06,   599.22
  600.70,   728.41,   724.34
  602.71,   730.77,   849.26
  595.26,   850.95,   597.19
  597.49,   853.28,   722.55
  599.49,   855.61,   847.63
  726.17,   604.20,   598.83
  729.26,   606.50,   723.92
  731.47,   608.48,   848.77
  723.21,   729.40,   596.73
  725.85,   731.56,   722.06
  727.81,   733.60,   846.94
  719.95,   854.45,   595.18
  721.83,   856.62,   720.19
  723.74,   858.41,   844.98
  850.80,   607.30,   596.17
  854.02,   609.59,   721.50
  855.92,   611.22,   846.73
  847.81,   732.61,   594.24
  850.57,   734.79,   719.56
  852.54,   736.56,   844.41
  844.35,   857.50,   592.72
  846.42,   859.97,   717.62
  848.63,   861.91,   842.19
