27, 125, pa2-debug-f-output1.txt
  206.88,   197.05,   204.42
  409.19,   403.31,   199.76
   99.18,   100.02,   100.13
  103.13,   100.88,   225.11
  107.85,   102.82,   349.07
  102.70,   224.47,    98.49
  105.51,   225.35,   223.32
  110.07,   227.41,   347.28
  106.51,   350.21,    97.67
  109.87,   351.56,   222.21
  112.88,   353.00,   346.24
  224.03,    97.48,    97.03
  228.12,    98.36,   222.06
  232.72,    99.43,   346.42
  227.26,   222.09,    95.81
  230.30,   223.06,   220.69
  234.98,   223.98,   344.99
  231.18,   347.07,    93.96
  235.11,   348.34,   218.96
  237.98,   349.42,   342.38
  348.65,    94.03,    92.55
  351.62,    95.41,   217.92
  355.75,    96.98,   343.14
  352.46,   219.22,    91.71
  355.44,   220.91,   216.91
  359.53,   221.51,   341.84
  356.85,   344.54,    90.96
  360.53,   345.27,   216.22
  363.57,   345.78,   340.07
  101.27,    99.01,   224.58
  102.36,   100.25,   348.42
  102.22,   101.41,   473.16
   97.25,   223.43,   222.85
   98.20,   225.03,   347.02
   98.63,   226.48,   472.12
   95.66,   349.32,   222.55
   95.16,   350.87,   346.90
   95.45,   351.28,   472.29
  225.82,   102.45,   224.94
  227.43,   103.21,   349.06
  227.88,   103.82,   473.95
  222.18,   227.45,   223.86
  223.46,   227.57,   347.95
  224.27,   228.88,   473.03
  220.42,   352.80,   222.56
  220.17,   353.12,   346.05
  220.21,   354.05,   470.83
  349.44,   106.25,   223.94
  350.37,   106.87,   349.71
  351.38,   107.72,   474.63
  347.37,   231.25,   223.64
  347.92,   231.34,   348.70
  348.24,   232.03,   473.34
  346.18,   355.63,   223.17
  345.67,   355.99,   347.09
  345.26,   356.67,   471.67
  101.37,   100.08,   349.74
   98.79,   101.95,   474.32
   94.84,   103.65,   599.74
   97.73,   225.22,   347.85
   95.71,   227.11,   472.35
   92.79,   228.92,   598.75
   95.24,   350.65,   346.82
   92.58,   351.92,   472.09
   91.10,   353.05,   598.47
  226.73,   102.82,   353.03
  223.85,   104.08,   477.47
  219.94,   105.80,   602.64
  222.95,   227.30,   351.22
  220.84,   228.98,   475.80
  217.46,   231.37,   601.28
  219.99,   352.75,   348.66
  217.45,   354.26,   473.16
  215.38,   356.04,   599.81
  349.33,   106.04,   355.94
  347.67,   107.41,   481.08
  344.86,   109.18,   605.66
  347.66,   230.58,   354.21
  345.15,   231.99,   479.22
  341.44,   233.98,   604.21
  345.38,   355.04,   352.04
  342.08,   356.39,   476.45
  339.42,   358.89,   602.52
  101.45,    98.26,   472.23
  100.83,   100.42,   597.64
  100.47,   102.20,   723.48
  102.84,   223.25,   469.60
  103.43,   225.93,   595.93
  103.38,   228.16,   722.18
  104.36,   348.32,   468.31
  105.92,   349.84,   594.62
  107.68,   351.68,   721.20
  226.99,    96.02,   472.14
  226.09,    98.13,   597.35
  224.55,   100.55,   722.62
  228.18,   220.96,   470.12
  227.93,   223.52,   595.20
  227.13,   226.46,   721.07
  229.09,   346.06,   466.96
  229.97,   348.37,   593.28
  231.92,   351.10,   720.79
  350.29,    94.82,   472.55
  351.03,    97.02,   597.33
  350.10,    99.79,   721.53
  352.28,   219.04,   470.12
  352.21,   221.75,   595.18
  351.33,   224.88,   719.41
  353.86,   343.78,   467.28
  353.99,   346.64,   592.98
  354.89,   349.85,   719.12
  101.12,   101.39,   598.02
  100.27,   100.64,   723.97
  101.27,    99.16,   849.09
   99.40,   226.97,   598.97
   99.11,   226.58,   725.37
   99.28,   224.99,   849.46
   97.40,   351.07,   600.96
   98.57,   349.74,   726.82
   98.15,   349.34,   850.68
  226.18,   103.75,   598.18
  224.48,   103.44,   723.67
  224.14,   103.06,   849.05
  223.77,   229.23,   599.11
  222.82,   229.28,   724.81
  222.99,   228.92,   849.19
  221.97,   353.78,   599.94
  222.96,   353.67,   727.30
  223.46,   352.83,   851.25
  351.09,   107.06,   598.83
  349.70,   106.98,   723.05
  349.09,   105.70,   847.95
  347.98,   231.67,   599.30
  346.76,   231.96,   723.69
  347.21,   230.68,   849.05
  345.59,   356.64,   599.91
  346.08,   357.25,   726.81
  347.23,   356.18,   851.93
  100.15,   222.42,    98.65
   96.50,   225.47,   223.38
   94.65,   230.46,   347.25
   98.12,   348.00,    95.34
   95.05,   351.73,   220.18
   91.93,   355.90,   344.29
   95.61,   472.85,    91.81
   93.08,   476.63,   216.48
   88.99,   481.05,   341.25
  224.39,   225.95,   102.16
  221.59,   229.48,   226.91
  219.94,   232.66,   351.06
  222.55,   351.26,    98.04
  219.95,   354.99,   222.94
  216.48,   357.99,   346.34
  221.02,   476.31,    94.20
  218.62,   479.82,   219.01
  213.82,   483.30,   341.98
  349.62,   229.50,   104.47
  346.68,   233.40,   229.63
  344.37,   236.36,   354.30
  347.90,   354.73,   101.09
  345.66,   358.04,   226.13
  342.10,   360.76,   349.67
  345.55,   479.52,    97.92
  343.26,   482.57,   222.62
  339.59,   485.79,   345.84
   97.85,   221.65,   224.59
  100.15,   220.15,   348.70
  102.35,   218.46,   473.49
  100.00,   347.77,   227.11
  101.50,   345.83,   351.37
  103.04,   343.29,   476.71
  102.08,   472.77,   229.93
  102.64,   471.18,   354.31
  103.86,   468.33,   479.51
  222.61,   221.30,   223.63
  225.47,   218.59,   348.06
  227.76,   216.52,   472.90
  224.92,   346.88,   225.95
  226.35,   343.86,   349.17
  227.96,   341.63,   474.26
  227.74,   471.60,   227.81
  227.46,   469.45,   350.98
  228.06,   466.98,   476.02
  347.93,   221.64,   222.17
  349.85,   218.18,   346.95
  351.87,   215.61,   472.04
  350.68,   346.01,   224.96
  351.90,   342.66,   348.81
  352.91,   340.22,   473.50
  352.64,   470.35,   227.26
  353.52,   467.42,   350.42
  354.35,   465.42,   475.23
   98.99,   222.79,   348.40
   96.11,   223.41,   473.12
   92.52,   223.92,   599.24
   99.97,   348.57,   348.82
   96.99,   348.32,   474.13
   94.78,   347.56,   600.78
  101.29,   473.84,   349.26
   97.94,   473.27,   474.82
   95.88,   472.49,   601.48
  224.34,   221.25,   352.43
  221.56,   221.68,   477.45
  217.05,   222.42,   602.77
  225.04,   346.65,   351.76
  221.40,   346.64,   476.35
  219.14,   346.86,   603.25
  225.83,   472.32,   350.99
  221.79,   472.06,   475.89
  220.22,   471.47,   603.75
  348.57,   220.95,   356.42
  345.51,   220.74,   481.15
  341.38,   221.06,   606.06
  350.38,   345.10,   355.61
  346.51,   345.44,   480.47
  342.66,   346.04,   606.15
  352.02,   470.45,   355.23
  347.77,   470.44,   479.92
  344.54,   471.20,   606.84
   99.25,   225.39,   474.87
  101.31,   225.73,   601.25
  102.55,   225.62,   727.42
   98.20,   350.47,   475.88
  100.93,   349.47,   602.29
  104.44,   349.17,   728.62
   96.80,   475.47,   476.50
  100.25,   474.32,   603.09
  104.11,   473.65,   729.62
  224.77,   225.60,   473.85
  225.56,   226.20,   599.01
  226.40,   226.97,   724.97
  223.00,   350.73,   472.75
  225.27,   350.81,   599.36
  228.43,   351.16,   726.96
  220.87,   476.19,   472.68
  224.63,   475.56,   600.33
  229.68,   475.12,   728.19
  348.77,   226.64,   472.47
  350.00,   227.24,   597.27
  350.52,   227.98,   721.96
  347.82,   351.51,   471.84
  349.33,   352.32,   597.66
  351.68,   353.09,   724.25
  347.34,   476.50,   471.27
  349.00,   477.36,   598.36
  351.70,   478.26,   725.72
   98.94,   225.79,   598.52
   96.18,   227.42,   724.68
   94.61,   228.40,   848.94
   96.27,   349.61,   597.62
   95.25,   350.91,   723.88
   92.66,   352.80,   847.71
   92.93,   474.60,   596.36
   92.14,   475.62,   722.84
   90.00,   478.12,   846.54
  223.39,   228.95,   600.44
  219.86,   231.61,   726.46
  217.94,   233.01,   850.71
  220.73,   353.43,   599.01
  219.68,   355.48,   726.18
  217.95,   357.02,   850.50
  217.26,   478.08,   597.78
  218.38,   479.30,   725.95
  216.93,   480.35,   849.75
  347.40,   232.28,   603.03
  344.02,   234.87,   727.43
  342.29,   235.66,   852.67
  344.39,   357.28,   601.34
  342.93,   359.71,   728.01
  341.64,   361.40,   853.11
  341.88,   482.31,   599.99
  340.49,   484.75,   727.73
  339.00,   486.07,   851.96
   99.17,   348.13,   102.05
  101.94,   348.95,   226.58
  104.84,   350.13,   350.67
   95.84,   472.41,   100.95
   99.15,   473.80,   225.97
  100.87,   475.45,   350.04
   91.69,   596.79,    99.88
   95.70,   597.74,   224.77
   97.34,   600.08,   349.25
  223.79,   352.03,    98.67
  226.96,   352.86,   223.69
  229.55,   353.01,   346.97
  221.33,   476.76,    97.77
  224.65,   477.52,   222.24
  225.92,   478.39,   345.28
  217.10,   601.50,    98.08
  221.24,   601.63,   221.28
  222.22,   603.54,   344.70
  349.16,   355.97,    95.66
  352.32,   356.35,   220.94
  355.13,   356.56,   344.55
  345.77,   480.84,    95.38
  349.28,   481.15,   220.24
  351.90,   481.66,   343.36
  341.68,   605.47,    95.30
  344.43,   606.38,   219.63
  348.03,   607.14,   342.79
  100.00,   348.60,   226.08
   95.61,   345.68,   350.22
   92.49,   342.34,   475.49
  104.47,   473.46,   229.43
   99.43,   471.08,   353.87
   95.68,   467.14,   479.14
  107.88,   597.24,   232.22
  102.70,   595.84,   356.73
   98.24,   592.62,   481.75
  224.81,   345.02,   229.69
  220.48,   341.61,   353.05
  216.96,   338.14,   478.11
  229.90,   469.69,   232.54
  224.13,   466.97,   355.49
  219.76,   463.40,   480.75
  233.50,   594.33,   235.37
  227.38,   591.85,   358.78
  223.02,   589.17,   484.45
  350.17,   341.55,   233.79
  346.06,   337.35,   357.45
  341.78,   334.48,   482.15
  354.57,   466.18,   237.18
  349.84,   462.29,   360.29
  345.62,   459.66,   485.06
  356.80,   591.22,   240.38
  353.76,   588.07,   363.85
  349.90,   585.10,   488.83
   97.76,   352.04,   348.03
   96.93,   355.01,   473.18
   96.70,   357.88,   599.63
  100.78,   477.19,   344.82
   99.31,   479.98,   470.06
   99.29,   482.80,   596.78
  103.75,   601.83,   341.46
  101.70,   605.40,   466.39
  101.28,   608.76,   592.40
  222.61,   348.67,   348.63
  221.36,   351.90,   473.06
  220.97,   355.30,   599.95
  225.61,   474.01,   344.56
  223.47,   477.23,   469.50
  223.69,   480.05,   597.14
  228.71,   599.02,   341.30
  226.17,   602.47,   466.66
  225.73,   605.70,   594.31
  348.17,   345.56,   350.86
  346.47,   348.80,   475.47
  344.70,   352.78,   601.10
  351.80,   470.22,   346.88
  349.74,   473.85,   471.58
  348.15,   478.12,   598.53
  354.40,   596.04,   343.98
  353.55,   599.38,   469.04
  351.75,   602.95,   595.54
   99.42,   349.26,   475.75
   99.78,   347.39,   602.11
  100.50,   346.05,   728.52
  100.94,   473.96,   477.23
  101.94,   472.35,   604.06
  103.42,   470.62,   730.65
  102.45,   599.44,   477.98
  103.01,   598.16,   604.29
  104.50,   596.53,   731.33
  224.00,   346.69,   475.28
  224.11,   346.02,   602.14
  224.49,   345.11,   729.20
  225.11,   471.91,   476.17
  226.30,   470.46,   603.85
  228.91,   468.74,   731.64
  227.27,   597.50,   477.56
  227.62,   596.04,   605.49
  229.91,   593.65,   733.20
  349.19,   344.30,   476.78
  347.91,   343.94,   602.67
  347.83,   344.06,   729.03
  351.56,   469.64,   477.24
  350.61,   469.25,   604.12
  350.82,   469.21,   731.97
  354.37,   595.19,   479.17
  353.38,   594.35,   606.14
  352.23,   593.37,   733.07
  102.53,   350.39,   599.34
  100.99,   348.92,   725.45
   97.76,   347.73,   849.45
  103.18,   475.28,   601.06
  102.37,   473.71,   727.57
   99.34,   473.24,   851.38
  102.57,   601.13,   600.98
  101.86,   599.72,   728.07
   99.32,   598.81,   852.58
  227.06,   350.32,   601.50
  225.16,   349.77,   728.63
  222.83,   348.61,   852.61
  227.88,   475.05,   602.92
  227.98,   473.50,   730.99
  225.53,   472.21,   854.94
  227.58,   600.19,   604.70
  227.47,   598.31,   732.32
  225.31,   596.75,   855.96
  350.72,   350.02,   604.26
  348.36,   350.00,   730.88
  346.47,   348.85,   856.28
  351.95,   475.08,   605.89
  350.05,   475.09,   733.39
  348.07,   473.67,   857.76
  353.25,   599.87,   607.65
  349.99,   599.20,   734.21
  347.44,   597.82,   857.76
  102.61,   476.15,   101.04
  106.18,   477.01,   225.85
  107.71,   477.55,   350.13
  103.51,   600.47,   100.57
  107.26,   600.97,   225.19
  109.11,   602.18,   349.59
  103.97,   725.64,   100.99
  108.38,   724.74,   224.99
  109.94,   726.86,   349.03
  228.16,   475.94,    98.06
  231.70,   475.78,   222.37
  232.63,   475.79,   345.50
  229.12,   600.48,    98.76
  233.07,   599.94,   222.11
  234.09,   600.98,   345.54
  228.65,   725.85,    98.99
  232.79,   723.97,   222.35
  235.53,   725.82,   346.61
  352.77,   474.95,    95.82
  356.12,   474.32,   220.66
  358.95,   474.12,   343.80
  353.45,   599.49,    96.17
  356.24,   599.46,   220.62
  359.79,   599.95,   343.77
  354.00,   724.40,    95.98
  355.59,   725.05,   219.57
  360.44,   725.80,   344.45
  102.79,   473.50,   225.41
  101.51,   476.53,   349.93
  101.41,   478.86,   475.28
  104.83,   597.30,   222.28
  103.65,   601.46,   346.82
  102.44,   604.18,   471.83
  106.41,   721.07,   219.98
  105.34,   725.84,   343.99
  104.23,   729.70,   468.30
  228.53,   471.70,   224.96
  226.30,   474.08,   348.23
  225.78,   476.54,   473.18
  230.65,   595.70,   222.20
  228.64,   599.30,   345.59
  227.42,   602.32,   471.18
  231.28,   719.76,   220.11
  230.73,   724.02,   344.00
  229.91,   727.68,   469.78
  353.14,   469.46,   226.26
  352.67,   471.67,   349.43
  351.73,   474.26,   474.17
  353.81,   594.51,   223.60
  354.20,   597.32,   347.13
  354.69,   600.05,   472.09
  353.66,   720.26,   220.45
  355.64,   722.98,   344.95
  357.22,   725.61,   470.99
  100.72,   475.43,   349.83
   98.44,   477.97,   475.43
   97.67,   480.15,   601.59
   99.84,   600.14,   346.65
   96.49,   603.38,   471.46
   95.54,   606.21,   597.94
   98.60,   724.74,   343.13
   95.37,   728.94,   467.35
   94.06,   732.26,   593.07
  225.23,   476.31,   350.11
  222.49,   478.89,   475.11
  222.20,   481.49,   603.08
  224.44,   601.06,   347.34
  221.15,   604.62,   473.02
  220.06,   607.06,   600.66
  223.72,   725.59,   345.73
  220.74,   729.80,   471.07
  217.89,   732.89,   597.16
  351.67,   476.71,   353.56
  348.60,   479.75,   477.94
  346.61,   483.55,   605.10
  350.25,   602.15,   350.70
  348.58,   605.25,   475.89
  346.02,   608.21,   602.86
  348.98,   728.13,   348.87
  348.22,   730.65,   474.53
  345.25,   732.67,   600.42
   98.80,   473.97,   475.40
   97.99,   474.98,   601.68
   98.00,   476.16,   728.27
   96.62,   599.38,   473.15
   95.68,   601.01,   598.99
   95.78,   602.42,   725.87
   95.00,   725.07,   469.70
   93.97,   726.84,   595.54
   93.78,   727.89,   721.83
  222.92,   475.06,   475.08
  222.67,   476.45,   602.82
  223.95,   477.49,   730.85
  221.41,   600.97,   473.90
  220.35,   601.96,   601.47
  221.48,   602.82,   729.31
  220.63,   726.11,   473.29
  218.12,   727.97,   599.80
  216.32,   728.61,   726.20
  348.80,   476.10,   477.87
  347.00,   478.68,   604.83
  345.80,   481.36,   732.53
  348.27,   601.85,   476.63
  346.34,   603.52,   603.71
  344.07,   605.27,   730.62
  347.70,   727.28,   476.31
  345.39,   728.04,   602.70
  341.64,   727.88,   728.12
   99.72,   473.83,   600.62
   97.95,   471.05,   727.18
   93.83,   469.34,   850.88
   97.40,   600.00,   602.24
   95.69,   596.95,   728.75
   92.11,   594.85,   853.65
   95.39,   725.78,   602.74
   93.52,   722.63,   728.79
   90.35,   719.80,   854.90
  224.09,   475.67,   603.91
  223.76,   472.60,   731.70
  220.59,   470.14,   855.23
  222.33,   600.83,   606.45
  221.28,   597.28,   734.20
  218.08,   594.66,   857.73
  219.55,   726.51,   608.83
  216.54,   723.44,   734.96
  213.78,   719.69,   859.34
  348.64,   477.61,   607.57
  345.60,   476.37,   735.11
  343.06,   473.69,   859.06
  347.69,   602.32,   610.43
  343.61,   600.13,   737.19
  340.33,   597.20,   860.59
  346.55,   726.58,   613.41
  341.09,   722.81,   738.54
  336.46,   720.46,   861.25
  100.55,   598.62,   100.07
  102.53,   599.94,   224.75
  102.49,   602.57,   349.51
   97.79,   723.72,    99.50
  100.35,   724.03,   223.82
  100.34,   727.13,   347.84
   95.10,   850.86,    99.70
   97.83,   850.62,   223.37
   98.14,   852.55,   346.62
  226.03,   601.44,    99.96
  227.90,   602.03,   223.52
  227.26,   604.32,   347.05
  222.49,   726.85,    99.28
  224.73,   726.04,   222.82
  225.81,   728.96,   346.68
  220.04,   852.49,    97.82
  222.32,   851.68,   221.42
  224.18,   853.98,   346.27
  350.31,   603.62,    99.40
  351.41,   605.06,   223.30
  353.07,   606.33,   346.83
  347.66,   728.57,    97.78
  347.52,   730.31,   221.78
  350.60,   731.84,   346.43
  345.50,   852.91,    94.87
  345.64,   854.48,   218.85
  348.87,   856.48,   345.48
  100.53,   600.23,   223.51
   96.72,   602.09,   347.98
   93.62,   602.22,   473.25
  101.77,   724.21,   223.51
   98.04,   726.38,   347.13
   94.70,   727.84,   471.69
  102.66,   850.89,   224.08
   99.17,   851.64,   347.16
   96.69,   852.43,   471.46
  225.93,   599.27,   225.81
  221.26,   600.13,   349.29
  217.67,   600.92,   474.61
  226.34,   723.15,   225.80
  223.06,   724.86,   349.98
  219.93,   726.31,   475.70
  226.78,   848.50,   225.84
  225.21,   849.78,   350.58
  222.65,   851.15,   475.61
  349.44,   598.26,   229.43
  347.24,   598.94,   352.73
  344.90,   599.13,   477.93
  349.15,   724.03,   228.62
  348.55,   724.32,   353.38
  346.99,   724.69,   479.21
  350.35,   848.07,   227.28
  350.07,   849.10,   353.42
  348.47,   849.36,   479.94
   98.39,   600.99,   348.16
   96.35,   605.15,   473.08
   96.63,   608.64,   599.16
   95.50,   725.73,   343.88
   93.21,   730.51,   467.89
   93.26,   734.29,   593.61
   92.03,   850.65,   340.27
   91.44,   854.79,   464.25
   91.96,   859.14,   590.01
  222.85,   603.84,   347.56
  221.02,   607.75,   473.02
  221.45,   610.94,   600.48
  220.43,   728.43,   344.69
  218.93,   733.31,   470.38
  217.60,   736.88,   596.60
  218.13,   853.31,   341.79
  217.30,   858.04,   466.89
  215.53,   861.64,   591.65
  348.95,   606.76,   349.29
  348.26,   610.24,   474.43
  347.32,   614.03,   601.35
  345.63,   732.17,   346.62
  346.02,   736.06,   472.42
  344.74,   738.34,   598.49
  342.88,   856.42,   342.81
  343.06,   860.36,   469.00
  341.07,   862.94,   594.62
   98.70,   599.81,   473.47
  100.96,   598.56,   599.68
  104.46,   596.78,   726.79
   99.10,   725.19,   473.12
  100.90,   724.53,   599.18
  104.18,   722.70,   725.61
  100.62,   850.26,   474.25
  102.72,   849.83,   599.71
  105.00,   849.11,   725.57
  223.19,   598.99,   471.37
  225.81,   597.70,   598.65
  230.10,   595.47,   726.52
  224.69,   724.62,   473.31
  225.56,   723.06,   599.93
  227.27,   720.92,   726.34
  226.46,   849.36,   474.83
  226.61,   848.21,   599.74
  226.21,   846.29,   725.50
  350.26,   597.66,   470.40
  351.59,   596.94,   597.53
  352.47,   596.21,   724.57
  351.68,   723.64,   473.15
  352.51,   721.21,   599.13
  352.33,   718.89,   724.50
  352.54,   848.18,   474.74
  352.82,   845.79,   600.49
  352.02,   842.27,   725.76
  101.29,   598.61,   600.88
  101.43,   599.30,   727.80
   99.73,   600.43,   852.60
   99.24,   724.49,   597.88
   99.16,   725.11,   724.30
   97.35,   725.35,   850.26
   99.18,   849.80,   596.36
   97.84,   851.73,   722.23
   95.49,   852.63,   847.95
  226.37,   599.89,   603.51
  226.88,   599.79,   731.40
  225.29,   600.73,   854.98
  223.76,   725.63,   602.04
  221.87,   725.96,   728.78
  220.65,   725.99,   852.84
  222.52,   850.64,   599.69
  218.63,   850.79,   725.02
  217.27,   851.37,   850.96
  352.13,   601.49,   605.72
  349.35,   602.99,   732.35
  347.63,   603.74,   855.99
  350.89,   726.05,   605.18
  346.71,   725.70,   730.30
  343.56,   726.54,   853.53
  348.60,   850.17,   604.21
  344.49,   849.40,   729.29
  341.20,   851.05,   852.17
  223.89,    99.97,   100.27
  221.55,    97.17,   225.53
  219.93,    93.72,   349.72
  223.80,   224.89,   103.28
  220.66,   221.69,   227.89
  219.25,   218.23,   352.43
  225.33,   349.88,   105.94
  222.36,   347.05,   230.75
  219.20,   343.66,   354.18
  348.33,    99.60,   102.08
  344.82,    97.10,   227.46
  343.11,    94.38,   353.09
  348.92,   224.92,   105.53
  346.05,   222.34,   230.84
  343.86,   218.78,   355.63
  350.49,   350.33,   109.28
  347.97,   346.88,   233.80
  344.63,   343.08,   357.60
  473.49,    99.76,   104.63
  469.45,    97.00,   229.81
  466.94,    94.65,   355.92
  474.56,   225.42,   107.82
  471.25,   222.56,   233.35
  468.06,   218.99,   358.59
  475.54,   349.76,   111.50
  473.16,   346.06,   236.81
  469.77,   342.78,   361.36
  224.76,    98.80,   225.72
  224.16,    99.97,   350.46
  222.64,   101.58,   474.96
  224.98,   223.35,   223.98
  224.22,   224.81,   348.30
  223.12,   226.46,   472.91
  227.03,   348.64,   222.04
  224.90,   350.20,   345.69
  222.87,   351.87,   470.47
  348.40,    98.13,   227.06
  347.35,    99.60,   352.37
  346.19,   101.42,   477.80
  350.18,   223.60,   226.15
  348.84,   224.39,   350.99
  347.19,   225.80,   475.67
  352.77,   347.91,   224.56
  350.38,   348.84,   348.62
  347.86,   350.37,   472.96
  472.86,    97.33,   228.42
  471.22,    99.48,   354.22
  470.49,   101.16,   479.84
  475.34,   223.24,   227.49
  473.16,   224.01,   352.52
  471.07,   224.83,   477.99
  478.03,   346.75,   226.65
  475.76,   347.64,   350.80
  472.95,   348.99,   475.61
  225.45,    98.04,   351.55
  226.74,   101.14,   476.01
  226.23,   104.95,   600.94
  224.40,   222.55,   347.74
  226.33,   226.26,   472.52
  226.27,   230.42,   597.91
  224.19,   347.66,   343.08
  225.10,   351.14,   467.73
  226.90,   355.01,   594.47
  348.36,    98.47,   350.51
  350.18,   102.02,   475.83
  351.13,   105.84,   600.33
  348.89,   223.38,   346.90
  350.23,   226.38,   472.15
  350.58,   230.37,   596.65
  349.53,   347.35,   342.86
  350.06,   350.90,   467.37
  350.90,   355.06,   593.18
  472.40,    99.01,   349.20
  474.54,   102.77,   474.70
  476.42,   105.80,   599.50
  473.19,   223.52,   345.77
  474.28,   226.52,   470.77
  474.92,   230.13,   595.71
  474.87,   347.21,   342.24
  475.42,   350.17,   467.08
  475.60,   354.93,   591.94
  227.09,    98.75,   474.80
  222.93,    99.84,   599.61
  218.27,   101.27,   724.82
  224.20,   223.68,   473.33
  220.72,   225.78,   598.79
  216.72,   227.86,   724.28
  221.05,   348.70,   471.08
  219.09,   350.31,   597.48
  217.55,   352.03,   724.82
  350.55,   101.70,   478.41
  347.91,   103.36,   603.02
  343.63,   104.64,   727.20
  348.43,   225.80,   476.91
  344.83,   227.99,   601.46
  340.61,   229.85,   725.87
  345.92,   350.70,   474.19
  343.03,   352.60,   600.25
  340.75,   355.03,   726.87
  474.97,   104.65,   481.16
  473.15,   105.69,   605.82
  470.04,   106.21,   730.45
  472.65,   228.30,   479.70
  469.38,   230.06,   604.35
  465.99,   231.90,   728.47
  471.04,   352.33,   477.55
  467.79,   354.84,   602.88
  464.76,   357.32,   728.82
  224.98,    99.75,   601.42
  221.17,    97.39,   726.77
  219.60,    95.38,   852.74
  228.29,   225.30,   604.53
  225.56,   223.58,   730.26
  223.79,   220.93,   854.62
  232.80,   350.11,   607.49
  231.83,   348.09,   734.61
  230.37,   345.08,   858.25
  349.87,    97.39,   603.87
  346.95,    95.05,   727.96
  344.78,    91.53,   853.19
  352.70,   221.94,   606.28
  349.18,   219.97,   730.64
  348.02,   216.70,   856.09
  356.31,   346.66,   608.97
  354.94,   345.27,   735.56
  354.10,   342.01,   860.99
  475.24,    93.94,   605.95
  473.75,    90.53,   730.26
  470.53,    87.24,   854.30
  477.27,   218.20,   608.34
  474.91,   216.43,   732.46
  474.16,   211.81,   858.62
  481.15,   343.02,   610.92
  478.86,   341.36,   736.61
  478.56,   337.36,   863.54
  223.23,   224.36,   101.31
  219.50,   224.71,   226.12
  217.31,   225.16,   350.49
  220.97,   349.28,   100.03
  217.24,   350.25,   224.76
  213.51,   350.93,   348.19
  218.67,   474.55,    99.08
  215.69,   475.31,   223.57
  209.76,   476.39,   346.65
  348.65,   228.35,   104.41
  344.67,   229.66,   229.48
  341.67,   229.51,   354.22
  346.31,   353.45,   103.90
  343.11,   353.78,   228.66
  338.82,   353.74,   352.33
  343.11,   478.10,   103.62
  340.03,   478.46,   228.00
  335.96,   478.97,   351.14
  473.95,   232.68,   107.07
  470.15,   233.60,   232.57
  466.09,   233.26,   357.87
  471.06,   356.92,   107.15
  468.35,   357.12,   232.21
  464.29,   356.95,   356.85
  467.86,   481.43,   107.16
  464.53,   481.21,   232.11
  461.70,   481.81,   355.52
  222.75,   225.24,   224.59
  225.03,   227.12,   348.60
  226.71,   229.52,   473.70
  224.09,   350.41,   221.96
  224.46,   352.65,   345.20
  225.49,   354.79,   470.09
  225.44,   475.34,   219.31
  224.55,   477.74,   342.33
  224.44,   480.38,   467.13
  348.23,   226.28,   223.59
  349.53,   227.99,   348.37
  350.80,   229.81,   473.11
  349.80,   350.95,   221.28
  350.16,   352.44,   345.16
  350.64,   354.53,   469.87
  350.05,   475.59,   219.48
  350.50,   477.46,   342.42
  350.77,   480.03,   466.96
  473.61,   227.05,   221.92
  474.13,   228.64,   347.27
  474.90,   230.26,   472.34
  475.07,   350.53,   220.42
  475.68,   352.29,   344.79
  475.96,   354.11,   469.60
  474.64,   474.87,   219.19
  476.28,   476.81,   342.65
  476.78,   479.50,   466.95
  225.20,   223.59,   349.61
  221.87,   226.38,   474.33
  217.55,   229.64,   599.36
  223.44,   349.17,   346.06
  219.51,   351.61,   470.51
  216.54,   354.10,   597.17
  221.68,   474.23,   342.64
  217.13,   476.74,   467.62
  215.01,   478.99,   595.16
  349.59,   225.67,   353.79
  346.29,   227.82,   478.58
  341.64,   230.97,   603.54
  348.71,   350.13,   350.57
  344.65,   352.78,   475.12
  340.32,   356.00,   600.86
  348.01,   475.33,   347.58
  343.46,   477.77,   472.14
  339.81,   481.10,   598.75
  473.89,   227.51,   357.33
  469.99,   229.62,   482.48
  465.96,   232.68,   607.09
  474.09,   351.25,   354.74
  469.49,   353.67,   479.38
  464.97,   357.21,   604.73
  473.63,   475.78,   352.04
  469.72,   478.56,   476.65
  464.69,   482.72,   602.79
  226.71,   226.72,   475.00
  225.79,   228.73,   600.20
  224.57,   231.18,   726.07
  227.44,   351.82,   472.39
  228.32,   353.71,   598.82
  229.16,   355.71,   726.17
  228.71,   477.03,   470.15
  230.03,   478.39,   597.71
  233.19,   479.34,   725.91
  350.79,   224.77,   475.64
  349.76,   226.90,   600.54
  348.35,   229.38,   724.63
  352.51,   349.64,   473.20
  351.99,   351.91,   598.74
  352.32,   354.57,   725.30
  354.66,   474.59,   471.07
  354.58,   477.36,   597.77
  354.89,   479.85,   725.48
  474.71,   223.18,   475.76
  474.36,   225.15,   600.84
  474.17,   227.25,   724.96
  477.70,   347.23,   473.48
  476.89,   349.64,   598.80
  476.44,   352.29,   724.97
  480.86,   472.26,   471.80
  479.76,   475.21,   598.20
  478.31,   477.72,   725.17
  224.27,   225.45,   599.23
  221.61,   225.05,   725.25
  220.16,   223.94,   849.54
  224.85,   350.14,   600.72
  224.28,   349.27,   728.15
  223.36,   347.89,   851.84
  225.39,   474.77,   602.57
  226.95,   472.97,   730.62
  225.76,   471.73,   854.48
  348.52,   225.29,   601.45
  345.31,   224.89,   725.65
  344.10,   223.23,   851.01
  348.97,   350.25,   602.58
  347.85,   350.01,   728.75
  347.28,   348.71,   854.12
  349.47,   475.66,   604.10
  348.75,   475.28,   731.59
  348.25,   473.72,   856.25
  473.14,   224.91,   603.22
  470.96,   224.74,   727.39
  470.38,   221.62,   853.30
  473.80,   349.59,   603.96
  471.54,   349.79,   729.90
  471.51,   347.53,   857.07
  474.67,   475.17,   606.21
  472.09,   475.18,   733.26
  471.16,   473.48,   858.23
  225.88,   348.88,   101.34
  224.95,   350.61,   226.25
  223.64,   352.23,   349.44
  223.90,   473.83,    99.33
  223.52,   475.84,   223.98
  220.69,   477.37,   346.92
  220.68,   598.83,    98.47
  220.99,   599.75,   221.86
  217.76,   602.35,   345.44
  351.11,   352.61,   102.38
  350.72,   353.98,   227.43
  349.17,   354.65,   351.30
  348.88,   477.13,   101.34
  348.35,   478.32,   225.71
  346.83,   479.85,   349.12
  345.30,   601.95,   100.27
  344.19,   603.42,   224.24
  343.50,   605.56,   347.44
  476.13,   355.38,   103.24
  476.09,   356.22,   228.45
  474.53,   357.33,   352.84
  473.29,   479.87,   102.21
  473.10,   480.76,   227.64
  472.59,   482.08,   350.85
  469.86,   605.03,   101.41
  468.22,   606.70,   225.71
  469.15,   608.08,   349.39
  225.42,   350.30,   225.12
  225.63,   350.34,   348.55
  225.93,   351.23,   473.24
  225.27,   475.37,   224.08
  223.82,   475.71,   347.22
  223.38,   476.31,   472.18
  224.18,   599.60,   223.24
  222.14,   600.88,   346.66
  221.77,   602.22,   472.15
  351.08,   352.02,   224.93
  351.22,   351.59,   348.79
  350.98,   352.15,   473.62
  349.90,   476.73,   224.73
  349.81,   476.76,   347.74
  349.73,   477.48,   472.67
  347.27,   601.70,   224.04
  348.10,   602.46,   347.45
  349.04,   603.13,   472.48
  476.44,   353.35,   224.53
  476.44,   353.05,   349.15
  476.09,   353.46,   473.85
  474.75,   477.39,   224.96
  475.93,   477.81,   348.61
  475.86,   478.46,   472.72
  471.59,   603.55,   224.55
  473.61,   603.74,   348.07
  475.29,   604.42,   472.73
  226.31,   348.88,   349.61
  228.08,   350.63,   474.48
  230.26,   352.96,   601.15
  225.36,   474.02,   346.85
  225.88,   476.20,   471.87
  229.37,   477.72,   599.63
  224.13,   599.00,   345.10
  224.74,   601.62,   470.24
  227.35,   603.42,   598.04
  352.20,   349.38,   348.95
  352.86,   351.35,   473.44
  354.23,   354.48,   599.41
  351.29,   474.49,   346.42
  352.19,   476.59,   470.93
  353.44,   479.54,   597.89
  350.14,   600.31,   344.48
  351.99,   602.33,   469.61
  353.06,   604.50,   596.40
  477.64,   350.31,   347.70
  478.46,   352.19,   472.52
  479.12,   355.04,   597.67
  477.37,   475.13,   345.94
  478.43,   477.22,   470.22
  478.76,   480.50,   596.53
  475.48,   600.89,   343.79
  478.44,   603.40,   468.46
  478.56,   605.72,   594.97
  224.36,   350.68,   473.41
  227.48,   348.17,   600.05
  230.24,   346.13,   727.13
  222.16,   476.09,   475.97
  225.88,   472.99,   603.45
  230.83,   469.33,   731.44
  220.20,   601.88,   479.58
  223.47,   598.38,   607.31
  228.50,   594.27,   734.86
  349.36,   352.23,   472.32
  351.26,   350.37,   597.96
  353.79,   348.33,   724.33
  348.16,   477.48,   474.71
  350.16,   475.32,   601.38
  352.95,   473.60,   729.12
  347.13,   603.27,   478.40
  349.06,   600.07,   605.30
  350.72,   597.34,   731.75
  474.91,   353.38,   470.48
  475.83,   351.56,   595.68
  477.65,   349.65,   721.51
  474.54,   478.66,   473.45
  475.32,   477.12,   599.71
  476.45,   475.36,   726.78
  473.98,   604.49,   476.88
  474.73,   602.15,   602.94
  473.74,   600.07,   729.36
  225.49,   348.75,   601.89
  229.09,   347.22,   728.81
  232.41,   344.82,   853.02
  225.41,   473.37,   604.48
  231.06,   470.70,   732.58
  234.07,   468.27,   856.13
  224.12,   598.97,   607.33
  229.83,   595.63,   735.02
  232.78,   592.78,   858.46
  349.13,   349.32,   598.91
  352.21,   348.16,   725.27
  356.16,   345.65,   850.81
  349.57,   474.56,   601.74
  352.87,   473.41,   729.24
  356.57,   470.93,   854.00
  349.73,   599.26,   604.66
  352.03,   597.37,   731.44
  354.86,   595.04,   854.69
  473.98,   349.43,   596.38
  476.45,   348.46,   721.95
  480.00,   344.98,   849.06
  474.74,   474.85,   599.28
  476.27,   473.96,   726.47
  479.23,   471.16,   851.35
  475.48,   599.86,   601.76
  475.15,   598.54,   728.28
  477.64,   595.99,   852.04
  226.59,   473.07,   101.03
  228.89,   471.60,   225.35
  228.36,   470.10,   348.56
  227.89,   597.93,   103.11
  230.69,   596.08,   226.62
  230.07,   595.31,   349.90
  228.19,   723.33,   104.78
  231.05,   720.11,   228.09
  232.15,   720.05,   352.55
  350.94,   471.97,    99.66
  353.46,   469.73,   224.57
  354.75,   467.93,   347.66
  352.53,   596.70,   102.11
  353.97,   595.09,   225.74
  356.17,   593.83,   349.42
  353.20,   721.73,   103.11
  353.62,   720.38,   226.73
  357.63,   719.33,   351.73
  475.76,   469.98,    97.93
  478.18,   467.39,   223.27
  480.64,   465.73,   346.80
  477.10,   595.10,   100.27
  478.18,   593.20,   224.86
  481.76,   591.31,   348.55
  477.70,   720.36,   101.41
  477.58,   719.89,   225.54
  482.48,   718.23,   350.30
  225.36,   475.44,   224.14
  222.98,   474.35,   347.38
  222.13,   473.06,   472.30
  228.45,   599.45,   225.09
  226.19,   599.53,   348.36
  224.65,   598.67,   474.09
  230.24,   723.49,   226.28
  229.33,   724.04,   350.57
  228.48,   724.39,   476.26
  349.82,   472.39,   225.65
  349.17,   470.80,   348.64
  348.07,   469.78,   473.56
  351.83,   597.22,   226.48
  351.88,   596.60,   349.90
  351.97,   595.50,   475.05
  352.87,   722.76,   226.83
  354.41,   722.05,   351.69
  355.42,   720.99,   477.34
  474.62,   468.63,   226.15
  474.94,   466.94,   349.86
  474.42,   466.41,   474.24
  476.23,   594.46,   227.55
  477.48,   593.04,   350.97
  478.16,   592.44,   475.91
  476.99,   720.85,   227.57
  479.42,   719.67,   352.35
  481.82,   718.00,   477.33
  223.25,   474.61,   348.09
  223.81,   475.71,   473.13
  226.74,   475.86,   600.83
  223.84,   599.92,   347.19
  223.92,   601.22,   472.92
  226.07,   601.48,   600.54
  224.04,   724.67,   347.38
  224.52,   726.56,   472.85
  225.10,   727.05,   599.62
  349.48,   473.88,   347.87
  350.08,   474.98,   472.62
  350.95,   476.77,   599.44
  349.44,   599.58,   347.24
  350.78,   600.63,   472.17
  351.83,   601.52,   599.07
  349.55,   725.56,   347.05
  351.78,   726.09,   473.17
  352.63,   726.07,   598.96
  475.20,   473.21,   347.65
  476.33,   474.15,   472.19
  476.14,   476.24,   598.66
  475.30,   599.17,   346.92
  477.36,   600.05,   471.82
  477.39,   601.47,   597.97
  474.05,   725.91,   346.56
  478.04,   726.20,   471.72
  478.89,   725.52,   596.54
  223.41,   475.82,   472.11
  224.43,   476.50,   599.41
  226.37,   476.86,   727.74
  220.25,   601.37,   471.39
  220.43,   602.07,   599.09
  222.24,   601.81,   727.22
  217.67,   726.74,   471.73
  216.28,   727.83,   597.89
  215.64,   727.62,   724.66
  349.57,   478.34,   473.45
  348.83,   480.14,   600.30
  348.25,   482.21,   728.00
  347.37,   604.10,   473.08
  346.09,   604.99,   600.17
  345.18,   605.90,   726.97
  344.91,   729.86,   473.78
  343.37,   729.54,   600.14
  341.06,   728.77,   725.40
  475.82,   481.07,   475.11
  473.64,   483.39,   601.72
  471.53,   485.61,   728.64
  473.76,   607.07,   474.73
  471.70,   608.51,   601.06
  467.74,   609.94,   727.34
  471.23,   732.95,   474.58
  469.88,   732.12,   599.72
  465.56,   731.63,   725.02
  225.67,   473.42,   600.88
  231.10,   472.07,   728.71
  234.17,   470.97,   852.80
  228.20,   598.60,   602.20
  233.30,   596.71,   729.82
  236.43,   595.44,   853.69
  230.11,   724.49,   602.70
  232.87,   722.23,   729.34
  236.07,   720.53,   853.52
  349.76,   471.24,   598.03
  353.03,   471.40,   725.97
  356.73,   470.17,   850.42
  353.62,   596.00,   599.61
  355.74,   595.31,   726.47
  358.34,   594.22,   850.18
  357.39,   720.32,   601.05
  357.93,   717.61,   726.45
  359.11,   716.73,   849.56
  475.18,   467.67,   595.96
  476.27,   468.21,   723.06
  479.16,   466.72,   848.24
  478.99,   593.07,   597.10
  478.63,   592.67,   723.76
  481.06,   591.84,   847.70
  483.19,   717.26,   597.23
  482.42,   715.25,   722.52
  482.88,   714.54,   847.18
  225.91,   598.02,    99.89
  226.65,   600.87,   223.33
  224.16,   605.46,   346.69
  225.59,   723.67,    97.16
  226.36,   724.87,   220.35
  225.41,   730.19,   344.28
  226.06,   849.07,    92.84
  226.45,   850.25,   216.66
  227.14,   854.86,   341.09
  350.50,   597.28,   101.16
  349.79,   600.84,   224.97
  350.05,   604.51,   348.34
  351.14,   722.05,    97.34
  349.25,   726.03,   220.98
  350.79,   729.97,   345.54
  352.07,   846.20,    91.82
  350.20,   850.35,   216.00
  351.70,   854.51,   342.20
  475.07,   596.26,   101.59
  474.16,   599.60,   226.11
  475.38,   602.83,   349.46
  475.58,   721.35,    97.65
  473.00,   726.11,   221.94
  475.59,   729.53,   346.40
  477.33,   845.06,    92.17
  474.65,   849.83,   216.53
  476.25,   853.73,   342.55
  226.28,   600.88,   223.56
  221.25,   603.27,   347.13
  217.66,   605.51,   472.28
  226.73,   724.70,   222.19
  223.42,   727.83,   346.13
  220.00,   731.06,   471.89
  227.48,   850.35,   220.34
  225.46,   853.16,   345.37
  223.03,   855.88,   470.23
  349.30,   599.91,   227.43
  347.41,   601.61,   350.89
  344.80,   603.48,   475.65
  349.40,   725.17,   225.02
  348.76,   727.43,   349.79
  347.13,   729.12,   475.66
  351.04,   849.44,   221.96
  350.50,   851.99,   348.54
  348.81,   854.04,   474.44
  473.68,   598.12,   230.66
  472.91,   599.71,   354.18
  471.34,   601.63,   478.86
  473.18,   724.82,   228.35
  473.69,   726.15,   352.81
  473.41,   727.60,   478.20
  475.40,   848.39,   224.79
  475.05,   850.82,   351.18
  474.41,   851.86,   476.63
  225.11,   598.73,   347.06
  222.61,   597.66,   472.36
  222.79,   595.72,   600.07
  224.20,   723.20,   349.29
  222.40,   723.37,   474.81
  220.49,   721.55,   601.66
  223.71,   848.57,   351.47
  222.34,   848.08,   476.58
  219.80,   846.43,   601.96
  351.29,   599.70,   349.72
  349.97,   598.38,   474.46
  348.51,   597.00,   601.47
  349.75,   725.67,   351.65
  349.66,   723.97,   477.46
  347.80,   721.46,   603.77
  348.59,   849.99,   353.30
  348.29,   848.97,   479.68
  345.90,   845.83,   605.28
  476.84,   600.51,   351.82
  476.55,   599.15,   476.42
  473.62,   598.42,   602.97
  474.44,   727.12,   353.49
  476.02,   724.99,   478.48
  473.94,   722.15,   603.92
  473.19,   851.77,   355.00
  473.91,   849.85,   480.36
  472.49,   845.84,   605.56
  221.63,   600.93,   473.31
  222.94,   599.84,   600.92
  226.19,   597.91,   729.19
  222.22,   726.38,   475.17
  221.95,   725.73,   601.64
  222.89,   723.83,   728.19
  223.59,   851.25,   476.26
  222.66,   850.30,   601.29
  221.25,   848.89,   726.81
  348.51,   600.66,   473.67
  349.02,   599.80,   600.79
  348.93,   599.19,   727.58
  349.25,   726.03,   476.05
  349.36,   724.19,   602.03
  347.95,   721.95,   727.64
  349.50,   850.86,   477.43
  348.82,   848.60,   603.31
  347.02,   845.90,   728.30
  475.23,   600.22,   473.90
  474.44,   600.22,   600.23
  471.87,   600.00,   726.97
  475.91,   725.96,   475.63
  475.66,   723.93,   600.77
  472.47,   722.08,   725.80
  474.78,   850.85,   476.52
  475.28,   847.72,   601.69
  473.76,   844.75,   727.25
  226.22,   600.12,   603.03
  229.01,   599.22,   730.77
  229.20,   599.48,   854.70
  221.34,   725.60,   602.40
  221.62,   725.08,   728.76
  222.07,   724.51,   853.19
  218.31,   850.60,   600.49
  216.07,   850.24,   726.04
  216.89,   850.17,   852.32
  352.01,   604.16,   603.52
  351.09,   604.66,   729.97
  351.25,   604.41,   853.83
  348.78,   728.36,   603.41
  346.37,   727.34,   729.03
  345.03,   727.46,   852.09
  344.28,   852.50,   603.36
  341.84,   851.34,   728.57
  340.43,   851.55,   851.66
  477.22,   607.97,   603.79
  474.15,   608.82,   730.10
  473.76,   609.50,   853.88
  474.86,   731.76,   602.57
  471.05,   730.86,   727.67
  469.08,   731.91,   851.94
  470.75,   855.42,   602.52
  468.56,   853.41,   728.26
  466.04,   854.44,   851.56
  350.22,   100.24,   100.98
  346.54,   103.12,   226.51
  344.06,   105.45,   351.88
  352.50,   225.52,    99.11
  349.10,   228.17,   224.53
  345.98,   229.84,   349.31
  355.59,   350.83,    97.44
  352.33,   352.86,   222.49
  348.54,   354.20,   346.17
  475.43,    98.91,   104.08
  470.69,   101.40,   229.40
  467.63,   104.30,   355.29
  477.89,   224.40,   102.09
  474.45,   227.17,   227.44
  470.54,   228.39,   352.60
  480.61,   348.83,   100.78
  477.71,   350.75,   226.10
  474.17,   352.23,   350.31
  600.52,    97.52,   108.72
  596.79,    99.52,   233.37
  593.62,   102.09,   358.08
  602.63,   222.95,   105.23
  598.95,   224.65,   230.55
  595.21,   226.35,   355.34
  605.40,   346.58,   103.54
  602.11,   348.11,   228.17
  598.59,   350.26,   353.09
  347.83,   102.18,   224.42
  349.96,   101.47,   349.67
  351.70,   100.35,   474.89
  350.14,   227.51,   225.97
  351.91,   225.86,   350.78
  353.32,   224.83,   475.75
  353.60,   352.10,   226.88
  354.42,   350.14,   350.95
  354.70,   349.40,   475.78
  472.13,   100.64,   222.58
  473.71,   100.13,   348.37
  476.07,    99.38,   473.73
  475.72,   226.38,   223.99
  476.47,   224.86,   349.14
  477.44,   223.40,   474.69
  478.66,   350.11,   225.91
  479.71,   348.17,   350.13
  480.00,   347.26,   474.70
  598.05,    98.96,   222.18
  599.62,    98.43,   346.76
  601.42,    97.61,   471.76
  600.44,   223.84,   222.35
  601.29,   222.59,   347.30
  601.85,   221.19,   472.36
  603.30,   348.00,   223.55
  604.43,   346.45,   348.39
  605.36,   345.07,   473.14
  348.15,   100.75,   351.93
  350.05,   101.02,   477.08
  350.47,   101.72,   601.87
  345.90,   225.29,   351.44
  347.26,   225.26,   476.39
  347.14,   226.33,   601.28
  343.91,   349.55,   350.59
  344.31,   349.83,   475.18
  344.46,   351.21,   601.04
  471.93,   104.20,   350.99
  473.86,   104.56,   476.07
  475.64,   104.33,   601.24
  470.56,   228.29,   350.24
  471.03,   228.14,   475.90
  471.64,   229.04,   600.80
  469.26,   352.12,   350.29
  469.30,   352.37,   474.85
  469.21,   353.69,   600.28
  598.00,   106.45,   349.57
  598.98,   107.03,   474.44
  600.16,   107.02,   599.46
  595.38,   230.70,   348.80
  595.84,   230.22,   474.26
  596.59,   231.29,   599.41
  594.42,   354.18,   349.03
  594.86,   354.12,   473.59
  595.31,   355.32,   599.43
  349.58,   102.37,   473.83
  352.18,   101.92,   598.56
  353.62,   101.55,   722.87
  347.60,   226.67,   474.03
  349.45,   226.70,   599.11
  350.90,   226.87,   723.16
  345.57,   351.38,   473.61
  348.12,   351.75,   599.56
  351.17,   351.91,   725.96
  473.69,   104.83,   471.02
  477.56,   104.13,   595.84
  480.29,   102.68,   720.28
  471.59,   228.40,   471.59
  474.06,   228.39,   596.16
  476.50,   228.53,   720.55
  470.68,   352.62,   471.28
  472.91,   353.08,   596.80
  475.21,   353.79,   722.38
  598.57,   106.53,   467.12
  601.64,   105.72,   592.30
  604.23,   104.90,   717.41
  596.35,   229.77,   467.51
  599.34,   229.96,   592.91
  602.93,   230.35,   718.15
  596.36,   353.84,   468.09
  598.57,   354.33,   594.02
  600.92,   355.13,   719.79
  350.64,   101.88,   601.30
  351.59,   100.58,   725.43
  353.90,    98.57,   850.27
  345.78,   226.47,   602.68
  347.02,   225.79,   726.73
  350.13,   223.71,   852.23
  342.59,   351.47,   604.24
  345.43,   351.10,   730.82
  349.03,   349.23,   855.89
  475.58,   105.87,   598.91
  478.38,   103.73,   723.27
  479.69,   101.25,   847.62
  470.28,   230.34,   600.28
  472.56,   229.53,   724.36
  476.09,   226.22,   850.53
  467.10,   354.69,   601.52
  469.35,   354.64,   727.45
  473.17,   351.97,   854.48
  599.94,   109.41,   595.90
  602.28,   107.40,   721.05
  604.08,   105.84,   845.25
  595.33,   233.49,   597.28
  598.84,   232.73,   722.43
  601.51,   229.69,   848.10
  593.00,   357.83,   599.36
  594.88,   357.64,   725.09
  597.65,   354.55,   851.06
  349.56,   226.65,   102.11
  346.14,   229.74,   227.33
  343.71,   232.02,   352.25
  353.92,   351.78,    99.65
  351.20,   354.20,   224.88
  347.65,   356.34,   348.66
  357.23,   476.38,    97.31
  354.87,   478.93,   222.20
  351.22,   481.18,   345.15
  474.70,   224.40,   104.38
  471.53,   227.27,   229.83
  468.36,   229.26,   355.21
  478.79,   348.63,   102.47
  476.42,   350.83,   227.78
  473.09,   352.81,   352.03
  481.99,   473.11,   100.86
  479.22,   475.14,   225.81
  476.77,   477.69,   349.46
  599.70,   221.12,   107.33
  596.59,   223.63,   232.49
  593.07,   225.73,   357.53
  603.57,   344.78,   105.15
  600.76,   347.23,   229.85
  597.77,   349.66,   354.87
  606.46,   469.14,   103.29
  603.94,   471.62,   228.41
  601.83,   474.27,   351.97
  350.28,   226.62,   225.99
  353.93,   226.86,   350.90
  357.03,   228.17,   475.58
  354.60,   350.91,   224.77
  356.78,   351.37,   348.77
  359.14,   352.68,   473.55
  357.50,   475.56,   223.51
  359.76,   476.36,   347.06
  361.87,   477.75,   471.57
  475.76,   224.45,   222.77
  478.39,   225.00,   347.66
  480.95,   225.90,   473.27
  479.85,   348.07,   222.12
  482.21,   348.64,   346.58
  484.47,   349.62,   471.23
  481.89,   472.55,   221.60
  485.39,   473.42,   345.28
  488.06,   474.85,   469.55
  600.53,   221.55,   219.34
  603.09,   222.09,   344.54
  605.32,   223.13,   469.31
  604.17,   345.03,   218.43
  606.88,   345.99,   343.32
  609.42,   346.86,   467.88
  606.50,   469.85,   218.02
  610.49,   470.55,   341.81
  613.52,   472.09,   466.54
  350.12,   224.92,   351.69
  354.10,   225.68,   476.81
  356.82,   227.15,   601.67
  352.97,   349.15,   350.00
  355.87,   350.16,   474.84
  359.07,   352.38,   600.60
  355.26,   474.35,   348.73
  358.12,   475.54,   473.16
  361.63,   477.61,   599.94
  474.41,   223.40,   347.99
  478.07,   223.92,   473.02
  481.25,   225.13,   598.03
  478.05,   346.97,   347.10
  481.14,   347.92,   471.41
  483.94,   349.91,   596.63
  481.14,   471.92,   345.79
  484.57,   473.11,   470.31
  486.80,   475.44,   596.46
  599.33,   221.01,   343.59
  602.46,   221.40,   468.81
  606.63,   222.81,   593.89
  602.89,   344.90,   342.82
  606.29,   345.14,   467.68
  609.72,   347.21,   593.30
  605.79,   469.22,   341.88
  609.76,   470.84,   466.34
  612.93,   472.19,   593.23
  349.32,   224.18,   476.34
  351.03,   224.41,   601.22
  352.18,   224.77,   725.53
  345.42,   349.07,   475.92
  347.71,   349.53,   601.67
  350.63,   350.23,   728.23
  342.33,   474.05,   476.04
  344.71,   474.58,   602.82
  348.29,   475.19,   730.45
  473.11,   227.96,   473.88
  475.41,   227.87,   599.00
  477.58,   228.38,   722.92
  470.74,   351.79,   473.86
  472.26,   352.45,   599.06
  474.71,   353.46,   725.21
  468.52,   476.98,   474.21
  469.98,   477.90,   600.34
  471.16,   478.67,   727.40
  597.85,   230.77,   470.59
  600.56,   230.91,   595.87
  603.86,   231.38,   720.82
  596.32,   354.57,   470.92
  598.10,   355.23,   596.76
  600.39,   356.15,   722.94
  594.08,   480.33,   471.67
  595.77,   480.35,   598.29
  596.72,   480.25,   724.85
  349.83,   224.38,   602.27
  347.26,   225.74,   726.52
  346.80,   225.91,   852.04
  348.68,   349.36,   601.58
  348.49,   351.02,   727.99
  348.47,   351.62,   853.19
  348.31,   474.43,   601.13
  347.90,   476.21,   729.04
  348.42,   476.51,   853.26
  474.31,   225.45,   603.03
  472.71,   226.85,   727.46
  472.96,   225.88,   853.47
  473.55,   350.07,   602.02
  472.28,   352.02,   728.03
  472.86,   351.37,   855.35
  473.31,   475.42,   602.28
  471.42,   477.64,   729.47
  471.15,   477.88,   854.68
  599.48,   226.09,   603.58
  599.32,   227.66,   728.59
  598.68,   226.62,   854.65
  599.42,   350.52,   603.15
  597.85,   352.41,   729.15
  597.33,   351.50,   855.26
  599.22,   475.48,   603.64
  596.82,   476.41,   729.99
  595.55,   476.75,   854.55
  349.85,   348.82,    99.46
  351.79,   348.76,   224.48
  353.14,   347.79,   348.53
  351.53,   473.72,    99.90
  353.86,   473.16,   224.47
  355.02,   473.09,   347.70
  352.54,   598.38,   100.16
  353.82,   598.50,   224.10
  356.02,   598.79,   347.71
  474.83,   347.61,    97.17
  477.13,   347.13,   222.77
  478.53,   346.29,   346.96
  476.42,   472.04,    97.95
  478.43,   471.22,   223.47
  480.86,   470.93,   346.81
  477.10,   597.30,    98.83
  478.24,   597.38,   223.45
  481.49,   597.08,   346.86
  599.76,   345.70,    95.10
  601.64,   345.24,   220.05
  603.51,   344.79,   344.73
  601.00,   469.90,    96.24
  603.19,   469.84,   221.12
  605.67,   469.26,   345.06
  600.90,   595.18,    96.98
  603.24,   595.47,   222.21
  606.82,   595.09,   344.95
  349.73,   350.36,   227.72
  352.43,   348.78,   351.53
  355.13,   348.12,   476.09
  350.75,   475.04,   228.27
  353.27,   474.10,   351.60
  355.58,   473.57,   476.51
  349.62,   600.44,   228.96
  353.35,   599.76,   352.52
  356.46,   599.20,   477.62
  475.33,   349.87,   224.52
  477.93,   348.58,   348.90
  480.44,   347.43,   473.43
  475.49,   474.20,   225.89
  479.09,   473.05,   349.48
  481.66,   472.55,   474.07
  473.97,   600.02,   226.82
  478.94,   599.25,   350.24
  483.14,   598.48,   475.20
  599.89,   349.16,   220.22
  602.75,   348.03,   345.44
  605.59,   346.71,   469.91
  600.10,   473.75,   222.56
  604.01,   472.46,   346.30
  607.28,   472.31,   470.67
  598.88,   599.22,   224.22
  603.60,   598.49,   346.88
  607.72,   598.42,   471.23
  351.98,   349.60,   348.13
  350.17,   348.92,   472.95
  349.04,   349.07,   598.66
  350.20,   474.76,   348.35
  348.85,   474.30,   473.15
  347.76,   474.52,   599.96
  348.45,   600.71,   349.18
  347.75,   599.85,   474.25
  346.34,   599.14,   601.51
  477.30,   351.38,   349.72
  475.65,   350.43,   474.22
  473.48,   350.74,   599.72
  476.48,   476.13,   350.26
  475.12,   475.38,   474.75
  472.90,   475.98,   601.28
  473.91,   601.95,   351.29
  474.12,   601.42,   475.85
  471.69,   601.37,   602.39
  602.01,   352.63,   350.31
  600.79,   351.37,   474.80
  599.34,   351.62,   600.68
  601.14,   477.25,   351.13
  600.76,   476.82,   475.63
  598.72,   476.98,   602.37
  599.11,   603.11,   352.09
  599.14,   603.43,   476.55
  596.99,   602.80,   602.81
  350.92,   349.35,   472.69
  348.28,   351.18,   598.34
  346.75,   352.90,   725.03
  350.77,   474.83,   471.22
  348.62,   476.24,   598.15
  347.28,   478.02,   726.04
  351.32,   600.32,   471.15
  348.83,   601.11,   598.06
  346.56,   601.77,   725.09
  476.19,   349.49,   475.02
  473.05,   350.94,   600.40
  470.96,   352.99,   726.21
  477.01,   474.39,   474.34
  473.66,   476.38,   600.51
  470.58,   478.53,   727.87
  477.68,   600.42,   473.83
  474.40,   601.73,   600.30
  469.70,   603.01,   726.84
  601.35,   348.75,   476.61
  598.76,   350.62,   602.64
  596.18,   352.72,   728.54
  602.59,   474.67,   476.17
  599.61,   475.84,   602.77
  595.89,   476.80,   729.47
  602.78,   600.82,   475.28
  599.61,   601.70,   602.01
  595.36,   601.64,   728.54
  349.24,   349.53,   601.18
  347.31,   352.88,   727.69
  345.52,   355.21,   853.34
  348.91,   474.68,   599.22
  347.23,   478.01,   727.04
  345.56,   480.27,   851.56
  348.60,   599.65,   597.54
  345.62,   602.16,   724.57
  343.01,   603.92,   848.09
  474.18,   350.48,   603.97
  471.37,   354.09,   729.76
  469.83,   355.20,   856.60
  474.32,   475.72,   602.23
  470.17,   479.37,   729.50
  468.43,   481.14,   854.20
  473.94,   601.03,   600.20
  468.39,   604.07,   726.73
  465.84,   605.88,   850.53
  599.90,   350.87,   606.54
  596.54,   354.47,   732.65
  594.22,   354.70,   858.40
  600.09,   475.90,   605.14
  595.44,   478.15,   731.81
  592.46,   480.38,   856.32
  599.31,   601.60,   602.75
  594.30,   603.30,   729.10
  590.99,   605.74,   853.56
  351.34,   473.87,   101.66
  352.09,   474.13,   226.30
  351.69,   474.80,   349.31
  349.50,   598.60,   101.36
  349.40,   599.45,   225.10
  350.22,   600.65,   348.69
  347.07,   723.65,   100.06
  346.56,   724.85,   223.80
  348.75,   726.25,   348.53
  475.77,   474.94,   101.08
  476.55,   474.81,   226.21
  477.61,   475.30,   349.92
  474.13,   600.08,   101.11
  473.74,   600.83,   225.68
  475.91,   601.42,   349.14
  472.07,   724.86,    99.65
  470.12,   727.30,   223.62
  473.34,   727.93,   348.46
  600.50,   474.97,   100.40
  601.41,   475.96,   225.53
  602.92,   476.34,   349.22
  598.14,   600.46,   100.70
  598.87,   601.51,   225.86
  600.98,   602.18,   348.58
  596.04,   726.65,   100.02
  596.29,   727.10,   224.60
  598.60,   728.48,   347.82
  349.59,   475.18,   223.97
  349.34,   471.99,   347.16
  348.73,   469.44,   471.76
  347.11,   600.19,   226.66
  347.70,   597.53,   350.22
  348.21,   595.01,   475.01
  344.07,   725.79,   228.82
  346.27,   723.24,   353.92
  347.62,   720.60,   479.62
  474.10,   475.95,   224.23
  475.30,   472.46,   348.12
  475.04,   470.25,   472.39
  471.13,   601.57,   227.24
  473.29,   598.79,   350.72
  474.90,   595.88,   475.24
  467.67,   728.04,   228.97
  470.91,   725.27,   353.79
  474.18,   721.94,   479.17
  598.81,   476.76,   223.25
  600.03,   473.71,   347.12
  600.65,   471.05,   471.70
  596.28,   602.41,   227.40
  598.47,   599.21,   350.26
  599.90,   597.44,   474.37
  593.41,   728.10,   229.91
  596.00,   725.66,   352.93
  598.07,   723.28,   476.75
  352.62,   474.55,   349.58
  355.52,   471.74,   474.42
  358.90,   469.53,   601.02
  354.13,   600.13,   352.80
  357.87,   597.19,   478.03
  361.00,   594.41,   604.79
  354.98,   726.04,   356.65
  359.97,   722.60,   482.12
  362.81,   718.78,   608.19
  478.42,   472.19,   347.05
  481.64,   469.68,   471.38
  484.01,   468.16,   597.54
  479.52,   598.27,   349.96
  483.99,   595.57,   474.75
  486.29,   593.41,   601.12
  479.76,   724.79,   353.45
  485.99,   721.28,   478.30
  488.90,   717.52,   603.29
  603.22,   470.61,   343.14
  607.14,   468.07,   467.73
  609.80,   465.55,   594.47
  604.49,   596.27,   346.28
  608.93,   594.17,   470.52
  611.26,   591.29,   596.85
  604.85,   722.58,   349.12
  609.74,   719.89,   472.66
  612.45,   717.30,   598.22
  349.38,   473.10,   472.68
  352.25,   471.99,   599.44
  355.98,   470.54,   727.05
  352.26,   598.50,   475.44
  355.06,   596.69,   602.49
  357.27,   594.57,   729.27
  354.71,   724.02,   479.03
  357.37,   720.69,   605.04
  358.52,   717.16,   730.38
  475.74,   470.75,   470.28
  477.60,   469.78,   596.39
  479.52,   469.01,   723.54
  478.74,   596.57,   472.67
  480.48,   595.13,   599.06
  480.48,   593.71,   725.44
  480.95,   722.46,   475.45
  483.33,   719.10,   600.72
  482.78,   716.16,   726.12
  601.27,   468.56,   467.27
  603.46,   466.87,   593.73
  605.16,   464.89,   720.22
  603.20,   594.82,   469.25
  605.33,   592.78,   595.63
  606.65,   589.86,   722.24
  604.64,   720.49,   470.78
  606.72,   718.60,   595.99
  607.71,   716.22,   723.06
  348.28,   476.85,   600.12
  346.88,   478.41,   728.10
  346.16,   478.14,   852.35
  346.20,   602.03,   600.67
  343.88,   601.77,   727.73
  342.15,   601.74,   851.15
  343.46,   726.12,   601.01
  340.10,   724.72,   726.68
  336.82,   724.99,   849.82
  473.39,   479.69,   602.48
  470.21,   481.06,   729.77
  468.71,   481.02,   854.60
  471.34,   604.94,   602.79
  466.68,   605.75,   728.98
  464.68,   605.68,   852.99
  470.11,   728.57,   601.95
  464.42,   727.51,   727.36
  460.95,   727.92,   851.39
  598.99,   481.41,   604.74
  595.49,   481.65,   731.46
  593.06,   481.51,   856.01
  596.37,   607.25,   604.12
  592.19,   607.01,   731.06
  589.63,   607.03,   855.50
  593.53,   732.76,   602.12
  589.18,   732.68,   729.20
  586.47,   732.24,   853.83
  351.57,   601.18,   101.87
  354.47,   604.11,   225.84
  358.50,   607.60,   349.37
  350.76,   726.11,    98.50
  352.47,   729.45,   222.15
  357.62,   733.18,   347.20
  350.59,   850.03,    93.50
  352.65,   853.48,   217.67
  357.48,   857.44,   344.00
  476.36,   601.28,    98.91
  478.55,   604.41,   223.73
  483.95,   607.20,   346.92
  475.46,   726.46,    95.38
  476.51,   730.90,   219.56
  482.44,   733.95,   344.18
  475.78,   850.30,    90.36
  477.04,   854.27,   214.54
  481.95,   858.19,   340.67
  600.27,   600.63,    95.59
  603.98,   603.88,   220.82
  608.77,   606.59,   343.39
  599.51,   726.98,    93.12
  602.43,   729.47,   217.69
  607.39,   732.70,   340.43
  600.57,   851.79,    88.60
  602.76,   854.24,   212.54
  606.95,   857.64,   337.11
  351.16,   600.23,   225.28
  348.89,   598.59,   348.59
  346.10,   596.33,   473.40
  348.61,   725.66,   226.63
  347.53,   724.07,   351.41
  346.08,   721.90,   477.03
  347.40,   849.74,   227.24
  346.73,   848.58,   353.48
  344.96,   846.93,   479.70
  475.43,   601.10,   228.94
  474.60,   599.00,   352.05
  472.59,   597.02,   476.95
  472.45,   727.61,   229.74
  472.48,   725.61,   354.39
  472.11,   723.03,   479.73
  471.84,   851.76,   229.89
  471.07,   850.01,   356.38
  470.56,   847.81,   482.18
  600.44,   601.55,   231.88
  599.49,   599.15,   354.60
  597.45,   597.91,   479.04
  598.29,   727.30,   233.53
  597.38,   725.50,   356.58
  596.45,   723.90,   480.58
  597.84,   851.83,   233.86
  595.94,   850.77,   358.49
  594.44,   849.21,   482.57
  352.21,   602.16,   347.57
  352.59,   604.75,   472.68
  352.08,   607.70,   599.52
  348.39,   727.86,   345.69
  349.77,   730.46,   471.32
  349.05,   732.09,   597.60
  345.18,   851.99,   342.85
  346.04,   855.16,   469.28
  345.05,   856.38,   595.00
  477.88,   605.09,   348.58
  478.96,   607.79,   473.29
  477.35,   611.35,   599.55
  473.14,   731.40,   346.19
  476.11,   733.91,   471.35
  475.45,   735.12,   596.17
  469.70,   855.83,   343.05
  471.62,   858.37,   468.95
  471.62,   858.89,   594.24
  602.87,   607.79,   348.51
  603.56,   611.26,   472.65
  602.53,   614.20,   599.03
  598.37,   733.79,   345.80
  599.73,   737.07,   469.18
  598.80,   739.93,   594.14
  594.58,   858.66,   342.59
  596.02,   862.11,   466.79
  595.73,   864.30,   592.06
  348.62,   601.73,   475.02
  351.19,   605.47,   601.94
  353.76,   608.64,   728.62
  348.54,   727.50,   472.87
  350.63,   729.83,   598.82
  351.73,   731.52,   724.47
  347.25,   852.27,   470.23
  349.34,   854.03,   595.88
  350.01,   855.25,   721.05
  475.30,   602.35,   472.74
  476.70,   606.55,   598.84
  476.85,   610.29,   725.20
  474.41,   728.16,   469.95
  476.95,   730.21,   595.00
  476.43,   732.50,   719.90
  472.83,   853.01,   466.84
  475.78,   854.26,   591.98
  476.86,   855.01,   717.33
  600.02,   603.09,   469.04
  601.77,   606.87,   595.44
  602.73,   609.42,   721.87
  598.51,   728.87,   465.12
  600.62,   732.17,   590.13
  601.18,   735.70,   716.91
  597.05,   853.99,   462.01
  599.85,   857.53,   586.97
  601.87,   860.02,   712.25
  351.48,   599.91,   602.62
  352.24,   599.68,   729.54
  353.40,   599.33,   853.23
  349.56,   724.27,   603.61
  349.16,   722.23,   728.72
  348.79,   722.23,   851.82
  347.02,   848.64,   603.72
  346.11,   846.15,   729.19
  346.07,   846.24,   852.22
  476.95,   602.14,   601.42
  475.15,   602.60,   727.84
  476.21,   601.99,   851.85
  476.17,   725.86,   600.93
  473.50,   724.67,   726.55
  473.11,   724.93,   850.89
  473.52,   849.85,   601.83
  472.76,   847.17,   727.32
  471.65,   847.34,   850.85
  602.07,   603.57,   599.90
  600.94,   602.88,   726.54
  601.26,   602.64,   851.38
  599.87,   729.40,   598.36
  598.13,   729.22,   725.46
  599.05,   728.34,   850.37
  597.73,   854.01,   598.48
  597.84,   853.17,   724.32
  598.22,   852.47,   848.71
  472.66,    98.75,    99.92
  471.79,    97.85,   225.19
  472.96,    96.77,   351.26
  473.10,   224.35,   101.57
  473.46,   223.50,   227.16
  473.64,   221.30,   352.04
  473.82,   348.81,   103.48
  474.92,   347.16,   228.83
  475.29,   345.03,   353.52
  597.93,    99.28,   100.47
  598.12,    97.54,   225.63
  598.81,    96.94,   350.14
  598.07,   224.35,   100.91
  598.35,   222.65,   225.85
  598.46,   221.22,   351.16
  598.94,   348.42,   102.63
  599.47,   346.69,   227.25
  600.12,   344.74,   352.42
  723.17,    99.30,   101.38
  724.64,    97.36,   226.06
  726.02,    95.93,   349.22
  723.27,   224.24,   100.52
  723.40,   221.08,   225.07
  723.51,   220.07,   349.82
  724.60,   347.48,   101.78
  724.54,   346.37,   225.72
  724.11,   344.57,   350.79
  472.76,   101.97,   225.59
  469.45,   105.84,   351.18
  466.60,   109.05,   476.61
  471.61,   227.55,   222.62
  467.52,   230.23,   347.92
  463.71,   232.89,   472.94
  469.95,   351.21,   219.97
  466.27,   353.57,   344.26
  461.50,   356.88,   469.11
  598.72,   105.09,   229.75
  594.83,   108.75,   354.41
  591.61,   111.94,   479.47
  596.44,   229.91,   225.85
  592.30,   232.74,   350.80
  587.97,   235.21,   475.95
  594.70,   353.63,   222.90
  590.73,   356.42,   347.74
  586.99,   359.34,   472.44
  725.18,   107.79,   234.51
  721.59,   110.56,   357.89
  717.18,   113.47,   481.79
  721.44,   231.40,   229.12
  716.93,   234.49,   354.10
  713.03,   237.58,   478.68
  719.44,   356.54,   225.56
  714.78,   359.19,   350.32
  711.79,   362.26,   475.65
  472.25,   100.92,   350.78
  475.05,   102.86,   476.23
  477.69,   104.29,   601.31
  475.54,   225.51,   349.17
  476.98,   226.70,   474.21
  478.34,   228.84,   599.18
  479.28,   349.01,   347.19
  480.30,   350.57,   471.85
  480.98,   353.38,   597.12
  598.48,    98.33,   348.94
  600.46,   100.57,   473.83
  602.19,   102.01,   598.80
  600.42,   222.99,   346.82
  601.76,   223.99,   471.88
  603.40,   226.35,   596.89
  604.15,   346.63,   345.21
  605.55,   347.69,   469.76
  606.88,   350.36,   595.83
  725.46,    95.65,   346.74
  726.54,    96.61,   470.45
  727.06,    99.12,   595.87
  724.95,   219.57,   344.63
  726.94,   221.14,   469.07
  729.12,   223.85,   594.57
  728.04,   343.93,   342.42
  730.30,   345.29,   467.61
  732.40,   347.66,   594.76
  474.18,   102.98,   474.68
  475.31,   100.60,   599.67
  475.17,    98.26,   724.32
  477.70,   226.57,   476.53
  477.07,   225.06,   601.39
  476.71,   224.00,   725.76
  481.97,   350.55,   477.65
  480.90,   349.76,   602.96
  480.59,   349.18,   729.03
  599.66,    99.12,   474.10
  599.57,    97.23,   599.33
  599.10,    94.98,   724.36
  602.14,   222.53,   475.55
  602.16,   221.51,   600.95
  602.86,   220.21,   726.31
  607.48,   346.31,   477.65
  606.63,   345.69,   603.45
  606.03,   345.00,   729.06
  725.76,    94.29,   472.57
  724.40,    92.90,   597.94
  723.72,    92.70,   724.16
  727.17,   218.23,   474.57
  727.94,   217.71,   600.19
  728.16,   217.30,   725.82
  732.32,   342.86,   477.20
  732.34,   341.50,   604.03
  733.99,   339.13,   729.83
  476.27,   100.23,   601.47
  475.67,    99.09,   725.85
  473.76,    97.73,   849.94
  476.02,   224.50,   601.46
  474.77,   224.80,   725.61
  474.91,   222.90,   852.15
  477.48,   349.36,   601.90
  476.12,   350.24,   727.70
  476.90,   348.44,   854.59
  600.82,    98.85,   601.62
  599.54,    98.30,   726.91
  598.54,    97.50,   850.89
  601.17,   223.40,   601.85
  600.79,   223.70,   726.89
  600.57,   221.72,   852.65
  603.28,   347.54,   602.61
  601.84,   348.44,   728.52
  601.53,   346.05,   854.40
  725.49,    96.99,   601.06
  724.00,    98.91,   727.41
  725.64,    99.65,   853.07
  726.81,   222.15,   601.88
  726.40,   223.10,   727.42
  727.01,   222.15,   852.07
  729.12,   346.12,   603.90
  729.50,   345.25,   730.07
  729.20,   342.83,   853.68
  475.98,   227.67,    98.35
  475.07,   224.98,   223.85
  474.44,   221.34,   349.11
  479.32,   352.19,   102.48
  479.36,   348.74,   227.65
  478.75,   344.88,   351.94
  482.11,   476.67,   106.33
  482.19,   472.84,   231.48
  482.22,   469.68,   354.83
  600.62,   225.31,    98.48
  600.17,   221.79,   223.84
  599.24,   218.45,   348.91
  604.42,   348.93,   102.13
  604.18,   345.38,   226.88
  603.52,   341.80,   352.03
  606.43,   472.89,   106.28
  606.87,   469.83,   231.07
  607.49,   466.54,   354.80
  726.09,   222.06,    99.34
  725.26,   217.34,   223.75
  724.07,   214.36,   348.65
  729.76,   345.29,   102.33
  728.62,   342.40,   226.06
  727.63,   338.76,   351.14
  732.22,   468.58,   106.08
  731.67,   467.26,   229.80
  731.49,   463.88,   353.95
  476.33,   228.39,   224.86
  477.21,   228.98,   349.79
  478.29,   230.04,   475.33
  474.62,   351.79,   223.90
  475.37,   352.50,   348.32
  475.56,   353.88,   473.00
  470.76,   476.36,   223.23
  472.43,   477.15,   346.96
  473.33,   479.17,   471.23
  601.45,   230.86,   223.11
  602.16,   232.06,   348.27
  602.84,   233.29,   473.08
  599.12,   354.83,   221.97
  600.06,   355.88,   346.88
  601.15,   357.15,   471.68
  595.55,   479.34,   221.85
  597.35,   480.54,   345.33
  598.86,   482.70,   470.19
  726.40,   233.16,   221.45
  726.68,   234.79,   346.38
  727.84,   235.78,   471.19
  723.89,   358.26,   219.61
  724.05,   358.99,   344.41
  726.14,   360.73,   470.09
  720.23,   483.07,   219.16
  721.61,   484.57,   342.87
  723.37,   486.49,   468.22
  472.93,   223.87,   351.03
  474.59,   224.63,   476.27
  476.09,   226.59,   601.16
  470.87,   347.33,   349.42
  471.77,   348.54,   474.20
  472.81,   350.85,   599.37
  467.74,   472.30,   348.35
  469.47,   473.74,   472.51
  469.89,   476.69,   599.08
  597.74,   227.14,   348.61
  598.97,   227.74,   473.43
  601.06,   229.86,   598.66
  595.74,   350.58,   347.43
  597.29,   351.54,   471.99
  598.42,   353.88,   597.96
  592.86,   475.51,   346.37
  595.01,   477.09,   470.64
  595.70,   479.25,   597.47
  722.60,   229.77,   346.15
  724.11,   230.73,   470.66
  726.72,   233.37,   596.39
  719.66,   354.31,   344.14
  722.13,   355.02,   469.73
  724.33,   357.25,   596.72
  717.09,   479.48,   342.93
  719.61,   481.12,   468.53
  720.87,   481.73,   595.68
  472.15,   224.82,   474.18
  472.74,   223.12,   599.05
  472.57,   221.29,   723.07
  471.77,   349.00,   475.68
  471.53,   347.53,   601.02
  471.80,   346.51,   726.74
  471.32,   474.04,   477.83
  470.53,   472.95,   604.25
  470.39,   472.10,   731.52
  597.00,   226.18,   472.45
  597.55,   224.30,   597.72
  599.03,   222.68,   722.90
  597.19,   349.82,   475.02
  597.08,   348.56,   600.69
  597.21,   347.30,   726.43
  597.13,   475.38,   477.42
  596.75,   473.81,   603.86
  595.75,   471.38,   730.38
  721.89,   226.77,   470.96
  723.54,   225.56,   596.33
  724.57,   224.64,   721.86
  722.00,   351.38,   473.77
  722.97,   349.43,   600.71
  724.64,   346.64,   726.47
  721.40,   477.11,   476.26
  721.90,   474.05,   603.91
  721.72,   470.81,   730.63
  474.40,   225.43,   600.02
  475.46,   224.47,   724.22
  478.05,   221.46,   850.26
  474.03,   350.00,   601.35
  475.16,   349.81,   726.88
  477.61,   347.12,   854.01
  473.96,   475.41,   603.49
  474.17,   475.21,   730.65
  476.48,   473.17,   855.72
  599.51,   226.09,   597.93
  601.92,   225.32,   723.31
  603.66,   222.30,   848.76
  599.87,   350.36,   599.76
  600.70,   350.00,   725.66
  602.61,   346.93,   851.68
  599.82,   475.55,   602.32
  599.69,   474.04,   728.79
  600.54,   472.31,   853.46
  725.47,   227.02,   596.08
  727.35,   226.70,   721.38
  729.78,   225.21,   845.94
  725.53,   350.83,   599.25
  728.31,   348.98,   724.86
  730.34,   345.73,   848.79
  724.91,   475.17,   601.13
  725.83,   472.68,   727.89
  726.47,   471.59,   852.00
  474.08,   349.31,   100.91
  472.84,   344.96,   226.15
  470.94,   340.81,   350.54
  475.31,   473.56,   105.52
  474.13,   469.13,   230.43
  472.93,   465.37,   354.21
  475.88,   598.79,   109.91
  473.87,   594.87,   234.17
  473.81,   591.33,   357.48
  599.21,   347.27,   101.98
  597.63,   343.22,   227.03
  595.67,   339.15,   351.75
  600.08,   471.66,   106.93
  598.84,   467.58,   231.85
  597.98,   463.65,   355.69
  599.83,   597.09,   111.70
  598.91,   593.29,   236.36
  599.01,   589.25,   359.27
  724.64,   344.98,   103.48
  722.16,   341.47,   227.48
  719.90,   337.50,   352.34
  725.50,   468.49,   107.83
  723.80,   466.49,   232.09
  722.23,   462.72,   355.74
  725.53,   593.73,   113.12
  724.84,   590.87,   237.08
  723.53,   588.09,   359.57
  474.30,   348.43,   225.03
  474.83,   351.06,   349.39
  474.54,   353.77,   474.04
  477.25,   472.82,   222.39
  478.63,   475.44,   346.10
  478.75,   479.19,   470.60
  478.58,   598.53,   219.72
  480.83,   601.48,   342.98
  482.94,   604.82,   467.53
  598.91,   345.03,   223.30
  599.33,   347.53,   348.45
  599.93,   350.06,   472.82
  601.99,   469.31,   221.20
  603.61,   471.97,   345.35
  604.44,   475.51,   469.92
  603.46,   594.68,   219.34
  605.89,   598.05,   342.19
  607.53,   601.95,   466.54
  723.56,   341.52,   221.45
  723.49,   344.05,   346.52
  724.73,   347.14,   471.95
  727.04,   466.48,   219.50
  727.77,   469.31,   343.28
  728.82,   473.10,   468.53
  729.39,   590.59,   218.02
  730.73,   594.34,   340.52
  730.96,   598.71,   464.60
  476.55,   349.10,   349.46
  473.75,   346.74,   474.17
  470.83,   345.35,   599.42
  473.61,   473.80,   351.74
  471.36,   471.69,   475.99
  468.17,   470.76,   602.54
  469.41,   599.74,   354.07
  468.30,   597.78,   478.87
  465.07,   595.86,   605.37
  601.27,   352.43,   350.93
  598.97,   349.56,   475.65
  596.58,   348.40,   601.31
  598.34,   477.29,   353.17
  596.82,   475.06,   477.97
  594.00,   473.39,   604.70
  594.52,   602.89,   355.74
  593.40,   601.36,   480.26
  590.11,   599.22,   606.62
  725.24,   355.92,   351.38
  724.04,   353.53,   477.10
  722.54,   351.67,   604.13
  722.53,   481.05,   353.86
  721.31,   479.22,   479.54
  719.05,   476.15,   607.02
  718.78,   606.41,   356.53
  716.69,   605.33,   480.91
  715.17,   601.82,   607.77
  474.00,   348.63,   474.03
  471.71,   350.17,   599.40
  469.78,   351.68,   725.31
  476.44,   473.79,   473.30
  473.58,   475.39,   599.63
  470.90,   477.11,   726.75
  478.91,   599.59,   473.60
  475.82,   600.74,   599.98
  471.23,   601.78,   726.36
  599.32,   346.76,   475.23
  597.28,   348.22,   600.92
  595.17,   349.92,   727.13
  602.17,   472.14,   475.17
  599.55,   473.28,   601.70
  596.37,   473.92,   728.02
  603.75,   598.65,   474.48
  600.96,   599.21,   601.07
  597.29,   598.87,   727.96
  724.18,   345.39,   476.15
  723.23,   346.22,   603.01
  722.64,   346.33,   729.06
  726.68,   471.33,   476.30
  724.79,   470.98,   603.70
  722.47,   469.96,   730.31
  727.00,   597.22,   474.85
  725.51,   596.80,   601.78
  723.63,   595.36,   729.58
  475.88,   350.41,   598.00
  477.91,   353.76,   723.88
  481.36,   354.33,   851.21
  475.30,   475.74,   597.04
  476.33,   479.08,   724.20
  478.92,   480.47,   849.42
  474.42,   601.07,   595.45
  473.52,   603.48,   721.87
  475.30,   605.26,   846.10
  601.95,   351.52,   595.93
  603.27,   354.80,   721.86
  606.11,   354.78,   847.84
  601.03,   476.56,   595.21
  601.82,   478.59,   721.61
  603.31,   480.35,   846.35
  599.55,   602.21,   592.78
  599.49,   603.65,   719.45
  600.93,   605.55,   844.30
  727.66,   352.70,   594.28
  730.83,   354.11,   720.62
  733.86,   354.18,   844.12
  726.41,   477.36,   592.88
  727.86,   477.84,   719.88
  729.30,   480.14,   844.23
  724.22,   603.25,   589.45
  726.26,   603.36,   717.06
  727.25,   606.01,   842.99
  476.64,   476.32,    99.83
  474.90,   472.59,   225.23
  473.00,   469.63,   348.74
  479.33,   601.34,   103.26
  476.53,   598.50,   227.96
  475.96,   595.25,   351.39
  481.66,   726.66,   105.82
  477.85,   724.87,   229.99
  478.66,   722.17,   354.64
  600.90,   471.68,   101.84
  599.35,   468.64,   226.46
  597.95,   465.55,   350.70
  603.41,   597.17,   105.75
  601.61,   594.05,   230.77
  601.03,   591.41,   353.22
  606.28,   723.22,   108.94
  603.74,   719.80,   233.35
  603.35,   717.75,   356.03
  726.61,   466.57,   103.51
  724.09,   465.25,   227.37
  722.25,   462.12,   351.29
  728.60,   591.60,   107.63
  727.33,   589.33,   231.90
  725.60,   587.47,   354.13
  731.20,   718.81,   111.85
  730.81,   713.79,   236.00
  728.10,   712.34,   357.41
  474.78,   472.52,   226.06
  474.07,   470.78,   349.58
  472.37,   469.48,   474.01
  474.87,   598.40,   227.40
  475.19,   596.66,   350.74
  475.19,   595.65,   475.54
  474.13,   725.07,   227.94
  475.89,   723.25,   352.72
  477.28,   721.64,   477.83
  599.48,   470.82,   226.40
  599.06,   468.82,   350.28
  597.90,   467.47,   475.06
  599.86,   596.05,   229.36
  600.30,   594.43,   352.05
  599.98,   593.83,   476.41
  600.11,   721.78,   230.36
  601.06,   720.80,   353.45
  601.12,   719.70,   477.03
  724.24,   468.97,   226.22
  723.22,   467.15,   350.46
  722.57,   466.09,   475.85
  725.77,   593.11,   229.64
  724.70,   592.59,   351.83
  723.42,   592.31,   476.42
  727.52,   717.63,   232.15
  725.53,   717.68,   353.68
  723.13,   717.97,   476.64
  474.98,   476.01,   351.45
  470.84,   478.20,   476.11
  466.09,   481.72,   602.34
  474.03,   601.97,   349.35
  471.39,   604.19,   474.07
  466.43,   606.84,   600.37
  472.36,   728.53,   347.87
  471.45,   730.07,   473.03
  467.23,   730.74,   597.87
  600.02,   476.11,   355.18
  596.30,   478.53,   479.65
  591.54,   481.37,   606.54
  599.00,   601.93,   353.01
  596.16,   604.73,   477.34
  591.12,   607.39,   603.97
  597.30,   728.35,   351.19
  595.30,   730.79,   474.53
  590.90,   732.63,   599.76
  724.35,   476.84,   357.53
  720.93,   479.27,   483.09
  716.93,   480.80,   610.71
  723.51,   602.23,   355.35
  719.55,   605.28,   479.76
  716.16,   606.54,   606.84
  722.06,   727.35,   353.94
  717.23,   731.32,   476.33
  713.34,   735.01,   602.50
  475.67,   476.32,   474.64
  477.29,   478.81,   601.09
  478.68,   480.97,   728.21
  479.60,   602.03,   473.88
  481.35,   603.89,   600.35
  480.86,   605.32,   726.67
  483.45,   727.91,   473.44
  485.34,   727.90,   598.27
  484.51,   727.82,   723.77
  601.04,   472.55,   471.82
  602.77,   474.34,   598.50
  603.96,   475.51,   724.80
  604.32,   599.06,   470.58
  606.35,   600.12,   596.88
  607.08,   600.50,   723.59
  607.25,   724.76,   468.49
  609.12,   725.75,   593.65
  609.32,   726.77,   721.08
  725.62,   469.76,   468.40
  728.23,   470.08,   596.13
  730.19,   469.86,   722.73
  728.06,   595.88,   466.64
  730.91,   595.85,   593.41
  733.50,   595.56,   721.02
  729.16,   721.33,   464.14
  732.00,   723.89,   590.14
  737.54,   723.64,   717.68
  475.87,   477.05,   602.17
  478.08,   477.56,   729.01
  482.18,   475.77,   854.17
  477.26,   602.07,   603.26
  477.69,   601.78,   729.73
  481.12,   600.75,   853.54
  479.00,   726.10,   603.74
  478.54,   724.43,   728.81
  480.39,   723.69,   853.05
  601.78,   475.53,   598.81
  603.43,   474.90,   725.23
  606.61,   473.58,   850.12
  602.37,   601.43,   599.47
  603.60,   599.87,   725.98
  606.28,   598.73,   850.90
  602.27,   727.03,   598.20
  603.48,   726.06,   725.57
  606.70,   724.56,   850.61
  726.78,   473.89,   595.57
  729.76,   471.71,   722.45
  732.67,   471.06,   846.82
  726.77,   599.62,   594.84
  730.08,   597.24,   722.51
  732.29,   597.29,   848.11
  725.46,   727.65,   593.89
  731.71,   725.65,   721.80
  736.55,   721.63,   847.82
  474.18,   598.78,   100.18
  472.67,   601.67,   224.98
  473.34,   604.64,   348.02
  476.73,   723.65,    96.60
  473.22,   728.11,   220.65
  474.86,   731.30,   345.24
  480.07,   847.59,    91.21
  476.67,   851.92,   215.66
  477.53,   855.50,   341.61
  598.19,   595.12,   101.24
  597.65,   598.02,   226.49
  598.56,   601.23,   348.92
  600.66,   721.17,    98.45
  599.07,   723.98,   223.08
  599.86,   727.32,   345.89
  604.51,   846.26,    94.01
  602.52,   848.38,   218.03
  602.61,   852.20,   342.48
  723.24,   590.23,   102.42
  723.61,   594.10,   226.67
  722.81,   597.81,   348.88
  725.12,   718.06,   100.21
  726.36,   718.36,   224.96
  724.84,   722.62,   346.34
  728.94,   844.77,    96.18
  729.33,   844.16,   221.22
  727.08,   848.73,   343.86
  472.71,   599.07,   225.55
  470.79,   597.08,   348.81
  468.30,   595.77,   473.18
  471.07,   725.49,   225.98
  470.42,   723.66,   350.84
  469.05,   721.70,   475.69
  472.12,   849.53,   226.17
  470.43,   848.33,   352.47
  468.87,   846.16,   477.94
  597.93,   597.77,   229.37
  596.04,   596.19,   352.04
  593.10,   595.15,   476.50
  597.22,   723.94,   230.89
  595.21,   722.43,   353.94
  593.12,   721.09,   477.78
  597.84,   848.75,   230.97
  595.19,   847.41,   355.36
  592.93,   846.14,   479.57
  723.94,   596.08,   232.46
  720.46,   595.09,   354.74
  716.63,   594.60,   479.24
  724.27,   720.54,   235.16
  719.80,   720.30,   356.80
  715.20,   720.51,   479.65
  724.71,   846.47,   236.41
  719.65,   846.48,   359.13
  715.16,   847.48,   481.61
  475.89,   598.73,   348.37
  475.91,   597.78,   472.94
  473.39,   597.16,   599.59
  472.35,   725.44,   349.99
  473.85,   723.79,   475.06
  472.06,   721.07,   599.92
  469.31,   849.83,   350.92
  470.46,   848.17,   476.65
  469.39,   844.72,   601.97
  601.06,   600.73,   349.29
  600.68,   600.19,   473.72
  598.24,   599.19,   600.12
  597.34,   727.23,   350.67
  597.72,   725.95,   474.45
  595.64,   724.52,   599.54
  594.11,   851.80,   351.53
  594.65,   851.43,   475.84
  593.41,   849.39,   600.89
  725.30,   602.55,   349.29
  724.32,   602.76,   473.71
  723.19,   600.70,   600.61
  721.90,   727.66,   351.11
  719.48,   728.52,   473.51
  718.59,   728.38,   599.66
  719.04,   853.93,   352.86
  716.92,   855.45,   475.28
  716.00,   855.75,   600.57
  478.26,   600.99,   473.46
  480.73,   603.36,   599.92
  481.64,   605.30,   726.05
  481.43,   726.53,   472.18
  484.85,   726.99,   597.10
  484.92,   728.01,   722.47
  483.06,   851.42,   470.72
  487.24,   851.01,   595.74
  489.12,   850.11,   721.13
  603.23,   597.85,   468.91
  605.99,   600.08,   595.57
  607.53,   601.08,   722.10
  605.21,   723.83,   466.62
  607.99,   725.72,   591.68
  609.52,   727.30,   718.70
  607.28,   849.02,   465.00
  610.69,   850.81,   589.96
  613.45,   852.23,   715.70
  726.66,   595.06,   464.26
  730.33,   596.35,   591.01
  733.85,   596.31,   718.45
  727.51,   721.07,   461.20
  731.14,   723.93,   587.11
  737.57,   724.51,   714.74
  729.48,   847.90,   460.10
  733.59,   851.63,   584.65
  739.15,   853.30,   710.31
  476.50,   599.00,   599.43
  475.55,   598.00,   726.00
  477.66,   595.76,   849.99
  474.78,   723.03,   600.70
  473.06,   720.25,   726.05
  473.27,   718.66,   850.39
  471.38,   846.70,   603.07
  471.06,   842.57,   728.75
  471.16,   840.73,   851.93
  601.56,   601.72,   596.97
  601.73,   599.23,   723.58
  602.92,   597.21,   848.53
  598.18,   727.52,   597.08
  598.02,   725.59,   724.23
  599.25,   722.96,   849.25
  595.31,   852.27,   598.89
  596.08,   849.78,   724.60
  596.98,   847.27,   849.38
  726.03,   604.09,   594.04
  728.16,   600.53,   721.81
  728.88,   599.39,   847.18
  721.03,   731.84,   594.03
  725.51,   729.09,   721.69
  729.42,   723.99,   847.55
  717.86,   859.25,   595.53
  721.59,   856.95,   721.02
  723.89,   852.45,   848.57
  600.41,   101.58,    98.59
  599.11,    99.61,   223.40
  598.78,    98.01,   348.30
  599.75,   226.79,    99.31
  598.56,   224.58,   224.82
  597.34,   222.50,   349.59
  599.53,   350.39,   101.79
  598.84,   348.27,   226.42
  598.41,   346.13,   351.36
  725.50,   102.63,   101.02
  725.76,   100.21,   225.37
  725.63,    98.17,   348.55
  725.18,   227.13,   100.46
  723.77,   223.83,   225.09
  722.30,   222.21,   349.74
  725.24,   350.44,   102.10
  723.58,   348.82,   226.05
  722.19,   346.49,   350.82
  851.34,   103.85,   101.34
  851.87,   101.54,   226.46
  851.11,    98.25,   349.44
  850.93,   228.19,   102.18
  849.37,   225.45,   226.60
  847.20,   222.73,   350.80
  850.47,   351.55,   103.41
  848.34,   349.51,   226.93
  846.80,   347.75,   351.53
  600.29,   102.33,   225.77
  603.46,   104.16,   350.66
  606.82,   106.19,   475.34
  599.30,   227.47,   223.66
  601.87,   228.54,   348.55
  604.36,   229.47,   473.57
  598.83,   351.09,   222.29
  601.99,   352.23,   346.92
  604.77,   353.60,   471.78
  726.81,   103.30,   224.34
  730.38,   104.51,   347.32
  732.46,   106.19,   470.82
  724.17,   227.33,   220.31
  726.38,   228.84,   344.84
  729.44,   230.38,   469.54
  724.06,   352.34,   217.88
  725.88,   353.49,   342.77
  729.81,   354.74,   468.10
  852.75,   105.42,   221.36
  855.22,   105.49,   344.64
  857.74,   106.00,   468.09
  849.75,   229.24,   218.10
  851.09,   230.15,   342.34
  854.69,   232.31,   466.84
  848.47,   353.30,   215.00
  850.46,   355.14,   339.45
  853.66,   357.87,   465.99
  598.14,   100.75,   350.48
  600.03,   102.60,   475.21
  601.24,   103.51,   600.72
  594.98,   225.25,   348.92
  595.94,   225.86,   473.84
  597.05,   228.09,   599.38
  593.26,   348.77,   347.77
  594.26,   349.80,   472.42
  595.17,   352.24,   598.08
  725.04,   102.96,   348.84
  725.84,   104.10,   472.74
  726.04,   106.27,   598.01
  719.82,   227.24,   347.18
  720.80,   228.31,   471.72
  723.06,   230.84,   597.21
  717.37,   351.77,   345.46
  719.46,   352.71,   470.50
  721.04,   355.02,   597.82
  850.34,   105.40,   348.05
  850.93,   106.00,   471.52
  852.47,   108.09,   596.87
  844.33,   230.17,   345.94
  846.21,   232.16,   470.79
  849.22,   233.75,   595.91
  841.75,   355.05,   343.48
  843.41,   357.12,   470.00
  845.32,   358.37,   596.69
  597.84,   101.26,   475.65
  595.96,   103.55,   600.97
  593.70,   105.22,   725.99
  596.28,   224.74,   473.08
  594.35,   227.80,   598.27
  593.00,   230.90,   723.42
  597.46,   348.49,   470.84
  594.80,   351.94,   596.26
  592.29,   355.85,   722.40
  723.91,   100.49,   476.14
  720.64,   103.73,   601.43
  717.81,   108.22,   727.73
  721.66,   224.75,   474.06
  720.25,   228.41,   599.62
  718.73,   231.92,   725.07
  722.33,   349.41,   472.10
  720.73,   352.20,   599.16
  719.89,   354.35,   725.18
  849.30,   100.08,   477.87
  847.61,   103.22,   603.36
  848.50,   108.82,   730.24
  847.16,   226.22,   476.31
  846.52,   228.65,   601.36
  846.67,   233.06,   726.12
  846.46,   351.40,   474.74
  845.17,   353.41,   601.21
  846.01,   352.42,   726.96
  597.91,   100.75,   598.11
  594.89,   100.39,   723.65
  591.10,   100.20,   847.51
  594.53,   225.08,   598.04
  591.79,   225.78,   723.05
  589.52,   224.05,   848.94
  592.55,   349.40,   598.51
  588.95,   350.62,   724.25
  586.31,   349.08,   850.33
  722.63,   102.99,   599.90
  718.96,   105.23,   726.30
  718.12,   106.21,   851.81
  719.90,   227.84,   600.68
  717.36,   229.26,   726.14
  715.21,   228.43,   850.75
  718.37,   351.69,   602.06
  716.03,   351.42,   727.94
  713.39,   349.68,   851.73
  849.57,   104.87,   603.06
  849.42,   107.95,   729.80
  849.82,   109.28,   857.06
  846.25,   230.42,   603.08
  845.24,   232.43,   727.96
  844.60,   233.28,   853.69
  842.83,   354.74,   605.61
  842.44,   351.61,   731.02
  840.24,   349.72,   854.62
  600.90,   226.65,   100.01
  597.67,   226.88,   225.36
  593.73,   227.08,   350.23
  604.81,   350.43,   100.18
  601.82,   350.47,   224.72
  598.47,   350.83,   349.67
  607.56,   474.53,   100.49
  604.66,   475.09,   225.28
  602.48,   475.33,   349.18
  726.08,   223.06,   103.95
  722.47,   222.40,   228.34
  718.50,   222.98,   352.98
  730.52,   346.43,   102.91
  726.43,   347.18,   226.88
  722.37,   347.56,   351.70
  732.94,   469.66,   103.17
  729.91,   472.08,   227.18
  726.47,   472.54,   351.01
  852.31,   220.46,   107.78
  847.75,   220.02,   232.36
  843.29,   219.91,   356.49
  855.57,   344.04,   107.05
  850.94,   343.96,   230.07
  846.50,   344.70,   355.05
  859.09,   467.62,   106.26
  855.34,   467.33,   228.66
  850.85,   470.07,   353.64
  601.26,   227.39,   226.37
  600.01,   224.44,   351.50
  598.84,   221.45,   476.49
  600.88,   351.12,   228.99
  600.09,   348.05,   353.93
  599.15,   345.29,   478.54
  599.46,   475.99,   232.87
  599.46,   472.93,   356.57
  599.10,   470.73,   481.09
  726.36,   227.72,   226.62
  724.98,   224.87,   351.51
  724.33,   222.55,   475.86
  725.80,   352.39,   228.68
  724.16,   349.35,   353.55
  724.30,   346.83,   478.98
  724.22,   477.64,   232.04
  723.69,   474.62,   355.65
  723.77,   472.76,   481.67
  851.53,   229.77,   228.05
  849.53,   226.57,   352.35
  849.65,   224.30,   476.94
  850.05,   353.62,   229.11
  848.57,   351.22,   353.99
  848.37,   349.66,   480.36
  850.00,   477.01,   230.97
  848.29,   476.68,   355.73
  847.05,   475.09,   482.37
  600.48,   225.75,   347.97
  596.91,   224.60,   473.04
  593.98,   224.32,   598.02
  603.68,   349.62,   348.78
  600.39,   348.16,   473.44
  596.45,   348.51,   599.23
  606.52,   474.41,   349.90
  603.21,   473.76,   474.51
  599.30,   473.82,   601.22
  725.53,   223.41,   350.35
  722.25,   222.37,   474.96
  719.76,   222.72,   600.65
  727.71,   347.68,   350.72
  725.48,   346.83,   476.45
  722.32,   346.75,   603.07
  730.55,   473.20,   351.76
  727.88,   472.48,   477.46
  724.51,   470.94,   605.02
  850.03,   221.75,   354.04
  847.74,   221.16,   478.30
  846.16,   220.66,   603.16
  852.09,   346.52,   354.05
  849.40,   346.59,   479.98
  846.98,   345.09,   606.51
  855.01,   471.83,   354.30
  851.37,   472.16,   480.88
  847.86,   469.94,   608.41
  597.58,   226.25,   474.75
  595.47,   229.78,   599.84
  593.96,   233.29,   725.29
  597.81,   349.97,   471.56
  594.97,   353.84,   597.30
  592.10,   358.27,   723.67
  597.64,   475.39,   468.98
  594.30,   478.99,   595.29
  590.60,   482.38,   721.94
  722.60,   227.28,   475.81
  721.23,   231.35,   601.69
  719.83,   235.27,   726.83
  722.57,   351.57,   473.58
  720.91,   354.96,   600.29
  719.49,   357.52,   726.18
  722.05,   477.39,   470.55
  719.61,   479.83,   598.03
  716.71,   481.37,   724.60
  848.00,   229.16,   478.33
  847.66,   232.68,   603.36
  847.51,   237.14,   728.42
  846.82,   354.52,   475.98
  845.45,   356.82,   602.65
  845.66,   356.63,   728.58
  845.83,   480.25,   472.97
  843.02,   481.60,   600.83
  841.56,   481.13,   727.47
  600.65,   225.46,   598.17
  602.02,   222.98,   723.47
  602.78,   218.54,   848.87
  601.37,   349.80,   601.76
  601.50,   347.95,   727.64
  602.42,   343.16,   853.52
  602.18,   474.92,   605.85
  601.12,   471.99,   732.30
  601.10,   468.36,   856.69
  726.35,   225.71,   597.43
  727.56,   224.21,   722.82
  728.83,   220.70,   847.32
  727.19,   349.52,   601.88
  728.97,   346.16,   727.87
  729.87,   341.07,   851.56
  727.31,   473.96,   605.96
  727.42,   469.79,   732.75
  727.10,   467.18,   856.42
  852.95,   225.59,   596.43
  855.50,   224.62,   721.41
  858.67,   223.37,   847.02
  851.68,   349.98,   601.75
  854.95,   344.02,   727.26
  856.23,   339.10,   851.10
  850.82,   474.70,   606.03
  852.27,   467.81,   732.47
  852.82,   463.21,   855.84
  602.25,   350.78,   100.25
  601.95,   351.16,   225.05
  601.40,   351.55,   350.07
  605.31,   475.09,   100.54
  605.34,   475.89,   225.19
  605.96,   476.13,   349.17
  607.52,   600.57,   100.49
  607.74,   601.30,   225.72
  608.82,   601.88,   348.34
  727.75,   346.59,   100.42
  726.57,   347.30,   224.26
  725.63,   347.82,   349.12
  731.02,   469.70,   100.13
  730.41,   472.45,   224.30
  730.06,   472.96,   348.23
  732.63,   595.26,   100.78
  733.63,   596.62,   225.21
  733.64,   598.30,   347.54
  853.19,   343.30,   101.26
  851.08,   343.83,   224.93
  849.84,   344.77,   349.44
  856.86,   467.04,   100.45
  856.11,   467.07,   223.06
  854.43,   469.92,   347.61
  859.39,   592.60,   100.09
  861.34,   591.24,   222.21
  858.45,   595.18,   347.14
  601.91,   351.31,   224.91
  604.06,   350.37,   349.50
  606.08,   349.47,   474.33
  599.52,   476.23,   226.54
  602.64,   474.96,   350.40
  605.22,   474.90,   474.80
  595.74,   601.73,   228.06
  600.08,   601.01,   350.76
  603.23,   601.37,   475.48
  726.55,   353.30,   221.33
  728.04,   352.57,   346.23
  731.03,   351.70,   471.66
  724.32,   478.35,   222.65
  726.72,   477.62,   346.54
  729.75,   477.92,   472.15
  721.50,   602.54,   225.13
  724.28,   603.12,   347.62
  726.63,   603.69,   471.59
  851.09,   355.38,   218.98
  852.58,   354.95,   343.46
  855.18,   355.51,   469.74
  850.16,   478.70,   218.67
  851.23,   480.14,   343.38
  853.10,   481.26,   469.93
  849.31,   603.17,   220.04
  849.51,   605.47,   344.41
  850.48,   607.21,   470.06
  598.80,   349.91,   351.24
  595.73,   352.03,   476.03
  592.68,   355.35,   601.72
  601.12,   474.58,   349.02
  598.31,   477.60,   473.64
  594.77,   480.40,   600.61
  601.79,   600.46,   346.93
  599.90,   603.77,   471.21
  596.16,   606.45,   597.54
  722.67,   348.60,   352.81
  720.70,   350.54,   478.45
  718.32,   353.84,   605.40
  725.03,   473.93,   350.54
  723.23,   476.68,   475.86
  719.94,   478.00,   603.66
  726.33,   599.06,   348.30
  723.21,   602.45,   472.70
  720.82,   603.92,   599.48
  847.14,   347.44,   355.39
  844.95,   350.86,   481.71
  843.12,   352.64,   608.15
  849.61,   472.75,   352.23
  846.42,   476.49,   478.84
  843.49,   477.29,   606.63
  851.19,   597.99,   350.51
  847.44,   602.39,   475.68
  844.70,   603.33,   602.75
  601.33,   346.83,   475.19
  603.66,   349.39,   600.74
  605.83,   352.28,   726.94
  601.84,   472.46,   473.46
  603.50,   474.47,   600.00
  604.58,   476.24,   726.79
  600.75,   598.56,   471.78
  602.40,   600.58,   598.01
  603.19,   601.23,   724.92
  726.29,   347.75,   471.84
  729.38,   350.22,   598.56
  733.29,   351.15,   724.53
  726.15,   473.62,   470.25
  728.68,   474.73,   597.90
  730.91,   474.97,   724.82
  724.22,   599.77,   467.89
  727.00,   600.55,   594.48
  729.54,   600.56,   722.10
  850.30,   350.38,   469.69
  853.75,   351.52,   596.35
  858.83,   350.15,   721.99
  849.64,   475.80,   467.52
  851.94,   476.31,   595.57
  855.30,   474.33,   721.93
  848.24,   601.84,   465.58
  850.76,   602.38,   592.36
  853.47,   602.20,   719.26
  599.08,   350.85,   600.81
  596.86,   349.20,   726.63
  595.86,   344.09,   852.37
  603.44,   476.14,   605.01
  600.05,   473.26,   731.42
  597.84,   469.59,   856.02
  606.14,   601.75,   607.75
  602.33,   597.91,   734.22
  600.14,   594.57,   858.83
  725.19,   347.34,   603.07
  724.49,   343.96,   728.59
  723.16,   339.12,   852.25
  728.46,   471.94,   607.07
  726.09,   467.79,   733.44
  723.83,   464.98,   857.46
  730.83,   597.63,   608.69
  728.77,   593.06,   736.13
  725.79,   590.81,   861.25
  849.47,   344.56,   604.48
  850.73,   338.58,   730.19
  850.13,   333.75,   853.86
  851.80,   469.24,   609.00
  851.33,   462.12,   735.50
  849.69,   457.84,   858.51
  854.70,   595.33,   610.80
  853.03,   590.19,   737.82
  851.16,   587.71,   862.80
  599.25,   474.97,    99.52
  602.64,   474.71,   224.45
  606.11,   474.25,   348.32
  598.44,   600.35,   100.74
  601.66,   600.08,   225.65
  606.18,   599.99,   348.49
  597.95,   726.66,   101.23
  600.53,   725.79,   225.65
  605.05,   726.43,   348.77
  724.68,   472.59,    96.29
  727.45,   474.36,   220.50
  730.43,   474.11,   344.27
  723.37,   598.29,    97.71
  727.62,   598.70,   222.09
  730.59,   599.17,   344.39
  722.45,   726.47,    99.06
  727.79,   723.06,   223.56
  729.72,   724.28,   345.16
  850.65,   473.35,    93.48
  853.21,   472.00,   215.99
  854.83,   474.07,   340.72
  849.67,   599.01,    94.08
  855.30,   596.40,   216.63
  855.78,   599.07,   340.98
  846.79,   725.88,    94.26
  855.20,   722.67,   218.94
  855.54,   724.30,   342.54
  601.52,   474.25,   225.06
  606.43,   476.99,   348.71
  610.35,   481.08,   473.37
  603.05,   599.59,   222.53
  608.27,   603.01,   345.17
  612.93,   607.39,   469.56
  604.26,   725.03,   218.78
  609.49,   729.28,   341.92
  614.78,   732.98,   464.81
  726.70,   471.32,   219.99
  730.28,   474.95,   343.69
  734.56,   479.07,   469.03
  728.77,   595.72,   218.25
  732.95,   600.03,   340.60
  736.33,   604.75,   464.36
  731.25,   720.03,   216.28
  734.52,   724.74,   337.43
  736.76,   730.39,   459.59
  852.17,   467.01,   214.91
  854.82,   472.36,   339.30
  858.21,   477.43,   465.98
  856.32,   591.33,   211.40
  858.17,   597.44,   335.95
  860.29,   603.21,   461.60
  858.98,   717.37,   210.39
  860.34,   722.44,   334.08
  862.18,   729.57,   458.20
  602.91,   472.97,   348.08
  601.99,   474.97,   472.62
  600.36,   477.26,   599.41
  600.75,   599.12,   346.50
  600.72,   601.31,   471.06
  598.50,   603.15,   597.27
  597.56,   725.17,   345.47
  598.18,   727.23,   468.89
  596.57,   728.67,   593.91
  727.06,   475.05,   347.73
  726.88,   477.14,   473.14
  725.36,   477.68,   600.46
  725.18,   600.51,   346.55
  724.15,   603.20,   470.51
  723.19,   603.97,   597.53
  722.44,   725.29,   345.47
  720.31,   729.03,   467.85
  719.24,   731.64,   593.87
  851.47,   477.12,   347.73
  850.16,   479.99,   474.25
  848.81,   480.09,   602.21
  850.34,   602.40,   346.56
  847.98,   605.93,   472.09
  847.28,   606.43,   598.83
  848.03,   727.45,   346.64
  845.21,   732.38,   470.55
  846.68,   734.21,   595.11
  600.22,   475.47,   474.28
  600.95,   476.23,   600.94
  601.29,   476.65,   727.52
  597.82,   601.60,   474.15
  598.49,   602.17,   600.54
  598.18,   601.41,   727.48
  594.66,   727.28,   473.26
  595.23,   727.52,   598.54
  594.88,   727.62,   725.57
  724.69,   478.62,   471.88
  726.25,   477.67,   599.50
  727.48,   476.96,   726.56
  720.98,   604.56,   471.10
  722.90,   603.62,   597.70
  724.51,   602.43,   725.54
  716.39,   730.03,   469.50
  718.05,   731.77,   595.67
  722.55,   730.99,   723.32
  848.34,   482.28,   470.45
  849.30,   481.09,   598.23
  851.97,   477.78,   724.53
  845.04,   608.04,   469.29
  847.00,   607.20,   596.19
  848.75,   605.85,   723.52
  841.02,   734.60,   468.88
  845.53,   735.29,   593.51
  852.52,   731.76,   719.58
  599.68,   475.93,   601.39
  600.91,   472.72,   728.17
  603.33,   469.10,   852.62
  599.78,   601.61,   604.46
  600.55,   597.67,   731.18
  602.61,   594.41,   855.71
  599.37,   727.28,   605.73
  599.75,   723.71,   733.08
  602.28,   719.85,   857.73
  725.06,   474.84,   599.28
  727.12,   470.44,   726.00
  729.45,   467.24,   850.09
  724.58,   600.64,   601.05
  727.08,   595.98,   728.54
  728.23,   593.40,   853.96
  722.58,   728.58,   602.23
  727.96,   724.00,   729.95
  731.85,   717.66,   855.84
  848.44,   475.36,   597.06
  851.76,   468.49,   723.34
  855.15,   463.05,   846.85
  848.38,   601.50,   598.41
  850.93,   596.37,   725.86
  853.95,   593.34,   850.93
  850.27,   729.35,   599.31
  857.22,   722.43,   725.63
  861.45,   715.48,   852.63
  600.60,   600.44,   100.76
  600.64,   602.09,   225.88
  602.05,   603.99,   348.40
  602.79,   726.51,    99.38
  602.01,   728.01,   223.82
  603.19,   730.13,   346.74
  606.45,   851.57,    95.96
  605.23,   852.77,   220.20
  605.42,   854.97,   344.61
  725.89,   596.21,   101.24
  726.53,   598.24,   225.42
  726.26,   600.87,   347.79
  727.07,   724.00,   100.53
  729.36,   722.65,   225.23
  727.96,   725.99,   346.62
  730.74,   850.17,    97.60
  731.73,   848.49,   222.55
  730.15,   851.90,   345.44
  852.67,   593.85,   100.62
  854.36,   593.69,   223.13
  851.30,   598.59,   347.72
  852.23,   720.96,    98.96
  856.70,   720.00,   223.66
  853.58,   723.67,   347.24
  854.01,   846.92,    96.54
  857.46,   846.43,   224.62
  855.41,   850.37,   347.77
  599.00,   599.06,   225.37
  601.90,   598.54,   348.10
  604.03,   598.75,   472.56
  599.37,   724.48,   225.52
  602.53,   724.76,   348.44
  605.60,   724.82,   471.88
  601.72,   849.55,   223.96
  604.11,   849.85,   348.69
  606.50,   850.19,   472.54
  724.71,   595.57,   223.36
  726.50,   596.09,   345.67
  727.71,   596.83,   469.98
  726.81,   720.31,   224.98
  727.21,   721.04,   346.31
  727.27,   722.91,   468.94
  728.65,   846.13,   224.87
  728.70,   847.11,   347.33
  729.04,   849.67,   469.85
  852.64,   592.06,   218.91
  851.33,   594.15,   343.57
  851.55,   596.29,   469.13
  854.03,   717.92,   221.82
  852.99,   719.65,   345.45
  852.60,   722.54,   469.35
  854.35,   844.56,   224.78
  853.92,   846.14,   347.97
  854.54,   848.87,   469.97
  601.16,   600.99,   351.77
  604.51,   604.98,   476.18
  605.72,   608.79,   602.50
  599.32,   727.24,   348.70
  603.23,   730.98,   471.96
  604.67,   734.42,   597.39
  597.80,   852.06,   345.26
  601.40,   855.99,   469.10
  604.01,   859.26,   594.21
  725.80,   601.15,   348.48
  727.74,   605.81,   472.37
  730.04,   608.38,   599.29
  723.81,   726.13,   345.34
  725.13,   731.72,   468.00
  727.20,   736.39,   594.02
  722.81,   851.84,   342.68
  724.21,   858.29,   465.37
  726.64,   863.76,   590.31
  850.53,   601.91,   345.11
  852.01,   607.35,   470.61
  854.29,   609.99,   597.63
  849.38,   726.91,   343.60
  850.31,   733.91,   467.12
  855.31,   737.76,   591.61
  847.92,   853.64,   342.44
  849.47,   860.03,   464.35
  855.69,   863.73,   587.11
  603.03,   598.63,   474.46
  601.92,   601.86,   601.08
  599.48,   604.13,   727.46
  604.05,   724.21,   470.80
  603.41,   727.57,   595.96
  601.03,   730.26,   722.90
  604.94,   849.62,   468.07
  605.32,   852.28,   593.21
  604.24,   854.87,   718.92
  726.55,   596.62,   473.29
  726.46,   599.08,   600.18
  726.38,   600.56,   727.62
  726.39,   722.33,   469.22
  726.49,   726.71,   595.26
  728.63,   728.55,   722.76
  727.30,   849.25,   466.73
  727.87,   854.22,   591.72
  729.42,   857.20,   717.12
  850.52,   595.95,   473.80
  850.54,   597.73,   600.91
  850.18,   598.80,   727.66
  851.36,   722.28,   470.61
  853.99,   725.39,   595.23
  858.58,   725.07,   721.12
  853.25,   848.40,   468.23
  857.12,   852.14,   590.81
  862.80,   851.79,   715.61
  602.67,   600.85,   601.68
  596.60,   602.10,   728.39
  592.29,   604.18,   853.03
  600.02,   726.41,   597.93
  594.16,   728.25,   725.04
  589.90,   729.31,   849.76
  598.17,   851.35,   595.97
  593.43,   852.09,   721.60
  588.69,   853.45,   846.05
  727.24,   602.07,   604.72
  723.31,   602.34,   732.18
  718.26,   605.08,   857.31
  723.10,   730.07,   600.38
  721.66,   730.98,   728.09
  719.26,   730.24,   854.03
  720.79,   857.31,   598.01
  718.29,   858.95,   723.28
  715.05,   858.38,   851.25
  850.94,   604.93,   608.78
  847.52,   605.24,   735.70
  844.07,   607.81,   860.79
  850.76,   732.51,   603.77
  851.87,   730.68,   730.00
  849.97,   728.76,   857.26
  849.55,   859.08,   600.62
  850.84,   858.26,   725.62
  846.89,   855.89,   855.56
