27, 125, pa2-debug-d-output1.txt
  198.05,   205.59,   209.02
  405.24,   407.12,   199.07
   98.44,   100.70,   101.14
   99.90,   104.05,   226.08
  101.36,   107.40,   351.03
   98.65,   225.65,    97.78
  100.12,   229.00,   222.73
  101.58,   232.36,   347.67
   98.87,   350.61,    94.43
  100.33,   353.96,   219.37
  101.79,   357.31,   344.32
  223.43,   100.44,    99.68
  224.89,   103.80,   224.63
  226.36,   107.15,   349.57
  223.64,   225.40,    96.33
  225.11,   228.75,   221.27
  226.57,   232.10,   346.22
  223.86,   350.35,    92.97
  225.32,   353.71,   217.92
  226.78,   357.06,   342.86
  348.42,   100.19,    98.22
  349.88,   103.54,   223.17
  351.35,   106.90,   348.12
  348.63,   225.15,    94.87
  350.10,   228.50,   219.81
  351.56,   231.85,   344.76
  348.85,   350.10,    91.51
  350.31,   353.45,   216.46
  351.78,   356.80,   341.41
  100.99,   100.36,   223.31
  102.88,    99.84,   348.29
  104.77,    99.32,   473.28
  103.24,   225.34,   223.79
  105.12,   224.82,   348.78
  107.01,   224.30,   473.76
  105.48,   350.31,   224.28
  107.37,   349.80,   349.26
  109.25,   349.28,   474.25
  225.96,    98.12,   221.41
  227.84,    97.60,   346.40
  229.73,    97.09,   471.38
  228.20,   223.10,   221.90
  230.09,   222.58,   346.88
  231.97,   222.06,   471.87
  230.45,   348.08,   222.38
  232.33,   347.56,   347.37
  234.22,   347.04,   472.35
  350.92,    95.89,   219.52
  352.81,    95.37,   344.50
  354.70,    94.85,   469.49
  353.17,   220.86,   220.00
  355.05,   220.35,   344.99
  356.94,   219.83,   469.97
  355.41,   345.84,   220.49
  357.30,   345.33,   345.47
  359.18,   344.81,   470.46
  100.09,    98.43,   350.94
  100.06,    94.91,   475.89
  100.02,    91.40,   600.84
  101.67,   223.37,   354.46
  101.63,   219.85,   479.41
  101.60,   216.34,   604.36
  103.25,   348.31,   357.97
  103.21,   344.79,   482.92
  103.18,   341.28,   607.87
  225.08,    96.85,   350.93
  225.05,    93.34,   475.88
  225.01,    89.82,   600.83
  226.66,   221.79,   354.45
  226.62,   218.28,   479.40
  226.59,   214.76,   604.35
  228.24,   346.73,   357.97
  228.20,   343.22,   482.92
  228.17,   339.70,   607.87
  350.07,    95.27,   350.92
  350.04,    91.76,   475.87
  350.00,    88.24,   600.82
  351.65,   220.21,   354.44
  351.61,   216.70,   479.39
  351.58,   213.18,   604.34
  353.23,   345.16,   357.96
  353.19,   341.64,   482.91
  353.16,   338.12,   607.86
   99.39,   101.93,   473.55
   96.91,   100.96,   598.52
   94.43,   100.00,   723.49
  102.65,   226.88,   474.58
  100.17,   225.92,   599.55
   97.69,   224.95,   724.52
  105.91,   351.83,   475.61
  103.43,   350.87,   600.58
  100.95,   349.91,   725.55
  224.32,    98.65,   476.01
  221.84,    97.69,   600.98
  219.36,    96.72,   725.95
  227.58,   223.60,   477.03
  225.10,   222.64,   602.01
  222.62,   221.67,   726.98
  230.84,   348.56,   478.06
  228.36,   347.59,   603.03
  225.88,   346.63,   728.01
  349.26,    95.37,   478.46
  346.78,    94.41,   603.43
  344.30,    93.44,   728.40
  352.51,   220.33,   479.49
  350.03,   219.36,   604.46
  347.55,   218.40,   729.43
  355.77,   345.28,   480.52
  353.29,   344.32,   605.49
  350.81,   343.35,   730.46
  100.51,   100.15,   600.35
  103.56,   103.24,   725.28
  106.61,   106.32,   850.20
   98.47,   225.10,   597.32
  101.52,   228.18,   722.24
  104.57,   231.26,   847.17
   96.44,   350.05,   594.29
   99.48,   353.13,   719.21
  102.53,   356.21,   844.14
  225.46,   102.11,   597.26
  228.50,   105.20,   722.18
  231.55,   108.28,   847.11
  223.42,   227.06,   594.22
  226.47,   230.14,   719.15
  229.52,   233.23,   844.07
  221.38,   352.01,   591.19
  224.43,   355.09,   716.11
  227.48,   358.17,   841.04
  350.40,   104.08,   594.16
  353.45,   107.16,   719.08
  356.50,   110.24,   844.01
  348.36,   229.02,   591.12
  351.41,   232.11,   716.05
  354.46,   235.19,   840.97
  346.33,   353.97,   588.09
  349.38,   357.05,   713.02
  352.43,   360.13,   837.94
   99.98,   223.87,    99.39
  103.34,   220.35,   224.29
  106.71,   216.83,   349.20
   98.35,   348.81,   102.95
  101.72,   345.29,   227.86
  105.09,   341.77,   352.76
   96.73,   473.74,   106.51
  100.10,   470.23,   231.42
  103.46,   466.71,   356.32
  224.92,   225.58,    96.07
  228.29,   222.07,   220.97
  231.66,   218.55,   345.88
  223.30,   350.52,    99.63
  226.66,   347.01,   224.53
  230.03,   343.49,   349.44
  221.67,   475.46,   103.19
  225.04,   471.94,   228.10
  228.41,   468.43,   353.00
  349.86,   227.30,    92.75
  353.23,   223.79,   217.65
  356.60,   220.27,   342.56
  348.24,   352.24,    96.31
  351.61,   348.72,   221.21
  354.98,   345.21,   346.12
  346.62,   477.18,    99.87
  349.98,   473.66,   224.78
  353.35,   470.15,   349.68
  100.16,   226.04,   225.67
  100.54,   226.23,   350.67
  100.91,   226.43,   475.67
  103.76,   350.99,   225.47
  104.14,   351.18,   350.47
  104.51,   351.37,   475.47
  107.37,   475.94,   225.27
  107.74,   476.13,   350.27
  108.11,   476.32,   475.27
  225.11,   222.44,   225.31
  225.48,   222.63,   350.31
  225.85,   222.82,   475.31
  228.71,   347.39,   225.11
  229.08,   347.58,   350.11
  229.45,   347.77,   475.10
  232.31,   472.34,   224.90
  232.68,   472.53,   349.90
  233.06,   472.72,   474.90
  350.06,   218.84,   224.94
  350.43,   219.03,   349.94
  350.80,   219.22,   474.94
  353.66,   343.79,   224.74
  354.03,   343.98,   349.74
  354.40,   344.17,   474.74
  357.26,   468.74,   224.54
  357.63,   468.93,   349.54
  358.00,   469.12,   474.54
  100.73,   224.65,   351.57
   97.73,   224.94,   476.53
   94.74,   225.23,   601.49
  101.54,   349.65,   351.30
   98.54,   349.94,   476.26
   95.54,   350.23,   601.23
  102.35,   474.65,   351.03
   99.35,   474.94,   475.99
   96.35,   475.22,   600.96
  225.70,   223.85,   354.57
  222.70,   224.14,   479.53
  219.70,   224.43,   604.50
  226.50,   348.85,   354.30
  223.50,   349.14,   479.26
  220.51,   349.42,   604.23
  227.31,   473.85,   354.03
  224.31,   474.13,   478.99
  221.31,   474.42,   603.96
  350.66,   223.05,   357.57
  347.66,   223.34,   482.53
  344.66,   223.63,   607.50
  351.47,   348.05,   357.30
  348.47,   348.33,   482.26
  345.47,   348.62,   607.23
  352.27,   473.04,   357.03
  349.27,   473.33,   481.99
  346.28,   473.62,   606.96
  100.55,   226.44,   474.98
  104.09,   223.03,   599.88
  107.63,   219.61,   724.79
   97.60,   351.35,   478.48
  101.15,   347.94,   603.38
  104.69,   344.53,   728.28
   94.66,   476.27,   481.97
   98.21,   472.86,   606.87
  101.75,   469.45,   731.78
  225.46,   229.47,   471.52
  229.00,   226.06,   596.43
  232.54,   222.65,   721.33
  222.52,   354.39,   475.02
  226.06,   350.98,   599.92
  229.60,   347.57,   724.82
  219.58,   479.31,   478.51
  223.12,   475.90,   603.42
  226.66,   472.48,   728.32
  350.38,   232.51,   468.06
  353.92,   229.10,   592.97
  357.46,   225.69,   717.87
  347.43,   357.43,   471.56
  350.98,   354.02,   596.46
  354.52,   350.61,   721.37
  344.49,   482.34,   475.05
  348.04,   478.93,   599.96
  351.58,   475.52,   724.86
  100.18,   223.23,   601.61
   98.01,   222.60,   726.59
   95.85,   221.96,   851.57
   96.83,   348.19,   602.19
   94.66,   347.55,   727.17
   92.50,   346.91,   852.15
   93.48,   473.14,   602.77
   91.31,   472.50,   727.75
   89.15,   471.86,   852.73
  225.12,   226.57,   603.79
  222.95,   225.93,   728.77
  220.78,   225.30,   853.75
  221.77,   351.53,   604.37
  219.60,   350.89,   729.35
  217.43,   350.25,   854.33
  218.42,   476.48,   604.95
  216.25,   475.84,   729.93
  214.08,   475.20,   854.91
  350.05,   229.91,   605.97
  347.89,   229.27,   730.95
  345.72,   228.63,   855.93
  346.70,   354.87,   606.55
  344.54,   354.23,   731.53
  342.37,   353.59,   856.51
  343.35,   479.82,   607.14
  341.19,   479.18,   732.11
  339.02,   478.54,   857.09
   99.32,   349.86,   100.51
   96.20,   349.10,   225.47
   93.08,   348.34,   350.43
   98.07,   474.85,   101.24
   94.95,   474.09,   226.20
   91.83,   473.33,   351.15
   96.82,   599.84,   101.97
   93.70,   599.09,   226.92
   90.58,   598.33,   351.88
  224.27,   351.09,   103.64
  221.15,   350.33,   228.59
  218.03,   349.57,   353.55
  223.02,   476.08,   104.36
  219.90,   475.32,   229.32
  216.79,   474.56,   354.28
  221.78,   601.07,   105.09
  218.66,   600.32,   230.05
  215.54,   599.56,   355.01
  349.23,   352.32,   106.76
  346.11,   351.56,   231.72
  342.99,   350.80,   356.68
  347.98,   477.31,   107.49
  344.86,   476.55,   232.45
  341.74,   475.79,   357.41
  346.73,   602.30,   108.22
  343.61,   601.54,   233.18
  340.49,   600.79,   358.14
  100.91,   349.28,   225.05
   98.25,   346.16,   349.98
   95.59,   343.05,   474.92
  104.23,   474.20,   228.24
  101.58,   471.08,   353.17
   98.92,   467.96,   478.11
  107.56,   599.11,   231.43
  104.90,   595.99,   356.36
  102.24,   592.88,   481.29
  225.84,   345.89,   227.63
  223.18,   342.77,   352.56
  220.52,   339.65,   477.49
  229.16,   470.81,   230.81
  226.50,   467.69,   355.75
  223.84,   464.57,   480.68
  232.49,   595.72,   234.00
  229.83,   592.60,   358.93
  227.17,   589.48,   483.87
  350.76,   342.50,   230.20
  348.10,   339.38,   355.13
  345.45,   336.26,   480.06
  354.09,   467.41,   233.39
  351.43,   464.30,   358.32
  348.77,   461.18,   483.25
  357.41,   592.33,   236.57
  354.76,   589.21,   361.51
  352.10,   586.09,   486.44
  100.75,   348.39,   348.32
   98.73,   349.45,   473.30
   96.71,   350.51,   598.28
  102.30,   473.38,   347.29
  100.28,   474.44,   472.27
   98.27,   475.49,   597.25
  103.85,   598.36,   346.25
  101.83,   599.42,   471.23
   99.82,   600.48,   596.21
  225.72,   346.86,   350.35
  223.70,   347.91,   475.33
  221.69,   348.97,   600.31
  227.27,   471.84,   349.32
  225.26,   472.90,   474.30
  223.24,   473.96,   599.27
  228.82,   596.83,   348.28
  226.81,   597.89,   473.26
  224.79,   598.95,   598.24
  350.69,   345.32,   352.38
  348.68,   346.38,   477.36
  346.66,   347.44,   602.34
  352.25,   470.31,   351.35
  350.23,   471.37,   476.32
  348.21,   472.42,   601.30
  353.80,   595.29,   350.31
  351.78,   596.35,   475.29
  349.76,   597.41,   600.27
   98.04,   351.66,   473.29
   98.90,   352.06,   598.29
   99.77,   352.46,   723.29
   95.92,   476.65,   472.91
   96.78,   477.04,   597.91
   97.65,   477.44,   722.90
   93.80,   601.63,   472.53
   94.66,   602.02,   597.53
   95.53,   602.42,   722.52
  223.02,   353.78,   472.42
  223.88,   354.18,   597.42
  224.75,   354.58,   722.41
  220.90,   478.76,   472.04
  221.76,   479.16,   597.04
  222.63,   479.56,   722.03
  218.78,   603.74,   471.66
  219.64,   604.14,   596.65
  220.51,   604.54,   721.65
  348.00,   355.90,   471.55
  348.86,   356.30,   596.55
  349.73,   356.69,   721.54
  345.88,   480.88,   471.17
  346.74,   481.28,   596.16
  347.61,   481.68,   721.16
  343.76,   605.86,   470.78
  344.62,   606.26,   595.78
  345.49,   606.66,   720.78
   98.20,   350.62,   600.82
  100.30,   349.72,   725.80
  102.39,   348.82,   850.77
   95.54,   475.59,   601.76
   97.63,   474.69,   726.74
   99.73,   473.79,   851.72
   92.88,   600.56,   602.70
   94.97,   599.66,   727.68
   97.07,   598.76,   852.66
  223.15,   353.30,   598.74
  225.25,   352.40,   723.72
  227.35,   351.50,   848.70
  220.49,   478.27,   599.68
  222.59,   477.37,   724.66
  224.68,   476.47,   849.64
  217.83,   603.23,   600.63
  219.93,   602.33,   725.61
  222.02,   601.44,   850.59
  348.11,   355.97,   596.66
  350.20,   355.08,   721.64
  352.30,   354.18,   846.62
  345.45,   480.94,   597.61
  347.54,   480.04,   722.59
  349.64,   479.15,   847.57
  342.78,   605.91,   598.55
  344.88,   605.01,   723.53
  346.97,   604.11,   848.51
   99.77,   474.65,    98.58
   96.58,   476.31,   223.53
   93.39,   477.98,   348.48
   99.40,   599.64,    96.91
   96.21,   601.30,   221.86
   93.02,   602.97,   346.80
   99.03,   724.62,    95.23
   95.84,   726.29,   220.18
   92.65,   727.96,   345.13
  224.73,   475.06,   101.77
  221.54,   476.73,   226.72
  218.35,   478.39,   351.67
  224.36,   600.05,   100.09
  221.17,   601.71,   225.04
  217.98,   603.38,   349.99
  223.99,   725.04,    98.42
  220.80,   726.70,   223.37
  217.61,   728.37,   348.31
  349.69,   475.47,   104.96
  346.50,   477.14,   229.91
  343.31,   478.80,   354.85
  349.32,   600.46,   103.28
  346.13,   602.13,   228.23
  342.94,   603.79,   353.18
  348.95,   725.45,   101.60
  345.76,   727.11,   226.55
  342.57,   728.78,   351.50
  100.89,   476.18,   225.66
  104.54,   474.12,   350.59
  108.19,   472.06,   475.52
  104.02,   601.12,   227.62
  107.67,   599.06,   352.55
  111.32,   597.01,   477.48
  107.15,   726.07,   229.59
  110.80,   724.01,   354.52
  114.46,   721.95,   479.45
  225.80,   473.10,   221.95
  229.45,   471.05,   346.88
  233.10,   468.99,   471.81
  228.93,   598.05,   223.92
  232.58,   595.99,   348.85
  236.23,   593.93,   473.78
  232.06,   722.99,   225.89
  235.71,   720.94,   350.82
  239.36,   718.88,   475.75
  350.70,   470.03,   218.25
  354.36,   467.97,   343.18
  358.01,   465.92,   468.11
  353.84,   594.98,   220.22
  357.49,   592.92,   345.15
  361.14,   590.86,   470.08
  356.97,   719.92,   222.18
  360.62,   717.86,   347.11
  364.27,   715.81,   472.04
  101.57,   473.45,   350.27
  104.53,   473.24,   475.24
  107.49,   473.03,   600.20
  103.42,   598.44,   350.44
  106.38,   598.23,   475.41
  109.34,   598.02,   600.37
  105.26,   723.42,   350.61
  108.23,   723.21,   475.57
  111.19,   723.00,   600.54
  226.52,   471.61,   347.31
  229.48,   471.40,   472.27
  232.44,   471.19,   597.24
  228.37,   596.59,   347.48
  231.33,   596.38,   472.44
  234.29,   596.17,   597.41
  230.22,   721.58,   347.64
  233.18,   721.37,   472.61
  236.14,   721.16,   597.57
  351.47,   469.76,   344.34
  354.43,   469.55,   469.31
  357.39,   469.34,   594.27
  353.32,   594.75,   344.51
  356.28,   594.54,   469.48
  359.24,   594.33,   594.44
  355.17,   719.74,   344.68
  358.13,   719.53,   469.64
  361.09,   719.31,   594.61
   98.66,   475.83,   476.43
   96.97,   475.44,   601.42
   95.28,   475.04,   726.41
   99.37,   600.83,   476.84
   97.68,   600.44,   601.82
   95.99,   600.04,   726.81
  100.09,   725.83,   477.24
   98.40,   725.43,   602.23
   96.71,   725.04,   727.22
  223.65,   475.11,   478.12
  221.96,   474.72,   603.11
  220.27,   474.33,   728.09
  224.36,   600.11,   478.52
  222.67,   599.72,   603.51
  220.98,   599.32,   728.50
  225.07,   725.11,   478.93
  223.38,   724.71,   603.91
  221.69,   724.32,   728.90
  348.63,   474.40,   479.81
  346.94,   474.00,   604.79
  345.25,   473.61,   729.78
  349.35,   599.39,   480.21
  347.66,   599.00,   605.20
  345.97,   598.60,   730.19
  350.06,   724.39,   480.61
  348.37,   724.00,   605.60
  346.68,   723.60,   730.59
  101.72,   475.29,   601.84
  102.82,   475.94,   726.83
  103.91,   476.58,   851.82
   98.86,   600.26,   601.22
   99.96,   600.90,   726.21
  101.05,   601.55,   851.20
   96.00,   725.22,   600.60
   97.10,   725.87,   725.59
   98.19,   726.51,   850.58
  226.69,   478.15,   600.73
  227.78,   478.79,   725.72
  228.88,   479.44,   850.72
  223.83,   603.11,   600.11
  224.92,   603.76,   725.10
  226.02,   604.40,   850.10
  220.96,   728.08,   599.49
  222.06,   728.73,   724.48
  223.15,   729.37,   849.48
  351.65,   481.00,   599.62
  352.74,   481.65,   724.61
  353.84,   482.30,   849.61
  348.79,   605.97,   599.00
  349.88,   606.62,   723.99
  350.98,   607.26,   848.99
  345.93,   730.94,   598.38
  347.02,   731.58,   723.37
  348.12,   732.23,   848.37
   98.66,   599.73,   100.54
  100.42,   600.84,   225.53
  102.19,   601.95,   350.51
  100.57,   724.71,    99.41
  102.34,   725.82,   224.39
  104.10,   726.93,   349.37
  102.49,   849.69,    98.27
  104.25,   850.80,   223.25
  106.02,   851.91,   348.24
  223.63,   597.80,    98.79
  225.40,   598.91,   223.78
  227.16,   600.02,   348.76
  225.54,   722.78,    97.66
  227.31,   723.89,   222.64
  229.08,   725.00,   347.62
  227.46,   847.76,    96.52
  229.22,   848.87,   221.50
  230.99,   849.98,   346.49
  348.60,   595.87,    97.05
  350.37,   596.98,   222.03
  352.13,   598.09,   347.01
  350.52,   720.85,    95.91
  352.28,   721.96,   220.89
  354.05,   723.07,   345.88
  352.43,   845.83,    94.77
  354.20,   846.94,   219.76
  355.96,   848.05,   344.74
  100.63,   600.93,   223.60
  102.63,   602.28,   348.57
  104.62,   603.63,   473.55
   96.90,   725.87,   222.31
   98.89,   727.22,   347.29
  100.89,   728.56,   472.26
   93.16,   850.81,   221.02
   95.16,   852.15,   346.00
   97.16,   853.50,   470.97
  225.56,   604.64,   221.56
  227.55,   605.99,   346.54
  229.55,   607.34,   471.51
  221.82,   729.58,   220.27
  223.82,   730.93,   345.25
  225.82,   732.28,   470.22
  218.09,   854.52,   218.98
  220.09,   855.86,   343.96
  222.09,   857.21,   468.94
  350.48,   608.35,   219.52
  352.48,   609.70,   344.50
  354.48,   611.05,   469.48
  346.75,   733.29,   218.23
  348.75,   734.64,   343.21
  350.75,   735.99,   468.19
  343.02,   858.23,   216.95
  345.02,   859.58,   341.92
  347.02,   860.92,   466.90
  100.66,   600.27,   351.75
   99.90,   599.17,   476.74
   99.14,   598.07,   601.73
  104.40,   725.21,   352.87
  103.64,   724.11,   477.86
  102.88,   723.01,   602.85
  108.14,   850.15,   353.99
  107.38,   849.05,   478.98
  106.62,   847.95,   603.97
  225.60,   596.52,   352.47
  224.84,   595.42,   477.47
  224.08,   594.32,   602.46
  229.34,   721.46,   353.59
  228.58,   720.36,   478.59
  227.82,   719.26,   603.58
  233.08,   846.40,   354.72
  232.32,   845.30,   479.71
  231.56,   844.20,   604.70
  350.54,   592.77,   353.20
  349.78,   591.67,   478.19
  349.02,   590.58,   603.19
  354.28,   717.71,   354.32
  353.52,   716.61,   479.31
  352.76,   715.51,   604.31
  358.02,   842.65,   355.44
  357.26,   841.55,   480.43
  356.50,   840.45,   605.43
  100.78,   599.90,   476.39
  103.50,   600.54,   601.36
  106.22,   601.19,   726.32
  100.43,   724.90,   475.75
  103.15,   725.54,   600.72
  105.87,   726.19,   725.69
  100.07,   849.89,   475.11
  102.79,   850.54,   600.08
  105.51,   851.19,   725.05
  225.75,   600.24,   473.67
  228.47,   600.88,   598.63
  231.19,   601.53,   723.60
  225.40,   725.24,   473.03
  228.12,   725.88,   598.00
  230.84,   726.53,   722.96
  225.04,   850.23,   472.39
  227.76,   850.88,   597.36
  230.48,   851.53,   722.32
  350.72,   600.58,   470.94
  353.44,   601.22,   595.91
  356.16,   601.87,   720.88
  350.36,   725.58,   470.30
  353.09,   726.22,   595.27
  355.81,   726.87,   720.24
  350.01,   850.57,   469.67
  352.73,   851.22,   594.63
  355.45,   851.87,   719.60
   98.68,   601.91,   599.64
  101.45,   602.93,   724.60
  104.23,   603.96,   849.57
   95.64,   726.87,   598.68
   98.41,   727.89,   723.65
  101.19,   728.92,   848.61
   92.60,   851.82,   597.72
   95.38,   852.85,   722.69
   98.15,   853.88,   847.65
  223.61,   604.92,   596.84
  226.39,   605.95,   721.81
  229.16,   606.98,   846.77
  220.57,   729.88,   595.88
  223.35,   730.91,   720.85
  226.12,   731.94,   845.81
  217.54,   854.84,   594.92
  220.31,   855.87,   719.89
  223.08,   856.89,   844.85
  348.55,   607.94,   594.05
  351.32,   608.97,   719.01
  354.09,   609.99,   843.98
  345.51,   732.90,   593.09
  348.28,   733.92,   718.05
  351.05,   734.95,   843.02
  342.47,   857.86,   592.13
  345.24,   858.88,   717.09
  348.01,   859.91,   842.06
  226.76,    99.97,   100.19
  228.16,    96.70,   225.14
  229.56,    93.44,   350.09
  223.52,   224.88,   103.49
  224.92,   221.62,   228.43
  226.32,   218.36,   353.38
  220.28,   349.80,   106.78
  221.68,   346.53,   231.73
  223.08,   343.27,   356.68
  351.71,   103.24,    98.87
  353.11,    99.98,   223.82
  354.51,    96.72,   348.77
  348.47,   228.16,   102.17
  349.87,   224.89,   227.12
  351.27,   221.63,   352.07
  345.23,   353.07,   105.47
  346.63,   349.81,   230.42
  348.03,   346.55,   355.37
  476.66,   106.52,    97.56
  478.06,   103.25,   222.51
  479.46,    99.99,   347.46
  473.42,   231.43,   100.86
  474.82,   228.17,   225.81
  476.22,   224.91,   350.76
  470.18,   356.35,   104.16
  471.58,   353.08,   229.11
  472.98,   349.82,   354.06
  224.38,   100.14,   226.34
  223.34,    97.28,   351.31
  222.29,    94.43,   476.27
  227.92,   225.05,   229.23
  226.88,   222.20,   354.19
  225.83,   219.35,   479.15
  231.46,   349.97,   232.11
  230.42,   347.12,   357.07
  229.37,   344.26,   482.03
  349.33,    96.57,   227.31
  348.28,    93.72,   352.27
  347.24,    90.87,   477.23
  352.87,   221.49,   230.19
  351.82,   218.64,   355.15
  350.78,   215.78,   480.12
  356.41,   346.41,   233.07
  355.36,   343.55,   358.03
  354.32,   340.70,   483.00
  474.27,    93.01,   228.27
  473.23,    90.16,   353.23
  472.18,    87.30,   478.20
  477.81,   217.93,   231.15
  476.77,   215.07,   356.12
  475.72,   212.22,   481.08
  481.35,   342.84,   234.04
  480.31,   339.99,   359.00
  479.26,   337.14,   483.96
  223.90,   101.08,   351.16
  226.31,   101.01,   476.14
  228.72,   100.94,   601.11
  224.72,   226.08,   351.21
  227.13,   226.01,   476.19
  229.54,   225.94,   601.17
  225.54,   351.07,   351.26
  227.95,   351.01,   476.24
  230.36,   350.94,   601.22
  348.87,   100.26,   348.75
  351.28,   100.19,   473.73
  353.69,   100.12,   598.70
  349.69,   225.26,   348.80
  352.10,   225.19,   473.78
  354.52,   225.12,   598.75
  350.51,   350.25,   348.85
  352.92,   350.19,   473.83
  355.34,   350.12,   598.80
  473.84,    99.44,   346.34
  476.26,    99.37,   471.31
  478.67,    99.30,   596.29
  474.66,   224.44,   346.39
  477.08,   224.37,   471.36
  479.49,   224.30,   596.34
  475.49,   349.43,   346.44
  477.90,   349.37,   471.41
  480.31,   349.30,   596.39
  225.76,    99.62,   476.95
  229.05,    98.16,   601.90
  232.34,    96.71,   726.84
  223.66,   224.59,   478.46
  226.95,   223.13,   603.41
  230.24,   221.68,   728.35
  221.57,   349.56,   479.97
  224.86,   348.11,   604.92
  228.15,   346.65,   729.87
  350.70,   101.75,   473.68
  353.99,   100.29,   598.63
  357.28,    98.84,   723.58
  348.60,   226.72,   475.19
  351.89,   225.27,   600.14
  355.18,   223.81,   725.09
  346.51,   351.70,   476.70
  349.80,   350.24,   601.65
  353.09,   348.79,   726.60
  475.64,   103.88,   470.42
  478.93,   102.43,   595.37
  482.22,   100.97,   720.31
  473.54,   228.86,   471.93
  476.83,   227.40,   596.88
  480.12,   225.95,   721.83
  471.45,   353.83,   473.44
  474.74,   352.38,   598.39
  478.03,   350.92,   723.34
  224.58,   101.66,   601.59
  223.55,   103.95,   726.57
  222.52,   106.24,   851.54
  225.25,   226.64,   599.31
  224.22,   228.92,   724.28
  223.19,   231.21,   849.26
  225.91,   351.61,   597.03
  224.88,   353.90,   722.00
  223.85,   356.19,   846.98
  349.58,   101.01,   602.63
  348.55,   103.30,   727.61
  347.52,   105.59,   852.58
  350.24,   225.99,   600.35
  349.21,   228.28,   725.33
  348.18,   230.57,   850.30
  350.91,   350.97,   598.07
  349.88,   353.26,   723.04
  348.85,   355.54,   848.02
  474.57,   100.37,   603.68
  473.54,   102.66,   728.65
  472.51,   104.94,   853.63
  475.24,   225.34,   601.39
  474.21,   227.63,   726.37
  473.17,   229.92,   851.34
  475.90,   350.32,   599.11
  474.87,   352.61,   724.09
  473.84,   354.90,   849.06
  224.26,   225.64,    98.41
  225.69,   225.23,   223.40
  227.11,   224.82,   348.39
  222.13,   350.62,    98.84
  223.56,   350.21,   223.83
  224.99,   349.80,   348.83
  220.01,   475.60,    99.28
  221.44,   475.19,   224.27
  222.87,   474.79,   349.26
  349.23,   227.77,    96.99
  350.66,   227.36,   221.98
  352.09,   226.95,   346.97
  347.11,   352.75,    97.42
  348.54,   352.34,   222.41
  349.97,   351.93,   347.40
  344.99,   477.73,    97.85
  346.41,   477.32,   222.85
  347.84,   476.91,   347.84
  474.21,   229.89,    95.57
  475.63,   229.49,   220.56
  477.06,   229.08,   345.55
  472.08,   354.88,    96.00
  473.51,   354.47,   220.99
  474.94,   354.06,   345.98
  469.96,   479.86,    96.43
  471.39,   479.45,   221.42
  472.82,   479.04,   346.42
  224.14,   225.61,   224.20
  227.18,   221.96,   349.11
  230.21,   218.31,   474.02
  222.60,   350.55,   227.89
  225.64,   346.90,   352.80
  228.68,   343.25,   477.71
  221.07,   475.48,   231.58
  224.10,   471.83,   356.49
  227.14,   468.18,   481.40
  349.10,   227.24,   221.21
  352.13,   223.59,   346.12
  355.17,   219.94,   471.03
  347.56,   352.17,   224.90
  350.59,   348.52,   349.81
  353.63,   344.88,   474.72
  346.02,   477.11,   228.59
  349.06,   473.46,   353.50
  352.09,   469.81,   478.41
  474.05,   228.86,   218.23
  477.09,   225.21,   343.14
  480.12,   221.57,   468.05
  472.51,   353.80,   221.91
  475.55,   350.15,   346.82
  478.58,   346.50,   471.73
  470.97,   478.73,   225.60
  474.01,   475.09,   350.51
  477.04,   471.44,   475.42
  225.54,   224.03,   349.83
  224.95,   227.23,   474.78
  224.36,   230.43,   599.74
  223.80,   348.98,   346.62
  223.20,   352.18,   471.58
  222.61,   355.38,   596.54
  222.05,   473.93,   343.41
  221.46,   477.12,   468.37
  220.87,   480.32,   593.33
  350.53,   225.79,   350.37
  349.94,   228.99,   475.33
  349.34,   232.19,   600.29
  348.78,   350.74,   347.17
  348.19,   353.94,   472.13
  347.60,   357.14,   597.08
  347.04,   475.69,   343.96
  346.44,   478.89,   468.92
  345.85,   482.08,   593.88
  475.52,   227.56,   350.92
  474.92,   230.75,   475.88
  474.33,   233.95,   600.84
  473.77,   352.50,   347.71
  473.18,   355.70,   472.67
  472.58,   358.90,   597.63
  472.02,   477.45,   344.51
  471.43,   480.65,   469.47
  470.84,   483.85,   594.42
  224.06,   226.46,   473.32
  220.68,   225.00,   598.27
  217.31,   223.55,   723.22
  225.85,   351.44,   474.83
  222.48,   349.98,   599.77
  219.11,   348.53,   724.72
  227.65,   476.41,   476.33
  224.28,   474.96,   601.27
  220.91,   473.51,   726.22
  349.00,   224.62,   476.68
  345.63,   223.17,   601.62
  342.25,   221.71,   726.57
  350.80,   349.60,   478.18
  347.42,   348.14,   603.12
  344.05,   346.69,   728.07
  352.59,   474.58,   479.68
  349.22,   473.12,   604.63
  345.85,   471.67,   729.57
  473.94,   222.78,   480.03
  470.57,   221.33,   604.97
  467.19,   219.88,   729.92
  475.74,   347.76,   481.53
  472.36,   346.31,   606.48
  468.99,   344.85,   731.42
  477.54,   472.74,   483.03
  474.16,   471.29,   607.98
  470.79,   469.83,   732.92
  224.31,   224.68,   601.25
  222.69,   225.81,   726.23
  221.07,   226.94,   851.21
  226.81,   349.65,   600.15
  225.19,   350.78,   725.13
  223.57,   351.91,   850.11
  229.31,   474.62,   599.05
  227.69,   475.75,   724.03
  226.07,   476.88,   849.02
  349.28,   222.19,   602.89
  347.66,   223.32,   727.87
  346.04,   224.45,   852.86
  351.78,   347.16,   601.79
  350.16,   348.29,   726.77
  348.54,   349.42,   851.76
  354.28,   472.13,   600.69
  352.65,   473.26,   725.67
  351.03,   474.39,   850.66
  474.24,   219.71,   604.53
  472.62,   220.84,   729.51
  471.00,   221.97,   854.50
  476.74,   344.68,   603.43
  475.12,   345.81,   728.42
  473.50,   346.94,   853.40
  479.24,   469.65,   602.33
  477.62,   470.78,   727.32
  476.00,   471.91,   852.30
  224.72,   351.26,   100.26
  225.45,   349.59,   225.25
  226.18,   347.91,   350.24
  221.69,   476.21,   101.96
  222.42,   474.54,   226.94
  223.14,   472.86,   351.93
  218.66,   601.16,   103.65
  219.39,   599.49,   228.64
  220.11,   597.82,   353.62
  349.68,   354.30,    99.58
  350.41,   352.63,   224.56
  351.14,   350.95,   349.55
  346.65,   479.25,   101.27
  347.38,   477.58,   226.26
  348.11,   475.90,   351.24
  343.62,   604.21,   102.96
  344.35,   602.53,   227.95
  345.07,   600.86,   352.93
  474.64,   357.34,    98.89
  475.37,   355.67,   223.88
  476.10,   353.99,   348.86
  471.61,   482.29,   100.58
  472.34,   480.62,   225.57
  473.07,   478.94,   350.56
  468.58,   607.25,   102.27
  469.31,   605.57,   227.26
  470.04,   603.90,   352.25
  224.10,   348.00,   224.18
  226.70,   349.07,   349.15
  229.30,   350.13,   474.12
  226.31,   472.98,   223.07
  228.91,   474.04,   348.04
  231.52,   475.10,   473.01
  228.52,   597.96,   221.97
  231.13,   599.02,   346.94
  233.73,   600.08,   471.90
  349.05,   345.77,   221.60
  351.65,   346.83,   346.57
  354.26,   347.89,   471.53
  351.26,   470.74,   220.49
  353.87,   471.80,   345.46
  356.47,   472.86,   470.43
  353.48,   595.72,   219.38
  356.08,   596.78,   344.35
  358.68,   597.84,   469.32
  474.00,   343.53,   219.01
  476.61,   344.59,   343.98
  479.21,   345.65,   468.95
  476.22,   468.51,   217.91
  478.82,   469.57,   342.88
  481.42,   470.63,   467.84
  478.43,   593.48,   216.80
  481.03,   594.54,   341.77
  483.64,   595.60,   466.74
  223.67,   349.85,   348.23
  220.21,   348.62,   473.18
  216.75,   347.40,   598.12
  220.48,   474.80,   349.36
  217.02,   473.58,   474.31
  213.56,   472.36,   599.26
  217.29,   599.75,   350.50
  213.83,   598.53,   475.44
  210.37,   597.31,   600.39
  348.58,   353.00,   351.72
  345.12,   351.78,   476.67
  341.66,   350.56,   601.61
  345.39,   477.96,   352.85
  341.93,   476.73,   477.80
  338.47,   475.51,   602.75
  342.20,   602.91,   353.99
  338.74,   601.69,   478.93
  335.28,   600.47,   603.88
  473.49,   356.16,   355.21
  470.03,   354.94,   480.16
  466.57,   353.71,   605.10
  470.30,   481.11,   356.34
  466.84,   479.89,   481.29
  463.38,   478.67,   606.24
  467.11,   606.07,   357.48
  463.65,   604.84,   482.43
  460.19,   603.62,   607.37
  226.38,   351.79,   473.63
  227.37,   352.12,   598.63
  228.37,   352.44,   723.62
  223.91,   476.76,   473.32
  224.90,   477.09,   598.32
  225.89,   477.42,   723.31
  221.43,   601.74,   473.01
  222.42,   602.07,   598.01
  223.42,   602.39,   723.01
  351.35,   354.26,   472.63
  352.35,   354.59,   597.63
  353.34,   354.92,   722.62
  348.88,   479.24,   472.32
  349.87,   479.56,   597.32
  350.86,   479.89,   722.32
  346.40,   604.21,   472.02
  347.40,   604.54,   597.01
  348.39,   604.87,   722.01
  476.33,   356.73,   471.63
  477.32,   357.06,   596.63
  478.31,   357.39,   721.63
  473.85,   481.71,   471.33
  474.84,   482.04,   596.32
  475.83,   482.36,   721.32
  471.38,   606.68,   471.02
  472.37,   607.01,   596.01
  473.36,   607.34,   721.01
  225.36,   351.68,   598.09
  224.54,   352.79,   723.08
  223.73,   353.90,   848.07
  225.49,   476.67,   596.98
  224.68,   477.79,   721.97
  223.86,   478.90,   846.96
  225.63,   601.67,   595.87
  224.81,   602.78,   720.86
  224.00,   603.89,   845.85
  350.36,   351.55,   598.90
  349.54,   352.66,   723.89
  348.73,   353.77,   848.89
  350.49,   476.55,   597.79
  349.67,   477.66,   722.78
  348.86,   478.77,   847.78
  350.62,   601.54,   596.68
  349.81,   602.65,   721.67
  348.99,   603.76,   846.67
  475.35,   351.43,   599.72
  474.54,   352.54,   724.71
  473.72,   353.65,   849.70
  475.49,   476.42,   598.61
  474.67,   477.53,   723.60
  473.86,   478.64,   848.59
  475.62,   601.42,   597.50
  474.81,   602.53,   722.49
  473.99,   603.64,   847.48
  225.74,   475.67,    99.11
  223.53,   473.50,   224.08
  221.33,   471.32,   349.04
  223.56,   600.63,   101.25
  221.36,   598.46,   226.21
  219.15,   596.28,   351.17
  221.39,   725.60,   103.39
  219.18,   723.42,   228.35
  216.97,   721.25,   353.31
  350.70,   477.81,   101.36
  348.49,   475.63,   226.32
  346.29,   473.46,   351.28
  348.53,   602.77,   103.49
  346.32,   600.60,   228.46
  344.11,   598.42,   353.42
  346.35,   727.73,   105.63
  344.14,   725.56,   230.59
  341.93,   723.39,   355.55
  475.66,   479.95,   103.60
  473.46,   477.77,   228.57
  471.25,   475.60,   353.53
  473.49,   604.91,   105.74
  471.28,   602.74,   230.70
  469.07,   600.56,   355.66
  471.31,   729.87,   107.88
  469.10,   727.70,   232.84
  466.89,   725.52,   357.80
  226.71,   476.30,   225.10
  227.54,   472.71,   350.05
  228.38,   469.13,   474.99
  226.79,   601.25,   228.69
  227.62,   597.66,   353.64
  228.46,   594.08,   478.58
  226.87,   726.20,   232.28
  227.70,   722.61,   357.22
  228.54,   719.02,   482.17
  351.71,   476.25,   224.27
  352.54,   472.66,   349.21
  353.37,   469.07,   474.16
  351.79,   601.19,   227.85
  352.62,   597.61,   352.80
  353.45,   594.02,   477.75
  351.87,   726.14,   231.44
  352.70,   722.56,   356.39
  353.53,   718.97,   481.33
  476.71,   476.19,   223.43
  477.54,   472.60,   348.38
  478.37,   469.02,   473.33
  476.79,   601.14,   227.02
  477.62,   597.55,   351.97
  478.45,   593.97,   476.91
  476.86,   726.09,   230.61
  477.70,   722.50,   355.55
  478.53,   718.91,   480.50
  223.10,   473.39,   348.05
  226.04,   476.96,   472.97
  228.98,   480.53,   597.88
  221.15,   598.32,   344.53
  224.09,   601.89,   469.44
  227.03,   605.46,   594.36
  219.20,   723.26,   341.00
  222.14,   726.83,   465.92
  225.08,   730.40,   590.83
  348.05,   475.25,   345.06
  350.99,   478.82,   469.97
  353.93,   482.39,   594.89
  346.10,   600.19,   341.53
  349.04,   603.76,   466.45
  351.98,   607.33,   591.36
  344.15,   725.12,   338.01
  347.09,   728.69,   462.92
  350.03,   732.26,   587.84
  473.00,   477.12,   342.06
  475.94,   480.69,   466.98
  478.88,   484.26,   591.89
  471.05,   602.05,   338.54
  473.99,   605.62,   463.45
  476.93,   609.19,   588.37
  469.10,   726.99,   335.02
  472.04,   730.56,   459.93
  474.98,   734.13,   584.84
  224.72,   476.57,   473.01
  221.05,   472.79,   597.90
  217.37,   469.00,   722.79
  222.07,   601.49,   476.72
  218.39,   597.71,   601.61
  214.72,   593.92,   726.49
  219.41,   726.41,   480.42
  215.74,   722.62,   605.31
  212.06,   718.84,   730.20
  349.64,   479.12,   476.76
  345.96,   475.33,   601.65
  342.29,   471.55,   726.54
  346.99,   604.03,   480.47
  343.31,   600.25,   605.36
  339.63,   596.46,   730.25
  344.33,   728.95,   484.18
  340.66,   725.17,   609.07
  336.98,   721.38,   733.96
  474.56,   481.66,   480.52
  470.88,   477.88,   605.41
  467.21,   474.09,   730.30
  471.90,   606.58,   484.23
  468.23,   602.79,   609.11
  464.55,   599.01,   734.00
  469.25,   731.49,   487.93
  465.57,   727.71,   612.82
  461.90,   723.92,   737.71
  226.00,   474.66,   600.47
  225.24,   474.79,   725.47
  224.49,   474.92,   850.47
  229.48,   599.61,   600.36
  228.73,   599.74,   725.36
  227.98,   599.87,   850.36
  232.97,   724.56,   600.26
  232.22,   724.69,   725.25
  231.47,   724.82,   850.25
  350.94,   471.17,   601.23
  350.19,   471.30,   726.22
  349.44,   471.43,   851.22
  354.43,   596.12,   601.12
  353.68,   596.25,   726.12
  352.93,   596.38,   851.11
  357.92,   721.07,   601.01
  357.17,   721.20,   726.01
  356.42,   721.33,   851.01
  475.89,   467.68,   601.98
  475.14,   467.81,   726.98
  474.39,   467.94,   851.98
  479.38,   592.64,   601.87
  478.63,   592.76,   726.87
  477.88,   592.89,   851.87
  482.87,   717.59,   601.77
  482.12,   717.72,   726.77
  481.37,   717.84,   851.76
  226.28,   598.77,   100.03
  222.81,   596.91,   224.96
  219.35,   595.06,   349.90
  226.93,   723.75,   101.90
  223.47,   721.90,   226.84
  220.00,   720.04,   351.78
  227.59,   848.74,   103.78
  224.12,   846.88,   228.72
  220.66,   845.02,   353.65
  351.23,   598.06,   103.48
  347.77,   596.21,   228.42
  344.30,   594.35,   353.36
  351.89,   723.05,   105.36
  348.42,   721.19,   230.30
  344.95,   719.33,   355.23
  352.54,   848.03,   107.23
  349.07,   846.17,   232.17
  345.61,   844.32,   357.11
  476.18,   597.36,   106.94
  472.72,   595.50,   231.88
  469.25,   593.64,   356.81
  476.84,   722.34,   108.81
  473.37,   720.48,   233.75
  469.90,   718.63,   358.69
  477.49,   847.33,   110.69
  474.02,   845.47,   235.63
  470.56,   843.61,   360.57
  226.45,   600.65,   223.44
  223.05,   603.07,   348.37
  219.65,   605.49,   473.30
  229.08,   725.60,   221.09
  225.68,   728.02,   346.02
  222.27,   730.44,   470.95
  231.70,   850.55,   218.74
  228.30,   852.97,   343.67
  224.90,   855.39,   468.60
  351.38,   598.09,   226.89
  347.98,   600.51,   351.82
  344.58,   602.93,   476.75
  354.00,   723.04,   224.54
  350.60,   725.46,   349.47
  347.20,   727.88,   474.40
  356.63,   847.99,   222.20
  353.22,   850.41,   347.13
  349.82,   852.83,   472.06
  476.31,   595.53,   230.34
  472.90,   597.95,   355.27
  469.50,   600.37,   480.20
  478.93,   720.49,   228.00
  475.53,   722.90,   352.93
  472.12,   725.32,   477.86
  481.55,   845.44,   225.65
  478.15,   847.85,   350.58
  474.75,   850.27,   475.51
  223.60,   598.66,   348.54
  220.64,   597.17,   473.49
  217.68,   595.68,   598.45
  221.20,   723.63,   349.97
  218.24,   722.14,   474.93
  215.28,   720.65,   599.88
  218.80,   848.60,   351.41
  215.84,   847.11,   476.36
  212.88,   845.62,   601.32
  348.54,   601.02,   351.52
  345.58,   599.53,   476.48
  342.63,   598.04,   601.44
  346.14,   725.99,   352.96
  343.18,   724.50,   477.91
  340.23,   723.01,   602.87
  343.74,   850.96,   354.39
  340.78,   849.47,   479.35
  337.83,   847.98,   604.30
  473.48,   603.39,   354.51
  470.53,   601.90,   479.47
  467.57,   600.41,   604.42
  471.08,   728.36,   355.94
  468.13,   726.87,   480.90
  465.17,   725.38,   605.86
  468.68,   853.33,   357.38
  465.73,   851.84,   482.33
  462.77,   850.35,   607.29
  226.59,   599.56,   474.93
  223.48,   596.83,   599.86
  220.37,   594.09,   724.79
  225.46,   724.53,   477.64
  222.35,   721.79,   602.57
  219.23,   719.06,   727.50
  224.33,   849.49,   480.35
  221.21,   846.76,   605.28
  218.10,   844.02,   730.21
  351.55,   600.63,   478.07
  348.44,   597.89,   603.00
  345.32,   595.15,   727.93
  350.42,   725.59,   480.78
  347.30,   722.86,   605.71
  344.19,   720.12,   730.64
  349.28,   850.56,   483.48
  346.17,   847.82,   608.42
  343.06,   845.09,   733.35
  476.51,   601.69,   481.20
  473.39,   598.96,   606.14
  470.28,   596.22,   731.07
  475.37,   726.66,   483.91
  472.26,   723.92,   608.84
  469.15,   721.19,   733.78
  474.24,   851.62,   486.62
  471.13,   848.89,   611.55
  468.01,   846.15,   736.48
  226.36,   600.41,   598.89
  222.90,   603.51,   723.81
  219.44,   606.62,   848.72
  229.77,   725.32,   595.88
  226.31,   728.43,   720.79
  222.85,   731.54,   845.71
  233.18,   850.24,   592.87
  229.72,   853.35,   717.78
  226.26,   856.45,   842.69
  351.27,   597.08,   602.44
  347.81,   600.19,   727.35
  344.34,   603.29,   852.26
  354.68,   722.00,   599.42
  351.21,   725.11,   724.34
  347.75,   728.21,   849.25
  358.09,   846.92,   596.41
  354.62,   850.02,   721.33
  351.16,   853.13,   846.24
  476.17,   593.76,   605.98
  472.71,   596.86,   730.89
  469.25,   599.97,   855.81
  479.58,   718.68,   602.97
  476.12,   721.78,   727.88
  472.66,   724.89,   852.80
  482.99,   843.59,   599.96
  479.53,   846.70,   724.87
  476.07,   849.81,   849.78
  348.63,   100.55,    98.54
  351.88,   100.47,   223.50
  355.14,   100.39,   348.46
  346.46,   225.53,    98.68
  349.72,   225.45,   223.64
  352.98,   225.37,   348.60
  344.30,   350.51,    98.82
  347.55,   350.43,   223.78
  350.81,   350.35,   348.74
  473.56,   102.72,    95.29
  476.82,   102.63,   220.25
  480.08,   102.55,   345.20
  471.40,   227.70,    95.43
  474.66,   227.62,   220.38
  477.92,   227.53,   345.34
  469.23,   352.68,    95.56
  472.49,   352.60,   220.52
  475.75,   352.52,   345.48
  598.50,   104.88,    92.03
  601.76,   104.80,   216.99
  605.02,   104.72,   341.95
  596.34,   229.86,    92.17
  599.60,   229.78,   217.13
  602.85,   229.70,   342.08
  594.17,   354.85,    92.31
  597.43,   354.76,   217.26
  600.69,   354.68,   342.22
  349.34,    98.68,   225.56
  352.20,    98.47,   350.52
  355.05,    98.27,   475.49
  347.45,   223.66,   225.80
  350.30,   223.46,   350.77
  353.16,   223.26,   475.74
  345.56,   348.65,   226.05
  348.41,   348.44,   351.02
  351.26,   348.24,   475.99
  474.30,   100.58,   222.71
  477.15,   100.37,   347.67
  480.00,   100.17,   472.64
  472.40,   225.56,   222.95
  475.26,   225.36,   347.92
  478.11,   225.15,   472.89
  470.51,   350.55,   223.20
  473.36,   350.34,   348.17
  476.22,   350.14,   473.14
  599.25,   102.48,   219.86
  602.10,   102.27,   344.82
  604.96,   102.07,   469.79
  597.36,   227.46,   220.10
  600.21,   227.26,   345.07
  603.06,   227.05,   470.04
  595.46,   352.45,   220.35
  598.32,   352.24,   345.32
  601.17,   352.04,   470.29
  349.82,   100.95,   349.82
  349.34,    99.81,   474.81
  348.86,    98.66,   599.80
  348.09,   225.93,   350.95
  347.61,   224.79,   475.95
  347.13,   223.65,   600.94
  346.37,   350.92,   352.09
  345.89,   349.77,   477.08
  345.41,   348.63,   602.08
  474.81,   102.67,   350.31
  474.33,   101.53,   475.31
  473.84,   100.38,   600.30
  473.08,   227.65,   351.45
  472.60,   226.51,   476.44
  472.12,   225.37,   601.44
  471.36,   352.64,   352.59
  470.88,   351.49,   477.58
  470.39,   350.35,   602.57
  599.79,   104.39,   350.81
  599.31,   103.25,   475.80
  598.83,   102.11,   600.80
  598.07,   229.37,   351.95
  597.59,   228.23,   476.94
  597.11,   227.09,   601.93
  596.34,   354.36,   353.08
  595.86,   353.21,   478.08
  595.38,   352.07,   603.07
  350.09,    99.63,   473.65
  349.18,   100.49,   598.64
  348.27,   101.35,   723.63
  349.15,   224.62,   472.78
  348.24,   225.48,   597.77
  347.33,   226.35,   722.76
  348.20,   349.61,   471.90
  347.29,   350.48,   596.90
  346.38,   351.34,   721.89
  475.08,   100.58,   474.55
  474.17,   101.44,   599.54
  473.26,   102.30,   724.54
  474.14,   225.57,   473.68
  473.23,   226.43,   598.67
  472.32,   227.30,   723.67
  473.20,   350.56,   472.81
  472.29,   351.43,   597.80
  471.38,   352.29,   722.79
  600.07,   101.53,   475.45
  599.17,   102.39,   600.45
  598.26,   103.25,   725.44
  599.13,   226.52,   474.58
  598.22,   227.38,   599.57
  597.31,   228.25,   724.57
  598.19,   351.51,   473.71
  597.28,   352.38,   598.70
  596.37,   353.24,   723.70
  349.94,   100.42,   601.92
  347.78,    99.47,   726.90
  345.62,    98.51,   851.87
  347.36,   225.39,   602.83
  345.20,   224.44,   727.81
  343.04,   223.48,   852.79
  344.78,   350.36,   603.74
  342.62,   349.41,   728.72
  340.46,   348.45,   853.70
  474.90,   102.99,   604.10
  472.74,   102.03,   729.07
  470.58,   101.07,   854.05
  472.31,   227.96,   605.01
  470.16,   227.00,   729.99
  468.00,   226.04,   854.96
  469.73,   352.93,   605.92
  467.57,   351.97,   730.90
  465.42,   351.01,   855.88
  599.85,   105.56,   606.27
  597.69,   104.60,   731.25
  595.53,   103.64,   856.23
  597.27,   230.53,   607.19
  595.11,   229.57,   732.16
  592.95,   228.61,   857.14
  594.69,   355.50,   608.10
  592.53,   354.54,   733.08
  590.37,   353.58,   858.05
  348.09,   225.71,    98.27
  345.96,   222.23,   223.20
  343.83,   218.75,   348.14
  345.97,   350.65,   101.72
  343.83,   347.16,   226.65
  341.70,   343.68,   351.58
  343.84,   475.58,   105.16
  341.71,   472.10,   230.10
  339.58,   468.62,   355.03
  473.05,   227.78,   100.46
  470.92,   224.29,   225.39
  468.79,   220.81,   350.33
  470.93,   352.71,   103.91
  468.80,   349.23,   228.84
  466.67,   345.75,   353.77
  468.81,   477.65,   107.35
  466.67,   474.16,   232.29
  464.54,   470.68,   357.22
  598.02,   229.84,   102.65
  595.89,   226.36,   227.58
  593.76,   222.88,   352.52
  595.89,   354.78,   106.10
  593.76,   351.29,   231.03
  591.63,   347.81,   355.96
  593.77,   479.71,   109.54
  591.64,   476.23,   234.47
  589.51,   472.75,   359.41
  349.03,   225.83,   225.54
  348.11,   223.42,   350.51
  347.18,   221.01,   475.48
  348.78,   350.81,   227.94
  347.86,   348.40,   352.92
  346.93,   345.99,   477.89
  348.53,   475.78,   230.35
  347.61,   473.37,   355.33
  346.69,   470.96,   480.30
  474.03,   226.06,   226.46
  473.10,   223.65,   351.44
  472.18,   221.24,   476.41
  473.78,   351.04,   228.87
  472.85,   348.63,   353.85
  471.93,   346.22,   478.82
  473.53,   476.01,   231.28
  472.61,   473.60,   356.25
  471.68,   471.19,   481.23
  599.02,   226.29,   227.39
  598.10,   223.88,   352.37
  597.18,   221.47,   477.34
  598.77,   351.27,   229.80
  597.85,   348.86,   354.77
  596.93,   346.45,   479.75
  598.53,   476.24,   232.21
  597.60,   473.83,   357.18
  596.68,   471.42,   482.16
  348.54,   223.17,   348.79
  349.32,   219.69,   473.74
  350.10,   216.21,   598.69
  346.01,   348.09,   352.28
  346.78,   344.61,   477.23
  347.56,   341.14,   602.18
  343.47,   473.02,   355.78
  344.25,   469.54,   480.73
  345.03,   466.06,   605.68
  473.51,   225.72,   348.08
  474.29,   222.24,   473.03
  475.07,   218.76,   597.98
  470.98,   350.65,   351.58
  471.76,   347.17,   476.53
  472.54,   343.69,   601.47
  468.44,   475.57,   355.07
  469.22,   472.09,   480.02
  470.00,   468.62,   604.97
  598.48,   228.27,   347.37
  599.26,   224.80,   472.32
  600.04,   221.32,   597.27
  595.95,   353.20,   350.87
  596.73,   349.72,   475.82
  597.51,   346.24,   600.77
  593.42,   478.13,   354.36
  594.20,   474.65,   479.31
  594.97,   471.17,   604.26
  350.16,   225.30,   474.29
  350.01,   227.90,   599.26
  349.85,   230.51,   724.24
  352.60,   350.24,   471.69
  352.45,   352.85,   596.66
  352.29,   355.46,   721.63
  355.04,   475.19,   469.08
  354.89,   477.80,   594.06
  354.73,   480.41,   719.03
  475.14,   222.86,   474.50
  474.98,   225.46,   599.47
  474.83,   228.07,   724.44
  477.58,   347.81,   471.89
  477.42,   350.41,   596.87
  477.27,   353.02,   721.84
  480.02,   472.76,   469.29
  479.87,   475.36,   594.26
  479.71,   477.97,   719.23
  600.11,   220.42,   474.70
  599.96,   223.03,   599.67
  599.80,   225.63,   724.65
  602.55,   345.37,   472.10
  602.40,   347.98,   597.07
  602.25,   350.58,   722.04
  605.00,   470.32,   469.49
  604.84,   472.92,   594.47
  604.69,   475.53,   719.44
  349.27,   226.10,   600.81
  349.13,   224.23,   725.79
  348.98,   222.36,   850.78
  348.22,   351.08,   602.67
  348.08,   349.21,   727.66
  347.93,   347.34,   852.64
  347.17,   476.06,   604.54
  347.03,   474.19,   729.52
  346.88,   472.32,   854.51
  474.26,   227.14,   600.96
  474.12,   225.28,   725.95
  473.98,   223.41,   850.93
  473.21,   352.12,   602.83
  473.07,   350.26,   727.81
  472.93,   348.39,   852.80
  472.16,   477.11,   604.69
  472.02,   475.24,   729.68
  471.88,   473.37,   854.67
  599.26,   228.19,   601.12
  599.12,   226.32,   726.11
  598.97,   224.46,   851.09
  598.21,   353.17,   602.99
  598.07,   351.31,   727.97
  597.92,   349.44,   852.96
  597.16,   478.15,   604.85
  597.02,   476.29,   729.84
  596.88,   474.42,   854.82
  351.17,   348.21,    98.59
  352.41,   347.92,   223.58
  353.64,   347.64,   348.58
  350.98,   473.21,    98.87
  352.21,   472.92,   223.87
  353.45,   472.64,   348.86
  350.79,   598.21,    99.16
  352.02,   597.92,   224.15
  353.26,   597.64,   349.15
  476.17,   348.40,    97.35
  477.40,   348.12,   222.35
  478.64,   347.84,   347.34
  475.97,   473.40,    97.64
  477.21,   473.12,   222.63
  478.44,   472.84,   347.63
  475.78,   598.40,    97.92
  477.02,   598.12,   222.92
  478.25,   597.84,   347.91
  601.16,   348.60,    96.12
  602.39,   348.31,   221.11
  603.63,   348.03,   346.11
  600.97,   473.60,    96.40
  602.20,   473.31,   221.40
  603.44,   473.03,   346.39
  600.77,   598.60,    96.69
  602.01,   598.31,   221.68
  603.25,   598.03,   346.67
  351.98,   349.21,   224.41
  355.01,   347.85,   349.37
  358.04,   346.50,   474.32
  354.69,   474.18,   225.70
  357.72,   472.82,   350.66
  360.75,   471.46,   475.62
  357.39,   599.14,   227.00
  360.43,   597.78,   351.95
  363.46,   596.42,   476.91
  476.91,   346.54,   221.35
  479.95,   345.18,   346.31
  482.98,   343.82,   471.26
  479.62,   471.50,   222.64
  482.65,   470.14,   347.60
  485.69,   468.78,   472.55
  482.33,   596.46,   223.94
  485.36,   595.11,   348.89
  488.39,   593.75,   473.85
  601.85,   343.86,   218.29
  604.88,   342.50,   343.25
  607.91,   341.14,   468.20
  604.55,   468.82,   219.58
  607.59,   467.47,   344.54
  610.62,   466.11,   469.49
  607.26,   593.79,   220.87
  610.30,   592.43,   345.83
  613.33,   591.07,   470.79
  348.19,   348.87,   351.86
  351.76,   345.98,   476.77
  355.33,   343.08,   601.69
  350.55,   473.81,   354.68
  354.12,   470.92,   479.60
  357.68,   468.03,   604.51
  352.90,   598.76,   357.51
  356.47,   595.87,   482.42
  360.04,   592.98,   607.34
  473.12,   346.60,   348.23
  476.69,   343.70,   473.15
  480.26,   340.81,   598.07
  475.47,   471.54,   351.06
  479.04,   468.65,   475.98
  482.61,   465.76,   600.89
  477.83,   596.49,   353.89
  481.40,   593.59,   478.80
  484.97,   590.70,   603.72
  598.05,   344.32,   344.61
  601.61,   341.43,   469.53
  605.18,   338.54,   594.44
  600.40,   469.27,   347.44
  603.97,   466.38,   472.35
  607.54,   463.48,   597.27
  602.76,   594.21,   350.26
  606.32,   591.32,   475.18
  609.89,   588.43,   600.09
  349.92,   351.31,   475.82
  352.55,   352.21,   600.79
  355.19,   353.11,   725.75
  349.55,   476.30,   474.92
  352.19,   477.21,   599.89
  354.82,   478.11,   724.86
  349.19,   601.30,   474.03
  351.83,   602.20,   599.00
  354.46,   603.10,   723.97
  474.89,   351.65,   473.18
  477.52,   352.55,   598.15
  480.16,   353.45,   723.12
  474.53,   476.65,   472.29
  477.16,   477.55,   597.25
  479.79,   478.45,   722.22
  474.16,   601.64,   471.39
  476.80,   602.55,   596.36
  479.43,   603.45,   721.33
  599.86,   352.00,   470.54
  602.49,   352.90,   595.51
  605.13,   353.80,   720.48
  599.50,   476.99,   469.65
  602.13,   477.89,   594.62
  604.77,   478.79,   719.59
  599.13,   601.99,   468.76
  601.77,   602.89,   593.72
  604.40,   603.79,   718.69
  348.34,   351.88,   599.95
  350.36,   349.18,   724.90
  352.38,   346.48,   849.86
  346.17,   476.83,   602.68
  348.19,   474.13,   727.64
  350.20,   471.43,   852.59
  344.00,   601.78,   605.41
  346.02,   599.09,   730.37
  348.03,   596.39,   855.32
  473.31,   354.10,   597.98
  475.32,   351.40,   722.93
  477.34,   348.70,   847.89
  471.13,   479.05,   600.71
  473.15,   476.35,   725.67
  475.17,   473.65,   850.62
  468.96,   604.00,   603.45
  470.98,   601.30,   728.40
  473.00,   598.60,   853.35
  598.27,   356.31,   596.01
  600.29,   353.61,   720.96
  602.31,   350.91,   845.92
  596.10,   481.26,   598.74
  598.12,   478.56,   723.70
  600.13,   475.87,   848.65
  593.93,   606.22,   601.48
  595.94,   603.52,   726.43
  597.96,   600.82,   851.39
  348.86,   473.31,    98.46
  348.15,   475.10,   223.45
  347.45,   476.89,   348.43
  351.29,   598.27,    96.69
  350.59,   600.06,   221.67
  349.88,   601.85,   346.66
  353.73,   723.24,    94.91
  353.02,   725.03,   219.89
  352.32,   726.82,   344.88
  473.83,   470.88,    99.20
  473.13,   472.68,   224.19
  472.42,   474.47,   349.17
  476.27,   595.85,    97.43
  475.56,   597.64,   222.41
  474.86,   599.43,   347.40
  478.70,   720.81,    95.65
  477.99,   722.60,   220.63
  477.29,   724.39,   345.62
  598.81,   468.46,    99.94
  598.10,   470.25,   224.93
  597.40,   472.04,   349.91
  601.24,   593.43,    98.17
  600.54,   595.22,   223.15
  599.83,   597.01,   348.14
  603.67,   718.39,    96.39
  602.97,   720.18,   221.37
  602.26,   721.97,   346.36
  350.06,   474.52,   224.31
  346.70,   477.09,   349.24
  343.35,   479.66,   474.17
  352.96,   599.46,   221.82
  349.60,   602.03,   346.75
  346.25,   604.60,   471.68
  355.85,   724.40,   219.33
  352.50,   726.97,   344.26
  349.15,   729.54,   469.18
  474.98,   471.69,   227.73
  471.63,   474.26,   352.65
  468.27,   476.83,   477.58
  477.88,   596.63,   225.23
  474.52,   599.20,   350.16
  471.17,   601.77,   475.09
  480.78,   721.57,   222.74
  477.42,   724.14,   347.67
  474.07,   726.71,   472.60
  599.90,   468.86,   231.14
  596.55,   471.43,   356.07
  593.19,   474.00,   481.00
  602.80,   593.80,   228.64
  599.45,   596.37,   353.57
  596.09,   598.94,   478.50
  605.70,   718.74,   226.15
  602.34,   721.31,   351.08
  598.99,   723.88,   476.01
  351.39,   474.88,   350.87
  350.15,   473.89,   475.86
  348.91,   472.89,   600.85
  349.11,   599.86,   351.85
  347.87,   598.86,   476.84
  346.63,   597.87,   601.83
  346.83,   724.83,   352.82
  345.59,   723.84,   477.81
  344.35,   722.84,   602.80
  476.36,   477.15,   352.13
  475.12,   476.16,   477.12
  473.88,   475.16,   602.11
  474.08,   602.13,   353.10
  472.84,   601.13,   478.09
  471.61,   600.14,   603.08
  471.80,   727.10,   354.08
  470.56,   726.11,   479.07
  469.33,   725.11,   604.06
  601.33,   479.42,   353.39
  600.10,   478.43,   478.38
  598.86,   477.43,   603.37
  599.05,   604.40,   354.36
  597.82,   603.40,   479.35
  596.58,   602.41,   604.34
  596.77,   729.37,   355.33
  595.54,   728.38,   480.32
  594.30,   727.38,   605.31
  350.00,   475.25,   474.52
  348.81,   477.26,   599.50
  347.63,   479.27,   724.48
  352.96,   600.20,   472.54
  351.78,   602.21,   597.52
  350.59,   604.22,   722.50
  355.93,   725.15,   470.56
  354.74,   727.16,   595.54
  353.56,   729.17,   720.52
  474.96,   472.31,   475.75
  473.77,   474.32,   600.73
  472.59,   476.33,   725.71
  477.92,   597.26,   473.77
  476.74,   599.27,   598.75
  475.55,   601.27,   723.73
  480.89,   722.21,   471.79
  479.70,   724.21,   596.77
  478.52,   726.22,   721.75
  599.92,   469.36,   476.98
  598.73,   471.37,   601.96
  597.55,   473.38,   726.94
  602.88,   594.31,   475.00
  601.70,   596.32,   599.98
  600.51,   598.33,   724.96
  605.85,   719.26,   473.02
  604.66,   721.27,   598.00
  603.48,   723.28,   722.98
  350.41,   475.59,   600.55
  349.95,   476.00,   725.55
  349.50,   476.42,   850.55
  353.92,   600.54,   600.15
  353.46,   600.95,   725.15
  353.01,   601.37,   850.15
  357.43,   725.49,   599.75
  356.97,   725.90,   724.75
  356.52,   726.32,   849.75
  475.36,   472.08,   601.02
  474.90,   472.49,   726.01
  474.45,   472.91,   851.01
  478.87,   597.03,   600.62
  478.41,   597.44,   725.61
  477.96,   597.86,   850.61
  482.38,   721.98,   600.22
  481.92,   722.39,   725.21
  481.47,   722.81,   850.21
  600.31,   468.57,   601.48
  599.85,   468.99,   726.48
  599.40,   469.40,   851.48
  603.82,   593.52,   601.08
  603.36,   593.94,   726.08
  602.91,   594.35,   851.08
  607.33,   718.47,   600.68
  606.87,   718.89,   725.68
  606.42,   719.30,   850.68
  350.18,   598.76,    99.12
  347.13,   600.50,   224.07
  344.09,   602.24,   349.02
  346.45,   723.69,    97.29
  343.41,   725.43,   222.24
  340.37,   727.17,   347.19
  342.73,   848.62,    95.46
  339.69,   850.36,   220.41
  336.65,   852.11,   345.36
  475.08,   602.53,   102.11
  472.04,   604.27,   227.06
  469.00,   606.01,   352.01
  471.36,   727.46,   100.27
  468.32,   729.20,   225.22
  465.28,   730.94,   350.18
  467.63,   852.39,    98.44
  464.59,   854.13,   223.39
  461.55,   855.87,   348.34
  599.99,   606.30,   105.09
  596.95,   608.04,   230.04
  593.91,   609.78,   354.99
  596.27,   731.23,   103.26
  593.23,   732.97,   228.21
  590.18,   734.71,   353.16
  592.54,   856.16,   101.43
  589.50,   857.90,   226.38
  586.46,   859.64,   351.33
  350.86,   599.85,   225.99
  348.68,   599.80,   350.97
  346.50,   599.74,   475.95
  350.36,   724.85,   226.04
  348.18,   724.79,   351.02
  346.00,   724.74,   476.00
  349.86,   849.85,   226.09
  347.68,   849.79,   351.07
  345.50,   849.74,   476.05
  475.84,   600.35,   228.17
  473.66,   600.30,   353.15
  471.48,   600.24,   478.13
  475.34,   725.35,   228.22
  473.16,   725.29,   353.20
  470.98,   725.24,   478.18
  474.84,   850.35,   228.27
  472.66,   850.29,   353.25
  470.48,   850.23,   478.23
  600.82,   600.85,   230.35
  598.64,   600.79,   355.33
  596.46,   600.74,   480.31
  600.32,   725.85,   230.40
  598.14,   725.79,   355.38
  595.96,   725.74,   480.36
  599.82,   850.85,   230.45
  597.64,   850.79,   355.43
  595.46,   850.73,   480.41
  351.18,   599.13,   349.55
  350.23,   596.10,   474.51
  349.29,   593.06,   599.47
  350.13,   724.09,   352.57
  349.18,   721.05,   477.53
  348.24,   718.02,   602.49
  349.08,   849.05,   355.60
  348.13,   846.01,   480.56
  347.19,   842.98,   605.52
  476.17,   600.16,   350.52
  475.23,   597.12,   475.48
  474.28,   594.09,   600.44
  475.12,   725.12,   353.54
  474.18,   722.08,   478.50
  473.23,   719.05,   603.46
  474.07,   850.08,   356.57
  473.12,   847.04,   481.53
  472.18,   844.00,   606.49
  601.16,   601.19,   351.49
  600.22,   598.15,   476.45
  599.27,   595.12,   601.41
  600.11,   726.15,   354.52
  599.17,   723.11,   479.47
  598.22,   720.07,   604.43
  599.06,   851.11,   357.54
  598.12,   848.07,   482.50
  597.17,   845.03,   607.46
  350.74,   599.56,   473.12
  353.95,   596.56,   598.05
  357.15,   593.56,   722.97
  347.10,   724.47,   476.22
  350.31,   721.47,   601.14
  353.52,   718.47,   726.06
  343.47,   849.38,   479.31
  346.67,   846.38,   604.23
  349.88,   843.38,   729.16
  475.65,   603.28,   470.01
  478.85,   600.28,   594.93
  482.06,   597.28,   719.85
  472.01,   728.18,   473.10
  475.22,   725.18,   598.02
  478.42,   722.18,   722.95
  468.37,   853.09,   476.19
  471.58,   850.09,   601.12
  474.78,   847.09,   726.04
  600.55,   606.99,   466.89
  603.76,   603.99,   591.81
  606.97,   600.99,   716.74
  596.92,   731.90,   469.98
  600.12,   728.90,   594.91
  603.33,   725.90,   719.83
  593.28,   856.81,   473.08
  596.48,   853.81,   598.00
  599.69,   850.81,   722.92
  349.04,   601.61,   600.14
  350.81,   603.12,   725.12
  352.59,   604.64,   850.10
  346.42,   726.57,   598.67
  348.20,   728.09,   723.64
  349.98,   729.60,   848.62
  343.81,   851.54,   597.19
  345.59,   853.05,   722.17
  347.36,   854.57,   847.14
  474.00,   604.20,   598.34
  475.77,   605.72,   723.32
  477.55,   607.23,   848.29
  471.38,   729.16,   596.86
  473.16,   730.68,   721.84
  474.94,   732.20,   846.81
  468.77,   854.13,   595.38
  470.55,   855.64,   720.36
  472.32,   857.16,   845.34
  598.96,   606.79,   596.53
  600.73,   608.31,   721.51
  602.51,   609.82,   846.49
  596.35,   731.76,   595.05
  598.12,   733.27,   720.03
  599.90,   734.79,   845.01
  593.73,   856.72,   593.57
  595.51,   858.24,   718.55
  597.28,   859.75,   843.53
  473.44,   101.48,    98.79
  472.58,   100.82,   223.78
  471.72,   100.16,   348.78
  473.40,   226.48,    99.45
  472.54,   225.82,   224.45
  471.68,   225.16,   349.44
  473.35,   351.48,   100.11
  472.49,   350.82,   225.11
  471.63,   350.16,   350.10
  598.44,   101.52,    99.65
  597.58,   100.86,   224.64
  596.72,   100.20,   349.64
  598.39,   226.52,   100.31
  597.53,   225.86,   225.31
  596.67,   225.20,   350.30
  598.35,   351.52,   100.97
  597.49,   350.86,   225.97
  596.63,   350.19,   350.96
  723.44,   101.56,   100.51
  722.58,   100.90,   225.50
  721.72,   100.24,   350.50
  723.39,   226.56,   101.17
  722.53,   225.90,   226.17
  721.67,   225.24,   351.16
  723.35,   351.56,   101.83
  722.49,   350.90,   226.83
  721.63,   350.23,   351.82
  474.50,    99.59,   226.53
  476.44,   102.95,   351.47
  478.37,   106.32,   476.41
  475.24,   224.54,   223.15
  477.18,   227.91,   348.09
  479.12,   231.27,   473.03
  475.98,   349.49,   219.78
  477.92,   352.86,   344.71
  479.86,   356.22,   469.65
  599.48,    98.79,   224.61
  601.42,   102.16,   349.55
  603.36,   105.52,   474.49
  600.22,   223.75,   221.24
  602.16,   227.11,   346.18
  604.10,   230.48,   471.11
  600.97,   348.70,   217.86
  602.91,   352.06,   342.80
  604.84,   355.43,   467.74
  724.46,    98.00,   222.70
  726.40,   101.36,   347.64
  728.34,   104.73,   472.57
  725.21,   222.95,   219.32
  727.14,   226.32,   344.26
  729.08,   229.68,   469.20
  725.95,   347.90,   215.94
  727.89,   351.27,   340.88
  729.83,   354.63,   465.82
  476.91,    99.67,   348.44
  477.81,   102.64,   473.40
  478.70,   105.60,   598.36
  479.53,   224.61,   345.46
  480.42,   227.57,   470.42
  481.32,   230.54,   595.38
  482.14,   349.54,   342.47
  483.03,   352.51,   467.44
  483.93,   355.47,   592.40
  601.88,    97.04,   347.61
  602.78,   100.00,   472.57
  603.67,   102.97,   597.53
  604.50,   221.97,   344.62
  605.39,   224.94,   469.59
  606.29,   227.90,   594.55
  607.11,   346.91,   341.64
  608.00,   349.88,   466.60
  608.90,   352.84,   591.56
  726.85,    94.40,   346.77
  727.75,    97.37,   471.74
  728.64,   100.33,   596.70
  729.46,   219.34,   343.79
  730.36,   222.31,   468.75
  731.26,   225.27,   593.71
  732.08,   344.28,   340.81
  732.97,   347.24,   465.77
  733.87,   350.21,   590.73
  475.61,   101.64,   476.93
  477.62,   104.57,   601.88
  479.62,   107.50,   726.82
  474.70,   226.60,   474.01
  476.71,   229.53,   598.96
  478.71,   232.46,   723.91
  473.80,   351.56,   471.10
  475.80,   354.49,   596.05
  477.81,   357.42,   721.00
  600.59,   102.50,   474.90
  602.60,   105.43,   599.85
  604.60,   108.36,   724.80
  599.68,   227.46,   471.99
  601.69,   230.39,   596.94
  603.69,   233.32,   721.89
  598.78,   352.43,   469.07
  600.78,   355.35,   594.02
  602.79,   358.28,   718.97
  725.57,   103.36,   472.87
  727.58,   106.29,   597.82
  729.58,   109.22,   722.77
  724.67,   228.32,   469.96
  726.67,   231.25,   594.91
  728.67,   234.18,   719.86
  723.76,   353.29,   467.05
  725.76,   356.21,   592.00
  727.77,   359.14,   716.95
  473.38,   101.69,   600.09
  473.15,   103.92,   725.07
  472.92,   106.15,   850.05
  473.26,   226.67,   597.86
  473.03,   228.90,   722.84
  472.81,   231.13,   847.82
  473.14,   351.65,   595.63
  472.92,   353.88,   720.61
  472.69,   356.11,   845.59
  598.38,   101.81,   600.32
  598.15,   104.04,   725.30
  597.92,   106.27,   850.28
  598.26,   226.79,   598.09
  598.03,   229.02,   723.07
  597.81,   231.25,   848.05
  598.14,   351.77,   595.86
  597.92,   354.00,   720.84
  597.69,   356.23,   845.82
  723.38,   101.93,   600.54
  723.15,   104.16,   725.52
  722.92,   106.39,   850.50
  723.26,   226.91,   598.31
  723.03,   229.14,   723.29
  722.81,   231.37,   848.27
  723.14,   351.89,   596.08
  722.92,   354.12,   721.06
  722.69,   356.35,   846.04
  474.32,   223.01,    99.44
  477.74,   224.95,   224.38
  481.16,   226.88,   349.32
  473.45,   347.99,    97.53
  476.87,   349.93,   222.47
  480.29,   351.87,   347.40
  472.58,   472.97,    95.61
  476.00,   474.91,   220.55
  479.42,   476.85,   345.49
  599.27,   223.82,    96.01
  602.69,   225.76,   220.95
  606.11,   227.70,   345.89
  598.40,   348.81,    94.09
  601.82,   350.74,   219.03
  605.24,   352.68,   343.97
  597.53,   473.79,    92.18
  600.95,   475.73,   217.12
  604.37,   477.66,   342.06
  724.22,   224.64,    92.58
  727.64,   226.57,   217.51
  731.06,   228.51,   342.45
  723.35,   349.62,    90.66
  726.77,   351.56,   215.60
  730.19,   353.50,   340.54
  722.48,   474.60,    88.75
  725.90,   476.54,   213.68
  729.32,   478.48,   338.62
  473.38,   226.86,   224.85
  476.61,   230.55,   349.75
  479.84,   234.23,   474.66
  472.64,   351.80,   221.18
  475.87,   355.49,   346.09
  479.10,   359.18,   470.99
  471.89,   476.75,   217.51
  475.12,   480.43,   342.42
  478.35,   484.12,   467.32
  598.34,   227.51,   221.60
  601.57,   231.20,   346.50
  604.80,   234.88,   471.41
  597.59,   352.45,   217.93
  600.82,   356.14,   342.83
  604.06,   359.83,   467.74
  596.85,   477.40,   214.26
  600.08,   481.08,   339.16
  603.31,   484.77,   464.07
  723.29,   228.16,   218.35
  726.52,   231.84,   343.25
  729.76,   235.53,   468.15
  722.55,   353.10,   214.68
  725.78,   356.79,   339.58
  729.01,   360.48,   464.49
  721.80,   478.05,   211.01
  725.04,   481.73,   335.91
  728.27,   485.42,   460.82
  475.62,   226.61,   350.10
  474.36,   226.59,   475.10
  473.11,   226.56,   600.09
  471.89,   351.55,   350.09
  470.63,   351.53,   475.08
  469.37,   351.51,   600.07
  468.15,   476.50,   350.07
  466.90,   476.47,   475.06
  465.64,   476.45,   600.06
  600.56,   230.34,   351.36
  599.30,   230.32,   476.35
  598.04,   230.30,   601.35
  596.82,   355.28,   351.34
  595.57,   355.26,   476.34
  594.31,   355.24,   601.33
  593.09,   480.23,   351.33
  591.83,   480.21,   476.32
  590.58,   480.19,   601.31
  725.49,   234.07,   352.62
  724.24,   234.05,   477.61
  722.98,   234.03,   602.60
  721.76,   359.02,   352.60
  720.50,   359.00,   477.59
  719.25,   358.97,   602.59
  718.03,   483.96,   352.58
  716.77,   483.94,   477.58
  715.52,   483.92,   602.57
  473.69,   224.08,   473.94
  476.44,   222.78,   598.90
  479.19,   221.48,   723.87
  476.73,   349.04,   475.18
  479.48,   347.74,   600.14
  482.23,   346.43,   725.10
  479.77,   474.00,   476.41
  482.52,   472.69,   601.38
  485.27,   471.39,   726.34
  598.62,   221.07,   471.16
  601.37,   219.77,   596.12
  604.12,   218.47,   721.09
  601.66,   346.03,   472.40
  604.41,   344.73,   597.36
  607.16,   343.42,   722.32
  604.70,   470.99,   473.63
  607.45,   469.68,   598.60
  610.20,   468.38,   723.56
  723.56,   218.06,   468.38
  726.31,   216.76,   593.34
  729.05,   215.46,   718.31
  726.60,   343.02,   469.62
  729.34,   341.72,   594.58
  732.09,   340.41,   719.54
  729.63,   467.98,   470.85
  732.38,   466.67,   595.82
  735.13,   465.37,   720.78
  474.66,   224.62,   600.49
  478.06,   226.87,   725.42
  481.47,   229.12,   850.36
  476.95,   349.58,   598.18
  480.35,   351.83,   723.11
  483.76,   354.07,   848.05
  479.24,   474.54,   595.87
  482.64,   476.79,   720.80
  486.05,   479.03,   845.74
  599.59,   222.27,   597.13
  603.00,   224.52,   722.06
  606.40,   226.76,   846.99
  601.88,   347.23,   594.82
  605.29,   349.48,   719.75
  608.69,   351.72,   844.68
  604.17,   472.19,   592.51
  607.58,   474.43,   717.44
  610.98,   476.68,   842.37
  724.52,   219.92,   593.76
  727.93,   222.17,   718.70
  731.33,   224.41,   843.63
  726.81,   344.88,   591.45
  730.22,   347.12,   716.39
  733.62,   349.37,   841.32
  729.10,   469.84,   589.15
  732.51,   472.08,   714.08
  735.91,   474.33,   839.01
  474.37,   348.45,    98.81
  476.15,   344.78,   223.75
  477.94,   341.12,   348.68
  472.37,   473.38,   102.51
  474.15,   469.71,   227.44
  475.94,   466.04,   352.38
  470.37,   598.31,   106.21
  472.15,   594.64,   231.14
  473.94,   590.97,   356.08
  599.34,   350.51,    97.09
  601.13,   346.84,   222.02
  602.91,   343.17,   346.95
  597.34,   475.44,   100.78
  599.12,   471.77,   225.72
  600.91,   468.10,   350.65
  595.34,   600.37,   104.48
  597.12,   596.70,   229.42
  598.91,   593.03,   354.35
  724.31,   352.56,    95.36
  726.10,   348.89,   220.29
  727.88,   345.22,   345.23
  722.31,   477.49,    99.06
  724.10,   473.82,   223.99
  725.88,   470.15,   348.92
  720.31,   602.42,   102.75
  722.09,   598.75,   227.69
  723.88,   595.08,   352.62
  473.21,   350.19,   224.35
  475.43,   347.62,   349.30
  477.64,   345.05,   474.25
  471.89,   475.16,   226.94
  474.10,   472.59,   351.90
  476.31,   470.01,   476.85
  470.56,   600.13,   229.54
  472.78,   597.55,   354.50
  474.99,   594.98,   479.45
  598.19,   351.56,   222.16
  600.40,   348.99,   347.11
  602.61,   346.42,   472.07
  596.86,   476.53,   224.76
  599.07,   473.96,   349.71
  601.29,   471.38,   474.67
  595.54,   601.50,   227.36
  597.75,   598.92,   352.31
  599.96,   596.35,   477.26
  723.16,   352.93,   219.98
  725.37,   350.36,   344.93
  727.59,   347.79,   469.88
  721.83,   477.90,   222.57
  724.05,   475.33,   347.53
  726.26,   472.75,   472.48
  720.51,   602.87,   225.17
  722.72,   600.29,   350.13
  724.94,   597.72,   475.08
  476.77,   349.80,   349.23
  473.23,   353.36,   474.13
  469.70,   356.93,   599.03
  476.97,   474.74,   345.67
  473.43,   478.31,   470.57
  469.90,   481.88,   595.47
  477.17,   599.69,   342.11
  473.63,   603.26,   467.01
  470.09,   606.83,   591.90
  601.72,   349.70,   352.77
  598.18,   353.26,   477.67
  594.65,   356.83,   602.57
  601.92,   474.65,   349.21
  598.38,   478.21,   474.11
  594.85,   481.78,   599.01
  602.12,   599.60,   345.65
  598.58,   603.16,   470.55
  595.04,   606.73,   595.44
  726.67,   349.60,   356.31
  723.13,   353.17,   481.21
  719.60,   356.73,   606.11
  726.87,   474.55,   352.75
  723.33,   478.11,   477.65
  719.80,   481.68,   602.55
  727.07,   599.50,   349.19
  723.53,   603.06,   474.09
  719.99,   606.63,   598.98
  473.01,   350.89,   474.23
  475.08,   347.17,   599.15
  477.16,   343.44,   724.08
  474.01,   475.83,   477.93
  476.09,   472.11,   602.86
  478.16,   468.39,   727.79
  475.01,   600.77,   481.64
  477.09,   597.05,   606.57
  479.16,   593.33,   731.49
  597.99,   349.95,   472.12
  600.06,   346.23,   597.05
  602.13,   342.50,   721.98
  598.99,   474.89,   475.83
  601.06,   471.17,   600.76
  603.14,   467.44,   725.69
  599.99,   599.83,   479.54
  602.07,   596.11,   604.46
  604.14,   592.38,   729.39
  722.97,   349.01,   470.02
  725.04,   345.28,   594.95
  727.11,   341.56,   719.88
  723.97,   473.95,   473.73
  726.04,   470.22,   598.66
  728.12,   466.50,   723.58
  724.97,   598.89,   477.43
  727.05,   595.17,   602.36
  729.12,   591.44,   727.29
  473.78,   350.20,   599.84
  474.56,   353.61,   724.79
  475.34,   357.02,   849.74
  474.69,   475.15,   596.42
  475.47,   478.56,   721.37
  476.25,   481.97,   846.32
  475.61,   600.10,   593.00
  476.39,   603.51,   717.96
  477.17,   606.92,   842.91
  598.77,   349.26,   599.08
  599.55,   352.67,   724.03
  600.33,   356.08,   848.98
  599.69,   474.21,   595.66
  600.47,   477.62,   720.62
  601.25,   481.03,   845.57
  600.60,   599.16,   592.25
  601.38,   602.57,   717.20
  602.17,   605.98,   842.15
  723.76,   348.32,   598.33
  724.54,   351.73,   723.28
  725.33,   355.14,   848.23
  724.68,   473.27,   594.91
  725.46,   476.68,   719.86
  726.24,   480.09,   844.81
  725.60,   598.22,   591.49
  726.38,   601.63,   716.44
  727.16,   605.04,   841.40
  476.84,   475.34,    98.50
  474.52,   477.80,   223.45
  472.20,   480.26,   348.41
  479.78,   600.28,    96.09
  477.46,   602.74,   221.05
  475.15,   605.20,   346.00
  482.73,   725.23,    93.69
  480.41,   727.68,   218.64
  478.09,   730.14,   343.60
  601.78,   472.44,   100.87
  599.46,   474.90,   225.83
  597.14,   477.36,   350.78
  604.73,   597.38,    98.47
  602.41,   599.84,   223.42
  600.09,   602.30,   348.38
  607.67,   722.32,    96.06
  605.36,   724.78,   221.02
  603.04,   727.24,   345.97
  726.72,   469.54,   103.25
  724.40,   472.00,   228.20
  722.09,   474.46,   353.16
  729.67,   594.48,   100.84
  727.35,   596.94,   225.80
  725.03,   599.40,   350.75
  732.62,   719.42,    98.44
  730.30,   721.88,   223.39
  727.98,   724.34,   348.35
  473.93,   473.74,   224.53
  472.90,   476.32,   349.50
  471.86,   478.90,   474.47
  473.61,   598.72,   221.95
  472.57,   601.30,   346.91
  471.53,   603.88,   471.88
  473.28,   723.69,   219.36
  472.24,   726.27,   344.33
  471.20,   728.85,   469.30
  598.93,   474.09,   225.56
  597.89,   476.67,   350.53
  596.85,   479.25,   475.50
  598.60,   599.06,   222.98
  597.56,   601.64,   347.95
  596.53,   604.23,   472.92
  598.28,   724.04,   220.39
  597.24,   726.62,   345.36
  596.20,   729.20,   470.33
  723.92,   474.44,   226.59
  722.89,   477.02,   351.56
  721.85,   479.60,   476.53
  723.60,   599.41,   224.01
  722.56,   601.99,   348.98
  721.52,   604.57,   473.95
  723.27,   724.39,   221.43
  722.23,   726.97,   346.39
  721.19,   729.55,   471.36
  473.84,   473.33,   351.05
  471.51,   470.71,   476.00
  469.17,   468.09,   600.95
  470.63,   598.26,   353.61
  468.29,   595.64,   478.56
  465.95,   593.02,   603.51
  467.41,   723.19,   356.17
  465.08,   720.57,   481.12
  462.74,   717.95,   606.07
  598.78,   476.50,   353.45
  596.44,   473.88,   478.40
  594.11,   471.25,   603.35
  595.57,   601.43,   356.01
  593.23,   598.81,   480.96
  590.89,   596.19,   605.91
  592.35,   726.36,   358.57
  590.01,   723.74,   483.52
  587.68,   721.12,   608.47
  723.72,   479.66,   355.85
  721.38,   477.04,   480.80
  719.04,   474.42,   605.75
  720.50,   604.59,   358.41
  718.17,   601.97,   483.36
  715.83,   599.35,   608.31
  717.29,   729.53,   360.97
  714.95,   726.91,   485.92
  712.61,   724.29,   610.87
  475.43,   473.66,   476.05
  475.91,   476.17,   601.02
  476.38,   478.67,   725.99
  472.76,   598.61,   473.55
  473.23,   601.12,   598.53
  473.71,   603.62,   723.50
  470.09,   723.56,   471.06
  470.56,   726.06,   596.03
  471.04,   728.57,   721.01
  600.40,   476.33,   475.52
  600.88,   478.83,   600.49
  601.35,   481.34,   725.47
  597.73,   601.27,   473.02
  598.21,   603.78,   598.00
  598.68,   606.28,   722.97
  595.06,   726.22,   470.53
  595.53,   728.72,   595.50
  596.01,   731.23,   720.48
  725.37,   478.99,   474.99
  725.85,   481.49,   599.96
  726.32,   484.00,   724.94
  722.70,   603.94,   472.50
  723.18,   606.44,   597.47
  723.65,   608.94,   722.44
  720.03,   728.88,   470.00
  720.50,   731.39,   594.98
  720.98,   733.89,   719.95
  474.37,   476.54,   601.44
  472.98,   476.18,   726.43
  471.59,   475.82,   851.42
  472.31,   601.52,   601.77
  470.92,   601.16,   726.76
  469.53,   600.80,   851.76
  470.25,   726.51,   602.11
  468.86,   726.15,   727.10
  467.47,   725.79,   852.09
  599.35,   478.60,   602.83
  597.96,   478.24,   727.83
  596.57,   477.88,   852.82
  597.29,   603.58,   603.17
  595.90,   603.22,   728.16
  594.51,   602.86,   853.15
  595.23,   728.56,   603.51
  593.84,   728.20,   728.50
  592.45,   727.84,   853.49
  724.32,   480.65,   604.23
  722.93,   480.29,   729.22
  721.54,   479.93,   854.21
  722.27,   605.63,   604.57
  720.87,   605.28,   729.56
  719.48,   604.92,   854.55
  720.21,   730.62,   604.90
  718.81,   730.26,   729.89
  717.42,   729.90,   854.89
  476.26,   598.97,    99.01
  475.70,   599.85,   224.00
  475.13,   600.73,   349.00
  477.99,   723.95,    98.14
  477.43,   724.83,   223.13
  476.86,   725.71,   348.13
  479.72,   848.94,    97.27
  479.16,   849.82,   222.26
  478.59,   850.70,   347.26
  601.25,   597.24,    99.59
  600.68,   598.12,   224.58
  600.12,   599.00,   349.58
  602.98,   722.23,    98.72
  602.41,   723.11,   223.71
  601.85,   723.98,   348.71
  604.71,   847.21,    97.85
  604.14,   848.09,   222.84
  603.58,   848.97,   347.84
  726.24,   595.52,   100.17
  725.67,   596.40,   225.16
  725.10,   597.27,   350.16
  727.97,   720.50,    99.30
  727.40,   721.38,   224.29
  726.83,   722.26,   349.29
  729.70,   845.49,    98.42
  729.13,   846.37,   223.42
  728.56,   847.24,   348.42
  476.96,   600.64,   223.19
  479.47,   600.92,   348.16
  481.98,   601.20,   473.14
  474.34,   725.62,   222.97
  476.85,   725.89,   347.94
  479.36,   726.17,   472.92
  471.72,   850.59,   222.74
  474.23,   850.86,   347.72
  476.74,   851.14,   472.69
  601.91,   603.26,   220.68
  604.42,   603.53,   345.65
  606.92,   603.81,   470.63
  599.29,   728.23,   220.45
  601.80,   728.51,   345.43
  604.30,   728.78,   470.40
  596.67,   853.20,   220.23
  599.18,   853.48,   345.21
  601.68,   853.75,   470.18
  726.86,   605.87,   218.17
  729.36,   606.15,   343.14
  731.87,   606.42,   468.12
  724.24,   730.85,   217.94
  726.75,   731.12,   342.92
  729.25,   731.40,   467.89
  721.62,   855.82,   217.72
  724.13,   856.09,   342.69
  726.63,   856.37,   467.67
  476.73,   599.43,   351.82
  473.99,   596.10,   476.75
  471.24,   592.77,   601.67
  476.28,   724.38,   355.14
  473.54,   721.05,   480.07
  470.80,   717.73,   604.99
  475.84,   849.34,   358.46
  473.09,   846.01,   483.38
  470.35,   842.68,   608.31
  601.70,   599.80,   354.58
  598.96,   596.47,   479.50
  596.21,   593.14,   604.43
  601.25,   724.76,   357.89
  598.51,   721.43,   482.82
  595.77,   718.10,   607.75
  600.81,   849.71,   361.21
  598.06,   846.38,   486.14
  595.32,   843.06,   611.06
  726.67,   600.17,   357.33
  723.92,   596.85,   482.26
  721.18,   593.52,   607.18
  726.22,   725.13,   360.65
  723.48,   721.80,   485.57
  720.73,   718.47,   610.50
  725.78,   850.08,   363.97
  723.03,   846.76,   488.89
  720.29,   843.43,   613.82
  473.23,   600.95,   473.91
  473.51,   598.48,   598.88
  473.79,   596.00,   723.86
  476.56,   725.88,   476.37
  476.83,   723.41,   601.35
  477.11,   720.94,   726.32
  479.88,   850.81,   478.84
  480.16,   848.34,   603.81
  480.44,   845.87,   728.79
  598.19,   597.63,   473.56
  598.47,   595.16,   598.54
  598.75,   592.69,   723.51
  601.51,   722.57,   476.03
  601.79,   720.09,   601.00
  602.07,   717.62,   725.98
  604.83,   847.50,   478.49
  605.11,   845.02,   603.47
  605.39,   842.55,   728.44
  723.14,   594.32,   473.22
  723.42,   591.84,   598.19
  723.70,   589.37,   723.17
  726.47,   719.25,   475.68
  726.75,   716.78,   600.66
  727.02,   714.30,   725.63
  729.79,   844.18,   478.15
  730.07,   841.71,   603.12
  730.35,   839.23,   728.10
  475.87,   598.02,   598.39
  472.89,   594.56,   723.31
  469.92,   591.11,   848.22
  479.35,   722.92,   601.93
  476.38,   719.47,   726.84
  473.40,   716.01,   851.76
  482.84,   847.82,   605.46
  479.86,   844.37,   730.38
  476.88,   840.91,   855.30
  600.78,   594.45,   601.27
  597.81,   591.00,   726.18
  594.83,   587.55,   851.10
  604.27,   719.35,   604.80
  601.29,   715.90,   729.72
  598.32,   712.45,   854.64
  607.75,   844.26,   608.34
  604.78,   840.80,   733.26
  601.80,   837.35,   858.17
  725.70,   590.89,   604.14
  722.72,   587.43,   729.06
  719.75,   583.98,   853.98
  729.18,   715.79,   607.68
  726.21,   712.34,   732.60
  723.23,   708.88,   857.51
  732.67,   840.69,   611.22
  729.69,   837.24,   736.13
  726.72,   833.78,   861.05
  601.29,   102.00,   100.54
  601.58,    99.91,   225.52
  601.87,    97.82,   350.51
  599.32,   226.96,   102.64
  599.61,   224.87,   227.62
  599.90,   222.78,   352.60
  597.35,   351.93,   104.73
  597.64,   349.84,   229.71
  597.93,   347.75,   354.69
  726.28,   103.97,   100.29
  726.56,   101.88,   225.27
  726.85,    99.79,   350.25
  724.31,   228.94,   102.38
  724.59,   226.85,   227.36
  724.88,   224.76,   352.34
  722.34,   353.91,   104.47
  722.62,   351.82,   229.46
  722.91,   349.73,   354.44
  851.26,   105.95,   100.03
  851.55,   103.86,   225.01
  851.84,   101.77,   349.99
  849.29,   230.91,   102.12
  849.58,   228.82,   227.11
  849.87,   226.73,   352.09
  847.32,   355.88,   104.22
  847.61,   353.79,   229.20
  847.90,   351.70,   354.18
  599.93,   100.56,   226.76
  600.00,    96.95,   351.71
  600.07,    93.34,   476.66
  596.96,   225.47,   230.37
  597.04,   221.86,   355.32
  597.11,   218.25,   480.27
  594.00,   350.38,   233.98
  594.08,   346.78,   358.93
  594.15,   343.17,   483.88
  724.89,   103.52,   226.78
  724.97,    99.91,   351.72
  725.04,    96.31,   476.67
  721.93,   228.44,   230.39
  722.00,   224.83,   355.33
  722.08,   221.22,   480.28
  718.97,   353.35,   233.99
  719.04,   349.74,   358.94
  719.11,   346.13,   483.89
  849.86,   106.49,   226.79
  849.93,   102.88,   351.74
  850.00,    99.27,   476.68
  846.89,   231.40,   230.40
  846.97,   227.79,   355.34
  847.04,   224.18,   480.29
  843.93,   356.31,   234.01
  844.01,   352.70,   358.95
  844.08,   349.09,   483.90
  598.95,   101.08,   350.36
  600.88,   104.10,   475.31
  602.80,   107.11,   600.26
  598.98,   226.05,   347.35
  600.91,   229.06,   472.29
  602.84,   232.08,   597.24
  599.02,   351.01,   344.33
  600.95,   354.02,   469.28
  602.87,   357.04,   594.23
  723.93,   101.00,   348.44
  725.86,   104.01,   473.38
  727.79,   107.03,   598.33
  723.97,   225.96,   345.42
  725.90,   228.98,   470.37
  727.82,   231.99,   595.32
  724.01,   350.93,   342.40
  725.93,   353.94,   467.35
  727.86,   356.96,   592.30
  848.92,   100.92,   346.51
  850.85,   103.93,   471.46
  852.77,   106.95,   596.41
  848.95,   225.88,   343.49
  850.88,   228.90,   468.44
  852.81,   231.91,   593.39
  848.99,   350.84,   340.48
  850.92,   353.86,   465.43
  852.85,   356.87,   590.38
  599.26,    98.21,   475.40
  602.52,   101.32,   600.32
  605.77,   104.43,   725.24
  600.04,   223.17,   472.27
  603.30,   226.28,   597.19
  606.55,   229.39,   722.11
  600.82,   348.13,   469.14
  604.08,   351.24,   594.06
  607.33,   354.35,   718.98
  724.22,    97.35,   472.17
  727.47,   100.46,   597.09
  730.73,   103.57,   722.01
  725.00,   222.31,   469.04
  728.25,   225.42,   593.96
  731.51,   228.53,   718.88
  725.78,   347.27,   465.91
  729.03,   350.38,   590.83
  732.29,   353.49,   715.74
  849.17,    96.49,   468.93
  852.43,    99.60,   593.85
  855.68,   102.71,   718.77
  849.95,   221.45,   465.80
  853.21,   224.56,   590.72
  856.46,   227.67,   715.64
  850.73,   346.41,   462.67
  853.99,   349.52,   587.59
  857.24,   352.63,   712.51
  599.09,   100.93,   601.94
  597.57,    97.90,   726.90
  596.04,    94.87,   851.85
  600.83,   225.88,   604.99
  599.30,   222.85,   729.94
  597.78,   219.82,   854.90
  602.56,   350.83,   608.04
  601.04,   347.80,   732.99
  599.52,   344.77,   857.95
  724.07,    99.15,   603.42
  722.54,    96.13,   728.38
  721.02,    93.10,   853.33
  725.81,   224.11,   606.47
  724.28,   221.08,   731.42
  722.76,   218.05,   856.38
  727.54,   349.06,   609.52
  726.02,   346.03,   734.47
  724.50,   343.00,   859.43
  849.05,    97.38,   604.90
  847.52,    94.35,   729.86
  846.00,    91.32,   854.81
  850.78,   222.33,   607.95
  849.26,   219.30,   732.90
  847.74,   216.27,   857.86
  852.52,   347.28,   611.00
  851.00,   344.25,   735.95
  849.48,   341.22,   860.91
  599.41,   224.15,   100.62
  600.72,   221.97,   225.60
  602.02,   219.79,   350.57
  600.62,   349.12,   102.79
  601.93,   346.95,   227.76
  603.23,   344.77,   352.74
  601.83,   474.10,   104.95
  603.14,   471.92,   229.93
  604.44,   469.74,   354.90
  724.40,   222.96,    99.30
  725.71,   220.78,   224.27
  727.01,   218.61,   349.25
  725.61,   347.94,   101.46
  726.91,   345.76,   226.44
  728.22,   343.58,   351.41
  726.82,   472.91,   103.63
  728.12,   470.73,   228.60
  729.43,   468.56,   353.58
  849.39,   221.77,    97.98
  850.69,   219.60,   222.95
  852.00,   217.42,   347.92
  850.60,   346.75,   100.14
  851.90,   344.57,   225.11
  853.21,   342.39,   350.09
  851.81,   471.72,   102.31
  853.11,   469.55,   227.28
  854.42,   467.37,   352.25
  600.33,   223.38,   226.46
  599.41,   220.98,   351.43
  598.48,   218.58,   476.41
  598.15,   348.34,   228.84
  597.22,   345.93,   353.82
  596.29,   343.53,   478.79
  595.96,   473.29,   231.23
  595.03,   470.89,   356.20
  594.11,   468.49,   481.18
  725.31,   225.55,   227.43
  724.38,   223.14,   352.40
  723.46,   220.74,   477.38
  723.12,   350.50,   229.81
  722.20,   348.10,   354.79
  721.27,   345.70,   479.76
  720.94,   475.46,   232.20
  720.01,   473.06,   357.17
  719.08,   470.66,   482.14
  850.29,   227.71,   228.40
  849.36,   225.31,   353.37
  848.43,   222.91,   478.34
  848.10,   352.67,   230.78
  847.17,   350.27,   355.76
  846.25,   347.87,   480.73
  845.92,   477.63,   233.17
  844.99,   475.23,   358.14
  844.06,   472.83,   483.11
  600.00,   225.28,   349.27
  602.59,   223.33,   474.23
  605.17,   221.38,   599.18
  601.02,   350.26,   351.20
  603.61,   348.31,   476.16
  606.20,   346.36,   601.11
  602.05,   475.24,   353.13
  604.64,   473.29,   478.09
  607.22,   471.34,   603.04
  724.97,   224.30,   346.66
  727.55,   222.35,   471.62
  730.14,   220.40,   596.58
  725.99,   349.28,   348.59
  728.58,   347.33,   473.55
  731.17,   345.38,   598.51
  727.02,   474.26,   350.52
  729.60,   472.31,   475.48
  732.19,   470.36,   600.44
  849.93,   223.31,   344.06
  852.52,   221.36,   469.02
  855.11,   219.41,   593.98
  850.96,   348.29,   345.99
  853.55,   346.34,   470.95
  856.14,   344.39,   595.91
  851.98,   473.27,   347.92
  854.57,   471.32,   472.88
  857.16,   469.37,   597.84
  598.78,   225.12,   474.34
  600.78,   225.10,   599.33
  602.78,   225.07,   724.31
  601.48,   350.09,   474.32
  603.47,   350.07,   599.31
  605.47,   350.04,   724.29
  604.17,   475.07,   474.31
  606.17,   475.04,   599.29
  608.17,   475.02,   724.27
  723.74,   222.43,   472.34
  725.73,   222.40,   597.33
  727.73,   222.38,   722.31
  726.43,   347.40,   472.33
  728.43,   347.37,   597.31
  730.43,   347.35,   722.29
  729.13,   472.37,   472.31
  731.13,   472.34,   597.29
  733.12,   472.32,   722.28
  848.69,   219.73,   470.35
  850.69,   219.71,   595.33
  852.69,   219.68,   720.31
  851.39,   344.70,   470.33
  853.38,   344.68,   595.31
  855.38,   344.65,   720.30
  854.08,   469.67,   470.31
  856.08,   469.65,   595.29
  858.08,   469.62,   720.28
  599.17,   224.43,   600.45
  597.19,   226.69,   725.41
  595.21,   228.94,   850.38
  601.28,   349.40,   598.23
  599.30,   351.65,   723.19
  597.32,   353.90,   848.16
  603.40,   474.36,   596.01
  601.42,   476.61,   720.97
  599.44,   478.86,   845.94
  724.14,   222.35,   602.47
  722.16,   224.61,   727.43
  720.18,   226.86,   852.40
  726.25,   347.32,   600.25
  724.27,   349.57,   725.21
  722.29,   351.82,   850.18
  728.37,   472.28,   598.03
  726.39,   474.53,   722.99
  724.40,   476.79,   847.96
  849.10,   220.28,   604.49
  847.12,   222.53,   729.45
  845.14,   224.78,   854.41
  851.22,   345.24,   602.27
  849.24,   347.49,   727.23
  847.26,   349.74,   852.19
  853.33,   470.20,   600.05
  851.35,   472.45,   725.01
  849.37,   474.71,   849.97
  598.38,   349.52,    98.49
  601.11,   350.79,   223.45
  603.83,   352.06,   348.42
  599.56,   474.51,    97.19
  602.28,   475.78,   222.15
  605.00,   477.05,   347.12
  600.74,   599.49,    95.89
  603.46,   600.77,   220.86
  606.18,   602.04,   345.82
  723.35,   348.31,    95.78
  726.07,   349.59,   220.74
  728.79,   350.86,   345.71
  724.52,   473.30,    94.48
  727.25,   474.57,   219.44
  729.97,   475.85,   344.41
  725.70,   598.29,    93.18
  728.42,   599.56,   218.15
  731.14,   600.83,   343.11
  848.31,   347.11,    93.07
  851.03,   348.38,   218.03
  853.76,   349.65,   343.00
  849.49,   472.10,    91.77
  852.21,   473.37,   216.74
  854.93,   474.64,   341.70
  850.67,   597.09,    90.47
  853.39,   598.36,   215.44
  856.11,   599.63,   340.40
  600.62,   349.02,   225.23
  597.93,   348.87,   350.20
  595.25,   348.72,   475.17
  599.41,   474.01,   225.35
  596.72,   473.86,   350.32
  594.03,   473.72,   475.29
  598.19,   599.00,   225.47
  595.50,   598.86,   350.44
  592.82,   598.71,   475.41
  725.59,   350.23,   227.91
  722.90,   350.08,   352.89
  720.21,   349.93,   477.86
  724.37,   475.22,   228.04
  721.68,   475.08,   353.01
  719.00,   474.93,   477.98
  723.16,   600.22,   228.16
  720.47,   600.07,   353.13
  717.78,   599.92,   478.10
  850.55,   351.44,   230.60
  847.86,   351.29,   355.57
  845.18,   351.15,   480.54
  849.34,   476.43,   230.72
  846.65,   476.29,   355.69
  843.96,   476.14,   480.66
  848.12,   601.43,   230.84
  845.43,   601.28,   355.81
  842.75,   601.13,   480.79
  599.62,   351.99,   351.05
  602.47,   349.62,   475.99
  605.32,   347.24,   600.94
  603.30,   476.92,   353.33
  606.15,   474.54,   478.28
  609.00,   472.17,   603.22
  606.99,   601.84,   355.62
  609.84,   599.47,   480.57
  612.69,   597.09,   605.51
  724.54,   348.36,   348.13
  727.39,   345.99,   473.07
  730.24,   343.62,   598.02
  728.22,   473.29,   350.42
  731.07,   470.92,   475.36
  733.92,   468.54,   600.31
  731.90,   598.21,   352.71
  734.75,   595.84,   477.65
  737.60,   593.47,   602.60
  849.45,   344.74,   345.21
  852.30,   342.36,   470.15
  855.15,   339.99,   595.10
  853.13,   469.66,   347.50
  855.98,   467.29,   472.44
  858.83,   464.91,   597.39
  856.81,   594.59,   349.79
  859.66,   592.21,   474.73
  862.51,   589.84,   599.68
  600.64,   349.10,   473.97
  598.76,   346.93,   598.94
  596.87,   344.77,   723.91
  599.53,   474.07,   476.12
  597.64,   471.91,   601.09
  595.75,   469.75,   726.05
  598.41,   599.05,   478.26
  596.52,   596.89,   603.23
  594.64,   594.73,   728.20
  725.63,   350.18,   475.88
  723.74,   348.02,   600.85
  721.85,   345.86,   725.82
  724.51,   475.16,   478.03
  722.62,   472.99,   602.99
  720.73,   470.83,   727.96
  723.39,   600.13,   480.17
  721.50,   597.97,   605.14
  719.62,   595.81,   730.11
  850.61,   351.26,   477.79
  848.72,   349.10,   602.76
  846.83,   346.94,   727.72
  849.49,   476.24,   479.93
  847.60,   474.08,   604.90
  845.71,   471.91,   729.87
  848.37,   601.22,   482.08
  846.49,   599.05,   607.05
  844.60,   596.89,   732.01
  600.46,   351.56,   598.25
  598.20,   352.33,   723.23
  595.95,   353.10,   848.21
  596.96,   476.50,   597.42
  594.70,   477.28,   722.39
  592.45,   478.05,   847.37
  593.46,   601.45,   596.58
  591.21,   602.22,   721.56
  588.95,   603.00,   846.54
  725.39,   355.07,   600.48
  723.13,   355.84,   725.46
  720.88,   356.61,   850.44
  721.89,   480.02,   599.65
  719.63,   480.79,   724.63
  717.38,   481.56,   849.60
  718.39,   604.97,   598.81
  716.14,   605.74,   723.79
  713.88,   606.51,   848.77
  850.32,   358.58,   602.72
  848.06,   359.35,   727.69
  845.81,   360.13,   852.67
  846.82,   483.53,   601.88
  844.57,   484.30,   726.86
  842.31,   485.07,   851.83
  843.32,   608.48,   601.05
  841.07,   609.25,   726.02
  838.81,   610.02,   851.00
  600.73,   473.39,    98.09
  599.56,   473.67,   223.08
  598.38,   473.96,   348.08
  602.19,   598.38,    97.82
  601.02,   598.67,   222.81
  599.85,   598.95,   347.81
  603.66,   723.37,    97.55
  602.48,   723.66,   222.54
  601.31,   723.94,   347.53
  725.72,   471.93,    99.26
  724.54,   472.21,   224.26
  723.37,   472.50,   349.25
  727.18,   596.92,    98.99
  726.01,   597.20,   223.99
  724.83,   597.49,   348.98
  728.64,   721.91,    98.72
  727.47,   722.20,   223.72
  726.30,   722.48,   348.71
  850.70,   470.47,   100.44
  849.53,   470.75,   225.44
  848.35,   471.04,   350.43
  852.16,   595.46,   100.17
  850.99,   595.74,   225.16
  849.82,   596.03,   350.16
  853.63,   720.45,    99.90
  852.46,   720.73,   224.89
  851.28,   721.02,   349.89
  598.42,   473.90,   224.72
  599.01,   473.75,   349.72
  599.60,   473.59,   474.72
  601.17,   598.87,   224.86
  601.76,   598.72,   349.86
  602.36,   598.56,   474.86
  603.93,   723.84,   225.01
  604.52,   723.69,   350.01
  605.11,   723.53,   475.00
  723.38,   471.15,   224.13
  723.98,   470.99,   349.12
  724.57,   470.84,   474.12
  726.14,   596.12,   224.27
  726.73,   595.96,   349.27
  727.32,   595.81,   474.27
  728.90,   721.09,   224.41
  729.49,   720.93,   349.41
  730.08,   720.78,   474.41
  848.35,   468.39,   223.53
  848.95,   468.24,   348.53
  849.54,   468.08,   473.53
  851.11,   593.36,   223.67
  851.70,   593.21,   348.67
  852.29,   593.05,   473.67
  853.86,   718.33,   223.82
  854.46,   718.18,   348.82
  855.05,   718.02,   473.81
  598.34,   475.92,   349.16
  596.52,   479.31,   474.10
  594.71,   482.70,   599.04
  598.86,   600.87,   345.77
  597.05,   604.26,   470.72
  595.24,   607.66,   595.66
  599.39,   725.83,   342.39
  597.58,   729.22,   467.33
  595.77,   732.61,   592.27
  723.32,   475.44,   350.98
  721.51,   478.83,   475.92
  719.70,   482.22,   600.86
  723.85,   600.39,   347.60
  722.04,   603.78,   472.54
  720.23,   607.17,   597.48
  724.38,   725.35,   344.22
  722.57,   728.74,   469.16
  720.76,   732.13,   594.10
  848.31,   474.96,   352.81
  846.50,   478.35,   477.75
  844.68,   481.74,   602.69
  848.84,   599.91,   349.42
  847.03,   603.30,   474.36
  845.21,   606.69,   599.31
  849.37,   724.87,   346.04
  847.56,   728.26,   470.98
  845.74,   731.65,   595.92
  600.76,   473.25,   476.15
  602.98,   472.41,   601.13
  605.21,   471.56,   726.11
  599.91,   598.25,   477.02
  602.13,   597.40,   601.99
  604.35,   596.56,   726.97
  599.06,   723.24,   477.88
  601.28,   722.40,   602.86
  603.50,   721.55,   727.83
  725.74,   474.12,   473.94
  727.96,   473.27,   598.92
  730.18,   472.43,   723.89
  724.89,   599.11,   474.80
  727.11,   598.27,   599.78
  729.33,   597.42,   724.75
  724.03,   724.11,   475.66
  726.26,   723.26,   600.64
  728.48,   722.42,   725.62
  850.71,   474.99,   471.72
  852.94,   474.14,   596.70
  855.16,   473.29,   721.68
  849.86,   599.98,   472.58
  852.09,   599.14,   597.56
  854.31,   598.29,   722.54
  849.01,   724.98,   473.44
  851.23,   724.13,   598.42
  853.46,   723.28,   723.40
  598.50,   474.16,   601.72
  601.78,   476.54,   726.66
  605.07,   478.93,   851.59
  597.81,   599.13,   599.36
  601.09,   601.52,   724.29
  604.38,   603.90,   849.23
  597.12,   724.11,   596.99
  600.40,   726.49,   721.92
  603.69,   728.88,   846.86
  723.45,   474.78,   598.43
  726.74,   477.17,   723.36
  730.02,   479.55,   848.30
  722.76,   599.76,   596.06
  726.05,   602.14,   720.99
  729.33,   604.53,   845.93
  722.07,   724.73,   593.69
  725.36,   727.12,   718.63
  728.64,   729.50,   843.56
  848.41,   475.41,   595.13
  851.69,   477.79,   720.07
  854.98,   480.18,   845.00
  847.72,   600.39,   592.76
  851.00,   602.77,   717.70
  854.29,   605.15,   842.63
  847.03,   725.36,   590.40
  850.31,   727.75,   715.33
  853.60,   730.13,   840.26
  601.84,   600.02,   100.22
  599.86,   599.27,   225.20
  597.87,   598.53,   350.18
  601.40,   725.01,   100.95
  599.41,   724.27,   225.93
  597.42,   723.53,   350.92
  600.95,   850.01,   101.69
  598.96,   849.27,   226.67
  596.98,   848.53,   351.65
  726.83,   600.45,   102.21
  724.84,   599.71,   227.19
  722.85,   598.97,   352.17
  726.38,   725.45,   102.94
  724.39,   724.70,   227.93
  722.40,   723.96,   352.91
  725.94,   850.44,   103.68
  723.95,   849.70,   228.66
  721.96,   848.96,   353.64
  851.81,   600.88,   104.20
  849.82,   600.14,   229.18
  847.83,   599.40,   354.16
  851.37,   725.88,   104.94
  849.38,   725.14,   229.92
  847.39,   724.40,   354.90
  850.92,   850.88,   105.67
  848.93,   850.13,   230.65
  846.94,   849.39,   355.63
  599.03,   598.59,   223.03
  601.57,   596.31,   347.98
  604.10,   594.03,   472.93
  597.55,   723.56,   225.34
  600.08,   721.28,   350.29
  602.62,   719.00,   475.25
  596.06,   848.53,   227.65
  598.60,   846.25,   352.60
  601.14,   843.97,   477.56
  724.00,   600.12,   220.52
  726.53,   597.84,   345.47
  729.07,   595.56,   470.43
  722.51,   725.09,   222.83
  725.05,   722.81,   347.78
  727.58,   720.53,   472.74
  721.03,   850.06,   225.14
  723.57,   847.78,   350.10
  726.10,   845.50,   475.05
  848.96,   601.65,   218.01
  851.50,   599.37,   342.96
  854.03,   597.09,   467.92
  847.48,   726.62,   220.32
  850.01,   724.34,   345.28
  852.55,   722.06,   470.23
  846.00,   851.59,   222.63
  848.53,   849.31,   347.59
  851.07,   847.03,   472.54
  600.10,   601.85,   349.52
  598.36,   602.49,   474.50
  596.63,   603.13,   599.49
  603.29,   726.81,   348.92
  601.56,   727.45,   473.90
  599.82,   728.09,   598.89
  606.48,   851.77,   348.32
  604.75,   852.41,   473.31
  603.01,   853.05,   598.29
  725.05,   598.67,   351.27
  723.31,   599.31,   476.25
  721.58,   599.95,   601.24
  728.24,   723.62,   350.67
  726.50,   724.27,   475.66
  724.77,   724.91,   600.64
  731.43,   848.58,   350.07
  729.70,   849.22,   475.06
  727.96,   849.87,   600.04
  849.99,   595.48,   353.02
  848.26,   596.12,   478.00
  846.52,   596.77,   602.99
  853.19,   720.44,   352.42
  851.45,   721.08,   477.41
  849.72,   721.72,   602.39
  856.38,   845.40,   351.82
  854.64,   846.04,   476.81
  852.91,   846.68,   601.79
  601.67,   598.42,   474.25
  598.76,   599.99,   599.21
  595.84,   601.57,   724.17
  600.04,   723.40,   472.64
  597.13,   724.97,   597.59
  594.21,   726.55,   722.55
  598.42,   848.37,   471.02
  595.50,   849.95,   595.98
  592.58,   851.53,   720.93
  726.63,   600.08,   477.15
  723.71,   601.66,   602.11
  720.80,   603.24,   727.06
  725.00,   725.06,   475.53
  722.08,   726.64,   600.49
  719.17,   728.22,   725.44
  723.37,   850.04,   473.92
  720.46,   851.62,   598.87
  717.54,   853.20,   723.83
  851.58,   601.75,   480.04
  848.67,   603.33,   605.00
  845.75,   604.90,   729.96
  849.96,   726.73,   478.43
  847.04,   728.31,   603.38
  844.12,   729.88,   728.34
  848.33,   851.71,   476.81
  845.41,   853.28,   601.77
  842.50,   854.86,   726.72
  601.61,   601.64,   600.52
  602.65,   604.58,   725.48
  603.68,   607.52,   850.44
  598.34,   726.56,   597.60
  599.38,   729.50,   722.56
  600.41,   732.44,   847.53
  595.07,   851.48,   594.69
  596.11,   854.42,   719.65
  597.15,   857.36,   844.61
  726.56,   604.88,   599.40
  727.60,   607.82,   724.36
  728.63,   610.76,   849.32
  723.29,   729.80,   596.49
  724.33,   732.74,   721.45
  725.37,   735.68,   846.41
  720.03,   854.73,   593.58
  721.06,   857.67,   718.54
  722.10,   860.61,   843.50
  851.51,   608.12,   598.29
  852.55,   611.06,   723.25
  853.59,   614.00,   848.21
  848.25,   733.04,   595.38
  849.28,   735.99,   720.34
  850.32,   738.93,   845.30
  844.98,   857.97,   592.46
  846.02,   860.91,   717.43
  847.05,   863.85,   842.39
