27, 125, pa2-debug-a-output1.txt
  207.60,   209.11,   198.93
  391.90,   393.88,   203.09
  101.25,   100.06,   100.99
  100.63,   102.57,   225.96
  100.00,   105.07,   350.94
  104.94,   224.98,    98.50
  104.31,   227.49,   223.47
  103.68,   229.99,   348.45
  108.62,   349.90,    96.01
  107.99,   352.41,   220.99
  107.37,   354.92,   345.96
  226.20,    96.39,   101.69
  225.57,    98.90,   226.66
  224.94,   101.40,   351.64
  229.88,   221.31,    99.20
  229.25,   223.82,   224.18
  228.63,   226.32,   349.15
  233.57,   346.23,    96.71
  232.94,   348.74,   221.69
  232.31,   351.25,   346.66
  351.14,    92.72,   102.39
  350.52,    95.23,   227.36
  349.89,    97.73,   352.34
  354.83,   217.64,    99.90
  354.20,   220.15,   224.88
  353.57,   222.65,   349.85
  358.51,   342.56,    97.42
  357.88,   345.07,   222.39
  357.26,   347.57,   347.36
   99.94,    99.33,   224.40
   99.26,    99.15,   349.39
   98.59,    98.97,   474.39
   99.18,   224.33,   224.57
   98.51,   224.15,   349.57
   97.84,   223.97,   474.57
   98.43,   349.33,   224.75
   97.76,   349.15,   349.75
   97.08,   348.97,   474.74
  224.93,   100.09,   225.07
  224.26,    99.91,   350.07
  223.59,    99.73,   475.07
  224.18,   225.08,   225.25
  223.51,   224.90,   350.24
  222.83,   224.72,   475.24
  223.42,   350.08,   225.42
  222.75,   349.90,   350.42
  222.08,   349.72,   475.42
  349.93,   100.84,   225.74
  349.26,   100.66,   350.74
  348.58,   100.48,   475.74
  349.17,   225.84,   225.92
  348.50,   225.66,   350.92
  347.83,   225.48,   475.92
  348.42,   350.83,   226.10
  347.75,   350.65,   351.09
  347.07,   350.47,   476.09
   98.53,   100.24,   349.85
   99.04,   100.22,   474.85
   99.56,   100.21,   599.85
   94.94,   225.18,   349.88
   95.45,   225.17,   474.88
   95.96,   225.16,   599.88
   91.35,   350.13,   349.91
   91.86,   350.12,   474.91
   92.37,   350.11,   599.91
  223.48,   103.83,   349.34
  223.99,   103.81,   474.34
  224.50,   103.80,   599.34
  219.89,   228.78,   349.37
  220.40,   228.76,   474.37
  220.91,   228.75,   599.37
  216.30,   353.72,   349.40
  216.81,   353.71,   474.40
  217.32,   353.70,   599.40
  348.43,   107.42,   348.83
  348.94,   107.41,   473.83
  349.45,   107.39,   598.83
  344.83,   232.37,   348.86
  345.35,   232.35,   473.86
  345.86,   232.34,   598.86
  341.24,   357.32,   348.89
  341.76,   357.30,   473.89
  342.27,   357.29,   598.89
   98.56,    98.50,   473.12
   99.09,    96.03,   598.09
   99.61,    93.56,   723.07
  101.29,   223.45,   475.58
  101.81,   220.97,   600.55
  102.34,   218.50,   725.53
  104.01,   348.39,   478.04
  104.54,   345.92,   603.01
  105.06,   343.45,   727.99
  223.53,    95.79,   472.54
  224.05,    93.31,   597.52
  224.58,    90.84,   722.49
  226.25,   220.73,   475.00
  226.78,   218.26,   599.97
  227.30,   215.79,   724.95
  228.98,   345.68,   477.46
  229.50,   343.21,   602.43
  230.03,   340.74,   727.41
  348.50,    93.07,   471.96
  349.02,    90.60,   596.94
  349.55,    88.13,   721.91
  351.22,   218.02,   474.42
  351.75,   215.55,   599.40
  352.27,   213.08,   724.37
  353.95,   342.96,   476.88
  354.47,   340.49,   601.85
  355.00,   338.02,   726.83
   99.22,   100.29,   600.41
   99.66,    96.82,   725.36
  100.10,    93.35,   850.32
   95.58,   225.19,   603.89
   96.02,   221.72,   728.84
   96.45,   218.25,   853.80
   91.94,   350.09,   607.37
   92.37,   346.62,   732.32
   92.81,   343.15,   857.28
  224.17,   103.95,   600.08
  224.61,   100.48,   725.03
  225.04,    97.01,   849.98
  220.52,   228.85,   603.56
  220.96,   225.38,   728.51
  221.40,   221.91,   853.46
  216.88,   353.74,   607.04
  217.32,   350.27,   731.99
  217.76,   346.81,   856.94
  349.11,   107.60,   599.74
  349.55,   104.13,   724.69
  349.99,   100.66,   849.64
  345.47,   232.50,   603.22
  345.91,   229.03,   728.17
  346.35,   225.56,   853.12
  341.83,   357.40,   606.70
  342.26,   353.93,   731.65
  342.70,   350.46,   856.60
  101.32,   224.14,   100.01
   99.50,   222.22,   224.98
   97.67,   220.30,   349.95
   99.63,   349.11,   101.90
   97.81,   347.19,   226.87
   95.99,   345.27,   351.85
   97.95,   474.09,   103.80
   96.12,   472.17,   228.77
   94.30,   470.25,   353.74
  226.30,   225.80,   101.86
  224.47,   223.88,   226.83
  222.65,   221.96,   351.80
  224.61,   350.77,   103.75
  222.78,   348.85,   228.72
  220.96,   346.93,   353.70
  222.92,   475.75,   105.65
  221.10,   473.83,   230.62
  219.27,   471.91,   355.59
  351.27,   227.46,   103.71
  349.45,   225.54,   228.68
  347.62,   223.62,   353.65
  349.58,   352.43,   105.60
  347.76,   350.51,   230.57
  345.94,   348.59,   355.55
  347.90,   477.41,   107.50
  346.07,   475.49,   232.47
  344.25,   473.57,   357.44
  101.88,   225.83,   223.60
  104.98,   223.86,   348.55
  108.08,   221.90,   473.49
  100.75,   350.80,   225.59
  103.84,   348.84,   350.54
  106.94,   346.88,   475.48
   99.61,   475.78,   227.58
  102.71,   473.82,   352.53
  105.80,   471.86,   477.48
  226.84,   227.01,   220.52
  229.94,   225.05,   345.47
  233.04,   223.09,   470.41
  225.70,   351.99,   222.51
  228.80,   350.03,   347.46
  231.90,   348.07,   472.40
  224.56,   476.97,   224.50
  227.66,   475.01,   349.45
  230.76,   473.04,   474.40
  351.80,   228.20,   217.44
  354.90,   226.24,   342.39
  358.00,   224.27,   467.33
  350.66,   353.18,   219.43
  353.76,   351.22,   344.38
  356.86,   349.25,   469.32
  349.52,   478.16,   221.42
  352.62,   476.20,   346.37
  355.72,   474.23,   471.32
   99.91,   225.00,   350.50
   98.74,   223.04,   475.48
   97.57,   221.09,   600.46
   97.40,   349.96,   352.43
   96.22,   348.00,   477.41
   95.05,   346.05,   602.39
   94.88,   474.92,   354.36
   93.70,   472.96,   479.34
   92.53,   471.01,   604.32
  224.88,   227.50,   351.71
  223.71,   225.54,   476.69
  222.53,   223.59,   601.67
  222.36,   352.46,   353.64
  221.19,   350.50,   478.62
  220.02,   348.55,   603.60
  219.85,   477.42,   355.57
  218.67,   475.46,   480.55
  217.50,   473.51,   605.53
  349.85,   230.00,   352.92
  348.68,   228.04,   477.90
  347.50,   226.09,   602.88
  347.33,   354.96,   354.85
  346.16,   353.00,   479.83
  344.98,   351.05,   604.81
  344.81,   479.92,   356.78
  343.64,   477.96,   481.76
  342.47,   476.01,   606.74
   99.70,   223.99,   474.26
   96.35,   222.95,   599.21
   93.01,   221.91,   724.16
  102.00,   348.96,   475.36
   98.66,   347.92,   600.31
   95.31,   346.88,   725.26
  104.30,   473.93,   476.46
  100.96,   472.89,   601.41
   97.62,   471.85,   726.36
  224.63,   221.66,   477.58
  221.29,   220.62,   602.53
  217.95,   219.58,   727.48
  226.93,   346.63,   478.68
  223.59,   345.59,   603.63
  220.25,   344.55,   728.58
  229.23,   471.60,   479.78
  225.89,   470.56,   604.73
  222.55,   469.52,   729.69
  349.56,   219.32,   480.90
  346.22,   218.29,   605.85
  342.88,   217.25,   730.80
  351.87,   344.30,   482.00
  348.52,   343.26,   606.95
  345.18,   342.22,   731.91
  354.17,   469.27,   483.10
  350.83,   468.23,   608.06
  347.48,   467.19,   733.01
  100.07,   226.52,   600.78
   97.55,   227.07,   725.76
   95.02,   227.61,   850.73
   99.76,   351.52,   600.23
   97.23,   352.06,   725.20
   94.70,   352.61,   850.17
   99.44,   476.51,   599.67
   96.91,   477.06,   724.65
   94.38,   477.61,   849.62
  225.05,   226.85,   603.31
  222.52,   227.40,   728.28
  219.99,   227.94,   853.26
  224.73,   351.85,   602.75
  222.20,   352.39,   727.73
  219.67,   352.94,   852.70
  224.41,   476.84,   602.20
  221.88,   477.39,   727.17
  219.36,   477.94,   852.15
  350.02,   227.18,   605.84
  347.49,   227.73,   730.81
  344.97,   228.27,   855.78
  349.70,   352.18,   605.28
  347.18,   352.72,   730.25
  344.65,   353.27,   855.23
  349.38,   477.17,   604.73
  346.86,   477.72,   729.70
  344.33,   478.27,   854.67
   98.38,   351.47,    99.54
   98.38,   350.52,   224.54
   98.39,   349.56,   349.54
   95.08,   476.42,   100.50
   95.09,   475.47,   225.49
   95.10,   474.52,   350.49
   91.79,   601.38,   101.45
   91.80,   600.42,   226.45
   91.80,   599.47,   351.44
  223.33,   354.76,    99.56
  223.34,   353.81,   224.56
  223.35,   352.86,   349.56
  220.04,   479.72,   100.52
  220.05,   478.76,   225.51
  220.05,   477.81,   350.51
  216.75,   604.67,   101.47
  216.76,   603.72,   226.47
  216.76,   602.76,   351.46
  348.29,   358.06,    99.58
  348.30,   357.10,   224.58
  348.30,   356.15,   349.57
  345.00,   483.01,   100.54
  345.00,   482.06,   225.53
  345.01,   481.10,   350.53
  341.71,   607.96,   101.49
  341.71,   607.01,   226.49
  341.72,   606.05,   351.48
  100.51,   348.10,   225.06
  102.11,   349.22,   350.04
  103.70,   350.35,   475.03
  101.59,   473.09,   223.92
  103.19,   474.21,   348.90
  104.79,   475.34,   473.89
  102.67,   598.08,   222.78
  104.27,   599.20,   347.77
  105.87,   600.33,   472.75
  225.49,   347.00,   223.47
  227.09,   348.13,   348.45
  228.69,   349.25,   473.44
  226.57,   471.99,   222.33
  228.17,   473.12,   347.32
  229.77,   474.24,   472.30
  227.65,   596.98,   221.19
  229.25,   598.11,   346.18
  230.85,   599.23,   471.16
  350.48,   345.91,   221.88
  352.08,   347.03,   346.87
  353.67,   348.16,   471.85
  351.56,   470.90,   220.74
  353.16,   472.02,   345.73
  354.76,   473.15,   470.71
  352.64,   595.89,   219.60
  354.24,   597.01,   344.59
  355.84,   598.14,   469.57
  100.62,   351.40,   351.13
   97.91,   348.37,   476.06
   95.21,   345.35,   601.00
   99.06,   476.36,   354.12
   96.36,   473.33,   479.06
   93.65,   470.30,   603.99
   97.50,   601.31,   357.12
   94.80,   598.28,   482.05
   92.09,   595.26,   606.98
  225.58,   352.89,   353.87
  222.87,   349.87,   478.80
  220.17,   346.84,   603.74
  224.02,   477.85,   356.86
  221.32,   474.82,   481.80
  218.61,   471.79,   606.73
  222.46,   602.80,   359.85
  219.76,   599.78,   484.79
  217.06,   596.75,   609.72
  350.54,   354.39,   356.61
  347.84,   351.36,   481.54
  345.13,   348.33,   606.47
  348.98,   479.34,   359.60
  346.28,   476.31,   484.53
  343.58,   473.29,   609.47
  347.42,   604.30,   362.59
  344.72,   601.27,   487.53
  342.02,   598.24,   612.46
   98.88,   348.77,   475.70
   95.18,   352.04,   600.60
   91.49,   355.32,   725.50
  100.02,   473.72,   472.45
   96.32,   477.00,   597.36
   92.63,   480.28,   722.26
  101.16,   598.67,   469.21
   97.47,   601.95,   594.11
   93.77,   605.23,   719.01
  223.82,   347.72,   479.42
  220.12,   351.00,   604.32
  216.43,   354.28,   729.23
  224.96,   472.67,   476.18
  221.26,   475.95,   601.08
  217.57,   479.23,   725.98
  226.10,   597.62,   472.93
  222.41,   600.90,   597.83
  218.71,   604.18,   722.73
  348.76,   346.67,   483.14
  345.06,   349.95,   608.05
  341.37,   353.23,   732.95
  349.90,   471.63,   479.90
  346.20,   474.90,   604.80
  342.51,   478.18,   729.70
  351.04,   596.58,   476.65
  347.35,   599.86,   601.55
  343.65,   603.14,   726.46
  100.83,   348.83,   598.07
   98.24,   350.28,   723.03
   95.65,   351.73,   847.99
  103.63,   473.79,   596.67
  101.03,   475.24,   721.63
   98.44,   476.70,   846.60
  106.42,   598.75,   595.27
  103.83,   600.20,   720.24
  101.23,   601.66,   845.20
  225.78,   346.06,   600.69
  223.18,   347.52,   725.65
  220.59,   348.97,   850.62
  228.57,   471.03,   599.29
  225.98,   472.48,   724.26
  223.38,   473.93,   849.22
  231.36,   595.99,   597.90
  228.77,   597.44,   722.86
  226.18,   598.89,   847.83
  350.72,   343.30,   603.31
  348.13,   344.76,   728.28
  345.53,   346.21,   853.24
  353.51,   468.26,   601.92
  350.92,   469.72,   726.88
  348.33,   471.17,   851.85
  356.30,   593.22,   600.52
  353.71,   594.68,   725.49
  351.12,   596.13,   850.45
   99.97,   474.83,    98.73
   96.92,   477.44,   223.66
   93.87,   480.06,   348.60
   98.61,   599.79,    96.08
   95.56,   602.41,   221.01
   92.51,   605.02,   345.95
   97.25,   724.75,    93.43
   94.19,   727.37,   218.36
   91.14,   729.99,   343.30
  224.92,   476.25,   101.75
  221.87,   478.87,   226.68
  218.82,   481.48,   351.62
  223.56,   601.22,    99.10
  220.51,   603.83,   224.03
  217.46,   606.45,   348.97
  222.20,   726.18,    96.45
  219.15,   728.80,   221.38
  216.10,   731.41,   346.32
  349.88,   477.68,   104.77
  346.83,   480.29,   229.71
  343.78,   482.91,   354.64
  348.52,   602.64,   102.12
  345.47,   605.26,   227.06
  342.42,   607.87,   351.99
  347.16,   727.61,    99.47
  344.11,   730.22,   224.41
  341.05,   732.84,   349.34
   98.51,   476.45,   223.03
   99.87,   477.24,   348.02
  101.23,   478.03,   473.01
   95.25,   601.41,   222.27
   96.61,   602.20,   347.26
   97.97,   602.99,   472.25
   92.00,   726.36,   221.52
   93.35,   727.15,   346.51
   94.71,   727.94,   471.50
  223.46,   479.70,   221.65
  224.82,   480.49,   346.64
  226.18,   481.28,   471.63
  220.20,   604.66,   220.90
  221.56,   605.45,   345.89
  222.92,   606.24,   470.88
  216.95,   729.61,   220.14
  218.30,   730.40,   345.13
  219.66,   731.19,   470.12
  348.41,   482.95,   220.27
  349.77,   483.74,   345.26
  351.13,   484.53,   470.25
  345.15,   607.91,   219.52
  346.51,   608.70,   344.51
  347.87,   609.49,   469.50
  341.90,   732.86,   218.76
  343.25,   733.65,   343.75
  344.61,   734.44,   468.74
  100.56,   474.13,   348.58
  100.32,   470.88,   473.54
  100.08,   467.63,   598.50
  101.01,   599.08,   351.83
  100.77,   595.83,   476.79
  100.52,   592.59,   601.75
  101.46,   724.04,   355.08
  101.21,   720.79,   480.04
  100.97,   717.54,   604.99
  225.56,   473.67,   348.81
  225.32,   470.42,   473.77
  225.07,   467.18,   598.73
  226.01,   598.63,   352.06
  225.77,   595.38,   477.02
  225.52,   592.13,   601.98
  226.46,   723.59,   355.31
  226.21,   720.34,   480.27
  225.97,   717.09,   605.23
  350.56,   473.22,   349.04
  350.32,   469.97,   474.00
  350.07,   466.72,   598.96
  351.01,   598.18,   352.29
  350.76,   594.93,   477.25
  350.52,   591.68,   602.21
  351.45,   723.13,   355.54
  351.21,   719.89,   480.50
  350.97,   716.64,   605.46
  101.34,   474.89,   473.84
   99.06,   478.55,   598.77
   96.78,   482.22,   723.69
  100.41,   599.83,   470.16
   98.13,   603.50,   595.08
   95.85,   607.16,   720.01
   99.47,   724.77,   466.48
   97.19,   728.44,   591.40
   94.91,   732.10,   716.33
  226.32,   475.89,   476.09
  224.04,   479.55,   601.02
  221.75,   483.22,   725.94
  225.38,   600.83,   472.41
  223.10,   604.50,   597.34
  220.82,   608.16,   722.26
  224.45,   725.77,   468.73
  222.17,   729.44,   593.65
  219.89,   733.10,   718.58
  351.29,   476.89,   478.35
  349.01,   480.55,   603.27
  346.73,   484.22,   728.20
  350.36,   601.83,   474.66
  348.08,   605.50,   599.59
  345.80,   609.16,   724.51
  349.43,   726.77,   470.98
  347.15,   730.44,   595.91
  344.86,   734.10,   720.83
   98.52,   476.12,   601.74
   98.19,   478.73,   726.72
   97.86,   481.33,   851.69
  101.20,   601.06,   599.14
  100.87,   603.67,   724.12
  100.55,   606.28,   849.09
  103.88,   726.01,   596.54
  103.55,   728.61,   721.51
  103.23,   731.22,   846.49
  223.49,   473.44,   602.13
  223.16,   476.05,   727.10
  222.84,   478.66,   852.07
  226.17,   598.39,   599.53
  225.84,   601.00,   724.50
  225.52,   603.61,   849.47
  228.85,   723.33,   596.92
  228.52,   725.94,   721.90
  228.20,   728.55,   846.87
  348.46,   470.77,   602.51
  348.13,   473.38,   727.48
  347.81,   475.99,   852.45
  351.14,   595.71,   599.91
  350.81,   598.32,   724.88
  350.49,   600.93,   849.85
  353.82,   720.66,   597.31
  353.50,   723.27,   722.28
  353.17,   725.88,   847.25
  101.31,   599.75,    99.62
   98.04,   598.52,   224.57
   94.78,   597.29,   349.52
  104.63,   724.70,   100.94
  101.36,   723.47,   225.89
   98.10,   722.24,   350.84
  107.95,   849.65,   102.25
  104.69,   848.42,   227.20
  101.42,   847.19,   352.16
  226.22,   596.40,   102.86
  222.96,   595.17,   227.81
  219.69,   593.94,   352.76
  229.55,   721.35,   104.17
  226.28,   720.12,   229.12
  223.01,   718.89,   354.07
  232.87,   846.30,   105.49
  229.60,   845.07,   230.44
  226.33,   843.84,   355.39
  351.14,   593.04,   106.09
  347.87,   591.82,   231.04
  344.60,   590.59,   355.99
  354.46,   717.99,   107.41
  351.19,   716.76,   232.36
  347.92,   715.54,   357.31
  357.78,   842.94,   108.72
  354.51,   841.71,   233.67
  351.24,   840.48,   358.62
  100.20,   599.88,   226.15
   97.00,   599.69,   351.11
   93.81,   599.50,   476.07
  102.40,   724.86,   226.40
   99.21,   724.67,   351.36
   96.01,   724.48,   476.32
  104.61,   849.84,   226.65
  101.41,   849.65,   351.61
   98.22,   849.46,   476.57
  225.14,   597.67,   229.34
  221.94,   597.48,   354.30
  218.75,   597.28,   479.26
  227.34,   722.65,   229.59
  224.15,   722.46,   354.55
  220.95,   722.27,   479.51
  229.55,   847.63,   229.84
  226.35,   847.44,   354.80
  223.16,   847.25,   479.76
  350.08,   595.46,   232.53
  346.88,   595.27,   357.49
  343.69,   595.07,   482.45
  352.28,   720.44,   232.78
  349.09,   720.25,   357.74
  345.89,   720.05,   482.70
  354.49,   845.42,   233.03
  351.29,   845.23,   357.99
  348.10,   845.03,   482.95
  101.36,   599.83,   350.32
   97.98,   596.64,   475.23
   94.59,   593.45,   600.14
  102.48,   724.78,   353.54
   99.09,   721.59,   478.45
   95.71,   718.40,   603.36
  103.60,   849.73,   356.76
  100.21,   846.54,   481.67
   96.83,   843.35,   606.58
  226.31,   598.62,   353.67
  222.93,   595.43,   478.59
  219.54,   592.24,   603.50
  227.43,   723.57,   356.89
  224.04,   720.39,   481.81
  220.66,   717.20,   606.72
  228.55,   848.53,   360.11
  225.16,   845.34,   485.03
  221.78,   842.15,   609.94
  351.26,   597.42,   357.03
  347.87,   594.23,   481.94
  344.49,   591.04,   606.86
  352.38,   722.37,   360.25
  348.99,   719.18,   485.16
  345.61,   715.99,   610.08
  353.50,   847.32,   363.47
  350.11,   844.13,   488.38
  346.72,   840.95,   613.30
  100.47,   598.50,   473.72
  101.25,   598.75,   598.72
  102.03,   598.99,   723.72
  103.15,   723.47,   473.46
  103.93,   723.72,   598.46
  104.72,   723.96,   723.46
  105.83,   848.44,   473.20
  106.62,   848.69,   598.20
  107.40,   848.93,   723.20
  225.43,   595.82,   472.95
  226.22,   596.06,   597.94
  227.00,   596.30,   722.94
  228.12,   720.79,   472.69
  228.90,   721.03,   597.68
  229.68,   721.28,   722.68
  230.80,   845.76,   472.42
  231.58,   846.00,   597.42
  232.37,   846.25,   722.42
  350.40,   593.13,   472.17
  351.19,   593.38,   597.17
  351.97,   593.62,   722.16
  353.09,   718.10,   471.91
  353.87,   718.35,   596.90
  354.65,   718.59,   721.90
  355.77,   843.07,   471.65
  356.55,   843.32,   596.64
  357.34,   843.56,   721.64
   98.39,   598.86,   601.19
   99.28,   601.44,   726.16
  100.17,   604.01,   851.13
   94.86,   723.79,   598.64
   95.74,   726.36,   723.61
   96.63,   728.94,   848.58
   91.32,   848.71,   596.09
   92.21,   851.29,   721.06
   93.10,   853.86,   846.03
  223.34,   602.38,   600.22
  224.23,   604.95,   725.20
  225.12,   607.53,   850.17
  219.80,   727.30,   597.67
  220.69,   729.88,   722.65
  221.58,   732.45,   847.62
  216.27,   852.23,   595.12
  217.16,   854.80,   720.10
  218.05,   857.38,   845.07
  348.28,   605.89,   599.26
  349.17,   608.47,   724.23
  350.06,   611.05,   849.20
  344.75,   730.82,   596.71
  345.64,   733.39,   721.68
  346.53,   735.97,   846.65
  341.21,   855.74,   594.16
  342.10,   858.32,   719.13
  342.99,   860.89,   844.10
  225.03,    99.90,    99.64
  227.04,    99.75,   224.62
  229.06,    99.60,   349.60
  223.52,   224.89,    99.81
  225.53,   224.74,   224.79
  227.54,   224.59,   349.78
  222.01,   349.88,    99.98
  224.02,   349.73,   224.97
  226.03,   349.58,   349.95
  350.01,   101.41,    97.63
  352.02,   101.26,   222.61
  354.03,   101.11,   347.59
  348.50,   226.40,    97.80
  350.51,   226.25,   222.78
  352.52,   226.10,   347.77
  346.98,   351.39,    97.98
  348.99,   351.24,   222.96
  351.01,   351.09,   347.94
  474.98,   102.93,    95.62
  476.99,   102.78,   220.60
  479.01,   102.63,   345.59
  473.47,   227.92,    95.79
  475.48,   227.77,   220.78
  477.49,   227.62,   345.76
  471.96,   352.91,    95.97
  473.97,   352.76,   220.95
  475.98,   352.61,   345.93
  226.35,    98.90,   223.57
  227.16,   100.08,   348.56
  227.97,   101.26,   473.55
  228.62,   223.87,   222.37
  229.43,   225.05,   347.37
  230.24,   226.23,   472.36
  230.89,   348.85,   221.18
  231.70,   350.03,   346.17
  232.51,   351.21,   471.16
  351.32,    96.62,   222.78
  352.13,    97.80,   347.77
  352.94,    98.98,   472.76
  353.60,   221.59,   221.59
  354.41,   222.77,   346.58
  355.22,   223.95,   471.57
  355.87,   346.57,   220.39
  356.68,   347.75,   345.38
  357.49,   348.93,   470.38
  476.30,    94.34,   221.99
  477.11,    95.52,   346.99
  477.92,    96.70,   471.98
  478.57,   219.31,   220.80
  479.38,   220.49,   345.79
  480.19,   221.67,   470.78
  480.85,   344.29,   219.61
  481.66,   345.47,   344.60
  482.46,   346.65,   469.59
  225.21,    98.32,   349.89
  228.35,    97.22,   474.84
  231.50,    96.11,   599.80
  223.91,   223.31,   351.03
  227.05,   222.20,   475.98
  230.20,   221.10,   600.94
  222.61,   348.30,   352.16
  225.75,   347.19,   477.12
  228.90,   346.09,   602.08
  350.16,    99.65,   346.76
  353.30,    98.54,   471.71
  356.45,    97.44,   596.67
  348.86,   224.64,   347.89
  352.01,   223.53,   472.85
  355.15,   222.43,   597.80
  347.56,   349.62,   349.03
  350.71,   348.52,   473.99
  353.85,   347.41,   598.94
  475.11,   100.97,   343.62
  478.26,    99.87,   468.58
  481.40,    98.76,   593.53
  473.82,   225.96,   344.76
  476.96,   224.86,   469.72
  480.10,   223.75,   594.67
  472.52,   350.95,   345.90
  475.66,   349.84,   470.85
  478.81,   348.74,   595.81
  223.57,    99.48,   474.58
  223.18,   102.40,   599.54
  222.79,   105.31,   724.51
  225.20,   224.44,   471.66
  224.81,   227.35,   596.63
  224.42,   230.27,   721.60
  226.83,   349.39,   468.75
  226.44,   352.31,   593.72
  226.05,   355.23,   718.68
  348.56,    97.86,   475.00
  348.16,   100.78,   599.97
  347.77,   103.69,   724.94
  350.19,   222.81,   472.09
  349.80,   225.73,   597.06
  349.41,   228.65,   722.02
  351.82,   347.77,   469.18
  351.43,   350.69,   594.15
  351.04,   353.60,   719.11
  473.54,    96.24,   475.43
  473.15,    99.15,   600.40
  472.76,   102.07,   725.36
  475.18,   221.19,   472.52
  474.79,   224.11,   597.49
  474.39,   227.02,   722.45
  476.81,   346.15,   469.61
  476.42,   349.06,   594.58
  476.03,   351.98,   719.54
  226.66,   101.70,   598.31
  223.76,   101.47,   723.28
  220.85,   101.25,   848.24
  228.43,   226.69,   598.58
  225.53,   226.46,   723.55
  222.62,   226.24,   848.51
  230.21,   351.67,   598.85
  227.30,   351.45,   723.81
  224.40,   351.22,   848.78
  351.61,    99.92,   601.21
  348.71,    99.70,   726.18
  345.80,    99.47,   851.15
  353.39,   224.91,   601.48
  350.48,   224.68,   726.45
  347.58,   224.46,   851.41
  355.16,   349.89,   601.75
  352.26,   349.67,   726.71
  349.35,   349.44,   851.68
  476.57,    98.14,   604.12
  473.66,    97.92,   729.08
  470.76,    97.69,   854.05
  478.34,   223.13,   604.38
  475.44,   222.90,   729.35
  472.53,   222.68,   854.31
  480.12,   348.11,   604.65
  477.21,   347.89,   729.61
  474.30,   347.66,   854.58
  225.89,   226.06,    99.30
  225.82,   224.83,   224.29
  225.74,   223.61,   349.28
  226.78,   351.05,   100.52
  226.70,   349.82,   225.52
  226.63,   348.60,   350.51
  227.67,   476.04,   101.75
  227.59,   474.82,   226.74
  227.51,   473.59,   351.73
  350.89,   225.17,    99.37
  350.81,   223.95,   224.36
  350.74,   222.72,   349.35
  351.78,   350.16,   100.59
  351.70,   348.94,   225.58
  351.62,   347.71,   350.58
  352.67,   475.15,   101.82
  352.59,   473.93,   226.81
  352.51,   472.70,   351.80
  475.89,   224.28,    99.43
  475.81,   223.06,   224.43
  475.73,   221.83,   349.42
  476.78,   349.27,   100.66
  476.70,   348.05,   225.65
  476.62,   346.83,   350.65
  477.66,   474.27,   101.88
  477.58,   473.04,   226.88
  477.51,   471.82,   351.87
  226.25,   226.25,   226.55
  224.91,   228.30,   351.53
  223.58,   230.35,   476.51
  229.73,   351.19,   224.55
  228.39,   353.24,   349.52
  227.06,   355.28,   474.50
  233.21,   476.12,   222.54
  231.88,   478.17,   347.51
  230.54,   480.22,   472.49
  351.19,   222.79,   227.95
  349.86,   224.84,   352.92
  348.52,   226.89,   477.90
  354.67,   347.73,   225.94
  353.34,   349.78,   350.91
  352.00,   351.82,   475.89
  358.16,   472.66,   223.93
  356.82,   474.71,   348.90
  355.49,   476.76,   473.88
  476.13,   219.33,   229.34
  474.80,   221.38,   354.31
  473.47,   223.43,   479.29
  479.62,   344.27,   227.33
  478.28,   346.31,   352.30
  476.95,   348.36,   477.28
  483.10,   469.20,   225.32
  481.77,   471.25,   350.29
  480.43,   473.30,   475.27
  226.92,   225.41,   351.11
  223.49,   222.74,   476.04
  220.06,   220.08,   600.96
  229.74,   350.34,   353.85
  226.31,   347.68,   478.78
  222.88,   345.02,   603.70
  232.57,   475.28,   356.59
  229.14,   472.62,   481.52
  225.71,   469.96,   606.44
  351.84,   222.51,   354.48
  348.41,   219.84,   479.41
  344.98,   217.18,   604.33
  354.66,   347.44,   357.22
  351.23,   344.78,   482.15
  347.81,   342.12,   607.07
  357.49,   472.38,   359.96
  354.06,   469.72,   484.89
  350.63,   467.06,   609.81
  476.76,   219.61,   357.85
  473.33,   216.95,   482.77
  469.90,   214.28,   607.70
  479.58,   344.55,   360.59
  476.16,   341.88,   485.51
  472.73,   339.22,   610.44
  482.41,   469.48,   363.33
  478.98,   466.82,   488.25
  475.55,   464.16,   613.18
  224.65,   226.24,   475.74
  225.49,   224.36,   600.73
  226.33,   222.48,   725.71
  224.49,   351.23,   477.62
  225.33,   349.35,   602.61
  226.17,   347.47,   727.59
  224.33,   476.21,   479.50
  225.17,   474.33,   604.49
  226.01,   472.45,   729.47
  349.64,   226.41,   474.91
  350.48,   224.53,   599.89
  351.32,   222.65,   724.87
  349.49,   351.40,   476.79
  350.33,   349.52,   601.77
  351.16,   347.64,   726.75
  349.33,   476.38,   478.67
  350.17,   474.50,   603.65
  351.01,   472.62,   728.63
  474.64,   226.58,   474.07
  475.48,   224.70,   599.05
  476.32,   222.82,   724.03
  474.48,   351.57,   475.95
  475.32,   349.69,   600.93
  476.16,   347.81,   725.92
  474.33,   476.55,   477.83
  475.16,   474.67,   602.81
  476.00,   472.79,   727.80
  226.58,   225.68,   598.66
  223.00,   227.96,   723.59
  219.41,   230.24,   848.51
  228.87,   350.64,   596.45
  225.28,   352.92,   721.38
  221.70,   355.20,   846.30
  231.16,   475.60,   594.24
  227.57,   477.88,   719.16
  223.98,   480.16,   844.09
  351.51,   223.46,   602.29
  347.92,   225.74,   727.21
  344.34,   228.01,   852.14
  353.80,   348.42,   600.07
  350.21,   350.70,   725.00
  346.62,   352.97,   849.93
  356.08,   473.38,   597.86
  352.50,   475.66,   722.79
  348.91,   477.93,   847.72
  476.44,   221.24,   605.91
  472.85,   223.52,   730.84
  469.26,   225.79,   855.77
  478.72,   346.20,   603.70
  475.14,   348.48,   728.63
  471.55,   350.75,   853.56
  481.01,   471.16,   601.49
  477.42,   473.44,   726.42
  473.84,   475.71,   851.35
  226.86,   351.20,    99.52
  228.35,   350.92,   224.51
  229.85,   350.64,   349.50
  228.34,   476.19,    99.78
  229.84,   475.91,   224.77
  231.33,   475.63,   349.76
  229.83,   601.18,   100.04
  231.33,   600.90,   225.03
  232.82,   600.62,   350.02
  351.84,   349.72,    98.02
  353.33,   349.44,   223.01
  354.83,   349.16,   348.00
  353.33,   474.71,    98.28
  354.82,   474.43,   223.27
  356.32,   474.15,   348.26
  354.81,   599.70,    98.54
  356.31,   599.42,   223.53
  357.80,   599.14,   348.52
  476.82,   348.24,    96.52
  478.32,   347.96,   221.51
  479.81,   347.68,   346.50
  478.31,   473.23,    96.78
  479.80,   472.95,   221.77
  481.30,   472.67,   346.76
  479.79,   598.22,    97.04
  481.29,   597.94,   222.03
  482.79,   597.66,   347.03
  224.01,   349.39,   223.15
  225.93,   348.91,   348.13
  227.86,   348.43,   473.12
  220.33,   474.34,   223.69
  222.26,   473.86,   348.67
  224.18,   473.37,   473.66
  216.65,   599.28,   224.23
  218.58,   598.80,   349.21
  220.51,   598.32,   474.20
  348.94,   353.08,   221.24
  350.86,   352.59,   346.22
  352.79,   352.11,   471.21
  345.26,   478.02,   221.78
  347.19,   477.54,   346.76
  349.11,   477.05,   471.75
  341.59,   602.97,   222.32
  343.51,   602.48,   347.30
  345.44,   602.00,   472.29
  473.87,   356.76,   219.33
  475.79,   356.28,   344.31
  477.72,   355.79,   469.30
  470.19,   481.71,   219.87
  472.12,   481.22,   344.85
  474.04,   480.74,   469.84
  466.52,   606.65,   220.41
  468.44,   606.17,   345.39
  470.37,   605.68,   470.38
  225.72,   350.39,   349.31
  227.59,   351.31,   474.29
  229.47,   352.24,   599.28
  222.68,   475.35,   348.43
  224.55,   476.27,   473.42
  226.43,   477.20,   598.40
  219.64,   600.31,   347.55
  221.51,   601.23,   472.54
  223.38,   602.16,   597.52
  350.67,   353.41,   347.42
  352.54,   354.34,   472.40
  354.42,   355.26,   597.38
  347.63,   478.37,   346.54
  349.50,   479.30,   471.52
  351.38,   480.22,   596.50
  344.59,   603.33,   345.66
  346.46,   604.26,   470.64
  348.33,   605.18,   595.62
  475.62,   356.44,   345.52
  477.49,   357.37,   470.50
  479.37,   358.29,   595.49
  472.58,   481.40,   344.64
  474.45,   482.33,   469.62
  476.32,   483.25,   594.61
  469.53,   606.36,   343.76
  471.41,   607.29,   468.75
  473.28,   608.21,   593.73
  225.25,   350.26,   474.23
  221.89,   348.49,   599.17
  218.52,   346.71,   724.11
  227.27,   475.24,   476.06
  223.91,   473.46,   601.00
  220.54,   471.68,   725.94
  229.29,   600.21,   477.89
  225.92,   598.43,   602.83
  222.56,   596.65,   727.78
  350.19,   348.20,   477.56
  346.83,   346.42,   602.50
  343.46,   344.64,   727.44
  352.21,   473.17,   479.39
  348.84,   471.39,   604.34
  345.48,   469.61,   729.28
  354.23,   598.14,   481.23
  350.86,   596.36,   606.17
  347.50,   594.58,   731.11
  475.13,   346.13,   480.90
  471.76,   344.35,   605.84
  468.40,   342.57,   730.78
  477.15,   471.10,   482.73
  473.78,   469.32,   607.67
  470.42,   467.54,   732.61
  479.16,   596.07,   484.56
  475.80,   594.29,   609.50
  472.44,   592.52,   734.45
  225.23,   348.76,   598.91
  226.35,   345.72,   723.86
  227.47,   342.68,   848.82
  226.59,   473.71,   601.93
  227.71,   470.67,   726.89
  228.83,   467.63,   851.85
  227.95,   598.67,   604.96
  229.07,   595.63,   729.92
  230.19,   592.59,   854.88
  350.22,   347.43,   597.76
  351.34,   344.39,   722.72
  352.46,   341.35,   847.67
  351.58,   472.38,   600.79
  352.70,   469.34,   725.74
  353.81,   466.30,   850.70
  352.94,   597.34,   603.81
  354.06,   594.30,   728.77
  355.17,   591.26,   853.73
  475.21,   346.09,   596.61
  476.33,   343.05,   721.57
  477.44,   340.01,   846.52
  476.57,   471.05,   599.64
  477.69,   468.01,   724.59
  478.80,   464.97,   849.55
  477.93,   596.01,   602.66
  479.05,   592.97,   727.62
  480.16,   589.93,   852.58
  226.95,   476.29,   100.77
  223.65,   475.03,   225.72
  220.36,   473.78,   350.67
  225.20,   601.27,   101.98
  221.91,   600.02,   226.93
  218.62,   598.76,   351.88
  223.46,   726.25,   103.19
  220.17,   725.00,   228.14
  216.87,   723.74,   353.09
  351.89,   478.00,   104.08
  348.60,   476.75,   229.03
  345.30,   475.49,   353.98
  350.15,   602.98,   105.29
  346.85,   601.73,   230.24
  343.56,   600.47,   355.19
  348.41,   727.96,   106.50
  345.11,   726.71,   231.45
  341.82,   725.46,   356.40
  476.84,   479.71,   107.39
  473.54,   478.46,   232.34
  470.25,   477.20,   357.29
  475.09,   604.69,   108.60
  471.80,   603.44,   233.55
  468.51,   602.19,   358.50
  473.35,   729.67,   109.81
  470.06,   728.42,   234.76
  466.76,   727.17,   359.71
  224.60,   474.09,   223.84
  227.08,   473.14,   348.81
  229.55,   472.20,   473.78
  227.35,   599.05,   224.73
  229.83,   598.11,   349.70
  232.31,   597.17,   474.67
  230.10,   724.02,   225.61
  232.58,   723.08,   350.59
  235.06,   722.13,   475.56
  349.54,   471.35,   221.34
  352.02,   470.41,   346.31
  354.50,   469.47,   471.28
  352.30,   596.32,   222.23
  354.77,   595.38,   347.20
  357.25,   594.43,   472.17
  355.05,   721.29,   223.12
  357.53,   720.34,   348.09
  360.00,   719.40,   473.06
  474.49,   468.62,   218.84
  476.97,   467.67,   343.81
  479.44,   466.73,   468.79
  477.24,   593.58,   219.73
  479.72,   592.64,   344.70
  482.20,   591.70,   469.67
  479.99,   718.55,   220.62
  482.47,   717.61,   345.59
  484.95,   716.66,   470.56
  226.65,   475.43,   349.44
  225.58,   478.54,   474.40
  224.51,   481.65,   599.36
  225.89,   600.39,   346.33
  224.81,   603.50,   471.28
  223.74,   606.61,   596.24
  225.12,   725.35,   343.21
  224.05,   728.46,   468.16
  222.98,   731.57,   593.12
  351.65,   476.23,   350.49
  350.57,   479.34,   475.45
  349.50,   482.45,   600.41
  350.88,   601.19,   347.38
  349.81,   604.30,   472.33
  348.74,   607.41,   597.29
  350.11,   726.14,   344.26
  349.04,   729.25,   469.22
  347.97,   732.37,   594.17
  476.64,   477.02,   351.55
  475.57,   480.13,   476.50
  474.50,   483.24,   601.46
  475.87,   601.98,   348.43
  474.80,   605.09,   473.39
  473.73,   608.20,   598.34
  475.11,   726.94,   345.31
  474.03,   730.05,   470.27
  472.96,   733.16,   595.23
  226.79,   475.40,   476.82
  230.49,   472.58,   601.73
  234.18,   469.77,   726.64
  229.85,   600.33,   479.54
  233.54,   597.51,   604.45
  237.24,   594.70,   729.37
  232.91,   725.26,   482.27
  236.60,   722.45,   607.18
  240.29,   719.63,   732.09
  351.70,   472.42,   473.06
  355.39,   469.61,   597.97
  359.09,   466.79,   722.89
  354.76,   597.35,   475.78
  358.45,   594.54,   600.70
  362.14,   591.72,   725.61
  357.82,   722.29,   478.51
  361.51,   719.47,   603.42
  365.20,   716.66,   728.34
  476.61,   469.44,   469.30
  480.30,   466.63,   594.21
  483.99,   463.81,   719.13
  479.67,   594.38,   472.02
  483.36,   591.56,   596.94
  487.05,   588.75,   721.85
  482.73,   719.31,   474.75
  486.42,   716.50,   599.66
  490.11,   713.68,   724.58
  223.02,   473.43,   599.40
  226.16,   471.65,   724.34
  229.30,   469.87,   849.29
  222.96,   598.41,   601.17
  226.10,   596.64,   726.12
  229.24,   594.86,   851.07
  222.91,   723.40,   602.95
  226.05,   721.62,   727.90
  229.19,   719.85,   852.85
  347.98,   473.53,   596.26
  351.12,   471.75,   721.21
  354.26,   469.97,   846.15
  347.92,   598.51,   598.04
  351.06,   596.74,   722.98
  354.20,   594.96,   847.93
  347.87,   723.50,   599.81
  351.01,   721.73,   724.76
  354.15,   719.95,   849.71
  472.94,   473.63,   593.12
  476.08,   471.85,   718.07
  479.22,   470.07,   843.01
  472.88,   598.61,   594.90
  476.02,   596.84,   719.85
  479.16,   595.06,   844.79
  472.83,   723.60,   596.68
  475.97,   721.83,   721.62
  479.11,   720.05,   846.57
  226.60,   599.44,    99.05
  223.40,   595.84,   223.96
  220.20,   592.25,   348.87
  224.70,   724.38,   102.60
  221.50,   720.78,   227.51
  218.30,   717.18,   352.41
  222.81,   849.31,   106.15
  219.60,   845.72,   231.06
  216.40,   842.12,   355.96
  351.54,   601.24,   102.31
  348.34,   597.65,   227.21
  345.14,   594.05,   352.12
  349.65,   726.18,   105.85
  346.45,   722.58,   230.76
  343.24,   718.99,   355.67
  347.75,   851.12,   109.40
  344.55,   847.52,   234.31
  341.35,   843.92,   359.22
  476.49,   603.05,   105.56
  473.29,   599.45,   230.47
  470.08,   595.86,   355.37
  474.59,   727.98,   109.11
  471.39,   724.39,   234.02
  468.19,   720.79,   358.92
  472.70,   852.92,   112.66
  469.49,   849.32,   237.57
  466.29,   845.73,   362.47
  225.55,   601.02,   226.07
  222.14,   597.90,   350.99
  218.74,   594.79,   475.90
  224.99,   725.98,   229.18
  221.59,   722.86,   354.09
  218.19,   719.75,   479.01
  224.44,   850.94,   232.28
  221.03,   847.82,   357.20
  217.63,   844.71,   482.11
  350.50,   601.49,   229.49
  347.10,   598.37,   354.40
  343.69,   595.26,   479.32
  349.95,   726.45,   232.59
  346.54,   723.33,   357.51
  343.14,   720.22,   482.42
  349.39,   851.41,   235.70
  345.99,   848.29,   360.61
  342.58,   845.18,   485.53
  475.45,   601.96,   232.91
  472.05,   598.84,   357.82
  468.65,   595.73,   482.74
  474.90,   726.92,   236.01
  471.49,   723.81,   360.93
  468.09,   720.69,   485.84
  474.34,   851.88,   239.12
  470.94,   848.77,   364.03
  467.54,   845.65,   488.95
  224.23,   601.55,   351.80
  227.84,   601.10,   476.75
  231.46,   600.65,   601.69
  226.82,   726.53,   352.18
  230.44,   726.07,   477.12
  234.06,   725.62,   602.07
  229.42,   851.50,   352.55
  233.04,   851.05,   477.50
  236.66,   850.60,   602.45
  349.15,   598.97,   348.17
  352.76,   598.52,   473.12
  356.38,   598.06,   598.07
  351.75,   723.94,   348.55
  355.36,   723.49,   473.50
  358.98,   723.04,   598.44
  354.34,   848.91,   348.93
  357.96,   848.46,   473.87
  361.58,   848.01,   598.82
  474.07,   596.38,   344.55
  477.68,   595.93,   469.49
  481.30,   595.48,   594.44
  476.67,   721.35,   344.92
  480.28,   720.90,   469.87
  483.90,   720.45,   594.82
  479.26,   846.32,   345.30
  482.88,   845.87,   470.25
  486.50,   845.42,   595.19
  226.72,   601.34,   474.76
  223.29,   598.77,   599.68
  219.86,   596.20,   724.61
  229.51,   726.28,   477.41
  226.08,   723.71,   602.33
  222.65,   721.14,   727.26
  232.30,   851.22,   480.05
  228.87,   848.65,   604.98
  225.44,   846.08,   729.91
  351.64,   598.48,   478.13
  348.21,   595.91,   603.05
  344.78,   593.34,   727.98
  354.43,   723.42,   480.78
  351.00,   720.85,   605.70
  347.57,   718.28,   730.63
  357.22,   848.36,   483.43
  353.79,   845.79,   608.35
  350.36,   843.22,   733.28
  476.56,   595.62,   481.50
  473.13,   593.05,   606.43
  469.70,   590.47,   731.35
  479.35,   720.56,   484.15
  475.92,   717.99,   609.07
  472.49,   715.41,   734.00
  482.14,   845.50,   486.80
  478.71,   842.93,   611.72
  475.28,   840.36,   736.65
  226.95,   600.06,   601.27
  223.79,   603.62,   726.18
  220.63,   607.19,   851.09
  226.89,   725.00,   597.70
  223.73,   728.57,   722.61
  220.58,   732.14,   847.52
  226.83,   849.95,   594.13
  223.67,   853.52,   719.04
  220.52,   857.09,   843.95
  351.91,   600.20,   604.42
  348.75,   603.77,   729.33
  345.60,   607.34,   854.24
  351.85,   725.15,   600.86
  348.69,   728.72,   725.76
  345.54,   732.29,   850.67
  351.79,   850.10,   597.29
  348.63,   853.67,   722.19
  345.48,   857.24,   847.10
  476.87,   600.35,   607.58
  473.71,   603.92,   732.49
  470.56,   607.49,   857.40
  476.81,   725.30,   604.01
  473.65,   728.87,   728.92
  470.50,   732.44,   853.83
  476.75,   850.25,   600.44
  473.59,   853.82,   725.35
  470.44,   857.39,   850.26
  350.92,    98.70,   100.67
  349.84,    99.89,   225.66
  348.76,   101.08,   350.65
  353.83,   223.66,    99.50
  352.75,   224.85,   224.49
  351.67,   226.04,   349.48
  356.74,   348.62,    98.34
  355.67,   349.81,   223.33
  354.59,   351.00,   348.32
  475.88,    95.79,   101.77
  474.80,    96.98,   226.76
  473.72,    98.17,   351.75
  478.79,   220.75,   100.61
  477.71,   221.94,   225.60
  476.64,   223.13,   350.59
  481.71,   345.71,    99.45
  480.63,   346.90,   224.44
  479.55,   348.09,   349.42
  600.84,    92.89,   102.88
  599.76,    94.08,   227.87
  598.68,    95.27,   352.86
  603.75,   217.85,   101.72
  602.68,   219.04,   226.70
  601.60,   220.23,   351.69
  606.67,   342.81,   100.55
  605.59,   344.00,   225.54
  604.51,   345.19,   350.53
  349.14,   100.87,   225.32
  351.99,    99.63,   350.28
  354.84,    98.39,   475.24
  347.20,   225.84,   226.60
  350.04,   224.60,   351.56
  352.89,   223.36,   476.53
  345.25,   350.82,   227.89
  348.10,   349.58,   352.85
  350.94,   348.34,   477.81
  474.10,   102.84,   222.49
  476.94,   101.60,   347.45
  479.79,   100.36,   472.42
  472.15,   227.82,   223.78
  475.00,   226.58,   348.74
  477.84,   225.34,   473.70
  470.20,   352.80,   225.06
  473.05,   351.56,   350.02
  475.90,   350.32,   474.98
  599.05,   104.82,   219.67
  601.90,   103.58,   344.63
  604.74,   102.34,   469.59
  597.10,   229.79,   220.95
  599.95,   228.55,   345.91
  602.80,   227.31,   470.87
  595.16,   354.77,   222.23
  598.00,   353.53,   347.20
  600.85,   352.29,   472.16
  351.51,    99.22,   351.69
  352.91,    96.15,   476.65
  354.31,    93.08,   601.60
  348.72,   224.15,   354.79
  350.13,   221.08,   479.75
  351.53,   218.01,   604.70
  345.94,   349.08,   357.90
  347.35,   346.01,   482.85
  348.75,   342.94,   607.80
  476.47,   102.04,   350.36
  477.87,    98.97,   475.31
  479.27,    95.90,   600.27
  473.69,   226.97,   353.46
  475.09,   223.90,   478.41
  476.49,   220.83,   603.37
  470.90,   351.90,   356.56
  472.31,   348.83,   481.52
  473.71,   345.76,   606.47
  601.43,   104.85,   349.03
  602.83,   101.78,   473.98
  604.23,    98.71,   598.93
  598.65,   229.78,   352.13
  600.05,   226.71,   477.08
  601.45,   223.64,   602.04
  595.86,   354.72,   355.23
  597.27,   351.64,   480.18
  598.67,   348.57,   605.14
  348.51,    99.40,   473.94
  350.59,    98.66,   598.92
  352.68,    97.92,   723.91
  346.27,   224.38,   474.72
  348.36,   223.64,   599.70
  350.44,   222.90,   724.68
  344.04,   349.35,   475.50
  346.12,   348.62,   600.48
  348.21,   347.88,   725.46
  473.47,   101.65,   471.87
  475.56,   100.91,   596.85
  477.64,   100.17,   721.83
  471.24,   226.62,   472.65
  473.32,   225.89,   597.63
  475.41,   225.15,   722.61
  469.00,   351.60,   473.42
  471.09,   350.86,   598.40
  473.17,   350.12,   723.39
  598.43,   103.89,   469.80
  600.52,   103.16,   594.78
  602.60,   102.42,   719.76
  596.20,   228.87,   470.58
  598.28,   228.13,   595.56
  600.37,   227.39,   720.54
  593.96,   353.85,   471.35
  596.05,   353.11,   596.33
  598.13,   352.37,   721.31
  349.18,   101.41,   601.24
  351.35,   101.14,   726.22
  353.52,   100.86,   851.20
  351.30,   226.39,   601.47
  353.47,   226.12,   726.45
  355.64,   225.85,   851.44
  353.43,   351.37,   601.71
  355.60,   351.10,   726.69
  357.77,   350.83,   851.67
  474.14,    99.28,   599.06
  476.31,    99.01,   724.05
  478.48,    98.74,   849.03
  476.27,   224.27,   599.30
  478.44,   223.99,   724.28
  480.61,   223.72,   849.26
  478.39,   349.25,   599.53
  480.56,   348.98,   724.52
  482.73,   348.70,   849.50
  599.10,    97.16,   596.89
  601.27,    96.89,   721.87
  603.44,    96.62,   846.85
  601.23,   222.14,   597.12
  603.40,   221.87,   722.11
  605.57,   221.60,   847.09
  603.36,   347.12,   597.36
  605.53,   346.85,   722.34
  607.70,   346.58,   847.32
  349.28,   225.40,   100.63
  352.73,   227.62,   225.56
  356.18,   229.84,   350.49
  347.10,   350.36,    98.47
  350.55,   352.58,   223.40
  354.00,   354.80,   348.33
  344.91,   475.32,    96.30
  348.37,   477.54,   221.24
  351.82,   479.77,   346.17
  474.21,   227.52,    97.14
  477.67,   229.74,   222.07
  481.12,   231.96,   347.00
  472.03,   352.48,    94.98
  475.48,   354.70,   219.91
  478.93,   356.93,   344.84
  469.85,   477.44,    92.81
  473.30,   479.67,   217.75
  476.75,   481.89,   342.68
  599.15,   229.64,    93.65
  602.60,   231.86,   218.58
  606.05,   234.09,   343.51
  596.96,   354.61,    91.49
  600.42,   356.83,   216.42
  603.87,   359.05,   341.35
  594.78,   479.57,    89.32
  598.23,   481.79,   214.26
  601.68,   484.01,   339.19
  349.72,   226.47,   223.57
  350.43,   229.97,   348.52
  351.14,   233.47,   473.47
  352.60,   351.39,   220.06
  353.31,   354.89,   345.01
  354.03,   358.38,   469.96
  355.49,   476.31,   216.55
  356.20,   479.80,   341.50
  356.91,   483.30,   466.44
  474.68,   223.57,   222.94
  475.40,   227.07,   347.89
  476.11,   230.56,   472.84
  477.57,   348.49,   219.43
  478.28,   351.98,   344.38
  478.99,   355.48,   469.33
  480.45,   473.40,   215.91
  481.16,   476.90,   340.86
  481.88,   480.40,   465.81
  599.65,   220.67,   222.31
  600.36,   224.16,   347.26
  601.07,   227.66,   472.21
  602.53,   345.58,   218.80
  603.24,   349.08,   343.75
  603.96,   352.58,   468.69
  605.41,   470.50,   215.28
  606.13,   474.00,   340.23
  606.84,   477.50,   465.18
  349.77,   223.72,   350.04
  347.78,   221.48,   475.00
  345.79,   219.24,   599.96
  351.62,   348.69,   352.31
  349.63,   346.45,   477.27
  347.64,   344.20,   602.24
  353.47,   473.65,   354.58
  351.48,   471.41,   479.54
  349.49,   469.17,   604.51
  474.74,   221.84,   351.99
  472.75,   219.59,   476.96
  470.76,   217.35,   601.92
  476.59,   346.80,   354.26
  474.60,   344.56,   479.23
  472.61,   342.32,   604.19
  478.44,   471.77,   356.54
  476.45,   469.53,   481.50
  474.46,   467.28,   606.46
  599.71,   219.95,   353.95
  597.72,   217.71,   478.91
  595.73,   215.47,   603.88
  601.56,   344.92,   356.22
  599.57,   342.67,   481.19
  597.58,   340.43,   606.15
  603.41,   469.88,   358.49
  601.42,   467.64,   483.46
  599.43,   465.40,   608.42
  350.37,   225.34,   475.37
  347.08,   227.78,   600.30
  343.79,   230.22,   725.23
  354.03,   350.26,   473.02
  350.74,   352.70,   597.96
  347.45,   355.14,   722.89
  357.69,   475.19,   470.68
  354.40,   477.63,   595.61
  351.11,   480.07,   720.54
  475.27,   221.74,   478.72
  471.98,   224.18,   603.66
  468.70,   226.62,   728.59
  478.93,   346.67,   476.38
  475.64,   349.11,   601.31
  472.36,   351.55,   726.24
  482.59,   471.59,   474.03
  479.30,   474.03,   598.97
  476.02,   476.47,   723.90
  600.17,   218.15,   482.08
  596.89,   220.59,   607.01
  593.60,   223.03,   731.95
  603.83,   343.07,   479.73
  600.55,   345.51,   604.67
  597.26,   347.95,   729.60
  607.49,   467.99,   477.39
  604.21,   470.44,   602.32
  600.92,   472.88,   727.26
  351.82,   223.24,   600.15
  355.22,   222.26,   725.10
  358.63,   221.27,   850.05
  349.79,   348.22,   601.20
  353.19,   347.24,   726.14
  356.59,   346.25,   851.09
  347.76,   473.20,   602.24
  351.16,   472.22,   727.19
  354.56,   471.23,   852.14
  476.76,   225.30,   596.77
  480.16,   224.32,   721.72
  483.56,   223.33,   846.67
  474.73,   350.28,   597.81
  478.13,   349.30,   722.76
  481.53,   348.31,   847.71
  472.70,   475.26,   598.85
  476.10,   474.28,   723.80
  479.50,   473.29,   848.75
  601.70,   227.37,   593.39
  605.10,   226.38,   718.33
  608.50,   225.39,   843.28
  599.67,   352.34,   594.43
  603.07,   351.36,   719.38
  606.47,   350.37,   844.33
  597.63,   477.32,   595.47
  601.03,   476.34,   720.42
  604.43,   475.35,   845.37
  349.94,   349.12,   100.08
  351.52,   348.82,   225.07
  353.10,   348.52,   350.06
  346.64,   474.08,   100.42
  348.22,   473.78,   225.41
  349.80,   473.48,   350.40
  343.34,   599.03,   100.76
  344.92,   598.73,   225.75
  346.50,   598.43,   350.74
  474.88,   352.42,    98.51
  476.46,   352.12,   223.50
  478.04,   351.83,   348.49
  471.58,   477.38,    98.85
  473.16,   477.08,   223.84
  474.74,   476.78,   348.83
  468.28,   602.34,    99.19
  469.86,   602.04,   224.18
  471.44,   601.74,   349.17
  599.83,   355.73,    96.93
  601.41,   355.43,   221.92
  602.99,   355.13,   346.91
  596.53,   480.69,    97.28
  598.11,   480.39,   222.27
  599.69,   480.09,   347.26
  593.23,   605.64,    97.62
  594.81,   605.34,   222.61
  596.39,   605.04,   347.60
  350.56,   348.50,   226.59
  350.71,   349.61,   351.58
  350.87,   350.72,   476.58
  347.29,   473.45,   225.48
  347.45,   474.56,   350.48
  347.61,   475.67,   475.47
  344.02,   598.41,   224.38
  344.18,   599.51,   349.38
  344.34,   600.62,   474.37
  475.51,   351.77,   226.40
  475.67,   352.87,   351.39
  475.83,   353.98,   476.39
  472.25,   476.72,   225.30
  472.41,   477.83,   350.29
  472.56,   478.93,   475.29
  468.98,   601.67,   224.19
  469.14,   602.78,   349.19
  469.30,   603.89,   474.18
  600.47,   355.03,   226.21
  600.63,   356.14,   351.21
  600.79,   357.25,   476.20
  597.20,   479.98,   225.11
  597.36,   481.09,   350.10
  597.52,   482.20,   475.10
  593.94,   604.93,   224.00
  594.10,   606.04,   349.00
  594.26,   607.15,   473.99
  350.83,   350.25,   349.13
  347.79,   351.15,   474.09
  344.76,   352.04,   599.05
  350.72,   475.25,   348.23
  347.68,   476.14,   473.19
  344.64,   477.03,   598.15
  350.60,   600.25,   347.34
  347.57,   601.14,   472.30
  344.53,   602.03,   597.26
  475.79,   350.39,   352.16
  472.76,   351.28,   477.12
  469.72,   352.17,   602.08
  475.68,   475.39,   351.27
  472.64,   476.28,   476.23
  469.61,   477.17,   601.19
  475.57,   600.38,   350.38
  472.53,   601.27,   475.34
  469.49,   602.17,   600.30
  600.75,   350.52,   355.20
  597.72,   351.41,   480.16
  594.68,   352.31,   605.12
  600.64,   475.52,   354.30
  597.61,   476.41,   479.26
  594.57,   477.30,   604.22
  600.53,   600.52,   353.41
  597.49,   601.41,   478.37
  594.46,   602.30,   603.33
  348.12,   350.93,   476.12
  346.44,   350.26,   601.10
  344.77,   349.58,   726.09
  350.75,   475.90,   476.83
  349.07,   475.23,   601.82
  347.39,   474.55,   726.80
  353.38,   600.88,   477.54
  351.70,   600.20,   602.53
  350.02,   599.52,   727.52
  473.08,   348.30,   477.78
  471.40,   347.62,   602.77
  469.73,   346.94,   727.75
  475.71,   473.27,   478.49
  474.03,   472.59,   603.48
  472.36,   471.91,   728.47
  478.34,   598.24,   479.20
  476.66,   597.56,   604.19
  474.99,   596.88,   729.18
  598.04,   345.66,   479.44
  596.36,   344.98,   604.43
  594.69,   344.30,   729.41
  600.67,   470.63,   480.15
  598.99,   469.95,   605.14
  597.32,   469.27,   730.13
  603.30,   595.60,   480.87
  601.62,   594.92,   605.85
  599.95,   594.24,   730.84
  349.84,   350.62,   600.06
  351.06,   349.94,   725.05
  352.29,   349.25,   850.04
  349.57,   475.62,   600.75
  350.80,   474.93,   725.74
  352.03,   474.25,   850.73
  349.31,   600.62,   601.44
  350.54,   599.93,   726.43
  351.76,   599.24,   851.42
  474.83,   350.89,   598.83
  476.06,   350.21,   723.83
  477.28,   349.52,   848.82
  474.57,   475.89,   599.52
  475.79,   475.20,   724.52
  477.02,   474.52,   849.51
  474.31,   600.89,   600.21
  475.53,   600.20,   725.21
  476.76,   599.51,   850.20
  599.82,   351.16,   597.61
  601.05,   350.48,   722.60
  602.28,   349.79,   847.59
  599.56,   476.16,   598.30
  600.79,   475.47,   723.29
  602.01,   474.79,   848.28
  599.30,   601.16,   598.99
  600.52,   600.47,   723.98
  601.75,   599.78,   848.97
  349.66,   476.14,   100.46
  349.72,   476.48,   225.46
  349.78,   476.82,   350.46
  349.03,   601.14,   100.12
  349.09,   601.48,   225.12
  349.16,   601.82,   350.12
  348.40,   726.14,    99.78
  348.46,   726.48,   224.78
  348.53,   726.82,   349.78
  474.66,   476.77,   100.40
  474.72,   477.11,   225.40
  474.78,   477.45,   350.40
  474.03,   601.77,   100.06
  474.09,   602.11,   225.06
  474.15,   602.45,   350.06
  473.40,   726.77,    99.72
  473.46,   727.11,   224.72
  473.52,   727.45,   349.72
  599.66,   477.40,   100.33
  599.72,   477.74,   225.33
  599.78,   478.08,   350.33
  599.03,   602.40,    99.99
  599.09,   602.74,   224.99
  599.15,   603.08,   349.99
  598.40,   727.40,    99.66
  598.46,   727.74,   224.66
  598.52,   728.07,   349.66
  348.51,   475.13,   224.08
  346.77,   476.43,   349.06
  345.04,   477.72,   474.04
  349.32,   600.12,   222.79
  347.58,   601.42,   347.77
  345.85,   602.71,   472.76
  350.12,   725.11,   221.51
  348.39,   726.41,   346.49
  346.66,   727.70,   471.47
  473.49,   474.34,   225.82
  471.76,   475.64,   350.80
  470.02,   476.93,   475.78
  474.30,   599.33,   224.54
  472.57,   600.63,   349.52
  470.83,   601.92,   474.50
  475.11,   724.32,   223.25
  473.37,   725.62,   348.23
  471.64,   726.91,   473.21
  598.48,   473.55,   227.56
  596.74,   474.85,   352.54
  595.01,   476.14,   477.53
  599.29,   598.54,   226.28
  597.55,   599.84,   351.26
  595.82,   601.13,   476.24
  600.09,   723.53,   224.99
  598.36,   724.83,   349.98
  596.63,   726.12,   474.96
  348.07,   473.42,   349.95
  347.94,   473.20,   474.95
  347.80,   472.98,   599.95
  345.76,   598.40,   350.16
  345.63,   598.18,   475.16
  345.50,   597.96,   600.16
  343.46,   723.38,   350.38
  343.32,   723.16,   475.38
  343.19,   722.94,   600.38
  473.05,   475.73,   350.08
  472.92,   475.51,   475.08
  472.78,   475.29,   600.08
  470.74,   600.70,   350.30
  470.61,   600.48,   475.30
  470.48,   600.26,   600.30
  468.44,   725.68,   350.52
  468.30,   725.46,   475.52
  468.17,   725.24,   600.52
  598.03,   478.03,   350.22
  597.89,   477.81,   475.22
  597.76,   477.59,   600.22
  595.72,   603.01,   350.44
  595.59,   602.79,   475.44
  595.46,   602.57,   600.44
  593.41,   727.99,   350.66
  593.28,   727.77,   475.65
  593.15,   727.55,   600.65
  350.81,   474.89,   476.79
  348.26,   478.19,   601.72
  345.71,   481.48,   726.65
  347.14,   599.79,   473.42
  344.59,   603.09,   598.35
  342.04,   606.38,   723.28
  343.47,   724.69,   470.05
  340.92,   727.99,   594.98
  338.37,   731.28,   719.91
  475.73,   478.63,   479.24
  473.18,   481.93,   604.17
  470.63,   485.22,   729.10
  472.06,   603.53,   475.87
  469.51,   606.83,   600.80
  466.96,   610.12,   725.73
  468.39,   728.43,   472.50
  465.84,   731.73,   597.43
  463.29,   735.02,   722.36
  600.65,   482.37,   481.69
  598.10,   485.66,   606.63
  595.55,   488.96,   731.56
  596.98,   607.27,   478.33
  594.43,   610.56,   603.26
  591.88,   613.86,   728.19
  593.31,   732.17,   474.96
  590.76,   735.46,   599.89
  588.21,   738.76,   724.82
  351.80,   476.30,   601.24
  354.55,   476.80,   726.21
  357.30,   477.30,   851.18
  352.99,   601.29,   600.71
  355.74,   601.79,   725.68
  358.49,   602.29,   850.65
  354.19,   726.28,   600.18
  356.94,   726.79,   725.15
  359.69,   727.29,   850.12
  476.76,   475.09,   598.49
  479.51,   475.59,   723.46
  482.26,   476.09,   848.43
  477.96,   600.08,   597.97
  480.71,   600.58,   722.93
  483.46,   601.09,   847.90
  479.16,   725.08,   597.44
  481.91,   725.58,   722.41
  484.66,   726.08,   847.37
  601.72,   473.88,   595.75
  604.48,   474.38,   720.72
  607.23,   474.88,   845.69
  602.92,   598.87,   595.22
  605.67,   599.38,   720.19
  608.42,   599.88,   845.16
  604.12,   723.87,   594.69
  606.87,   724.37,   719.66
  609.62,   724.87,   844.63
  350.36,   600.44,   101.40
  352.68,   599.90,   226.37
  354.99,   599.37,   351.35
  352.54,   725.42,   101.89
  354.86,   724.88,   226.87
  357.17,   724.35,   351.85
  354.72,   850.40,   102.39
  357.04,   849.86,   227.37
  359.35,   849.33,   352.35
  475.32,   598.27,    99.07
  477.64,   597.73,   224.05
  479.95,   597.19,   349.03
  477.50,   723.25,    99.57
  479.82,   722.71,   224.55
  482.13,   722.17,   349.52
  479.68,   848.23,   100.07
  482.00,   847.69,   225.04
  484.31,   847.15,   350.02
  600.28,   596.10,    96.75
  602.60,   595.56,   221.72
  604.91,   595.02,   346.70
  602.46,   721.08,    97.24
  604.78,   720.54,   222.22
  607.09,   720.00,   347.20
  604.64,   846.06,    97.74
  606.96,   845.52,   222.72
  609.27,   844.98,   347.70
  349.03,   598.95,   225.87
  347.70,   598.71,   350.86
  346.38,   598.47,   475.85
  348.61,   723.95,   226.11
  347.29,   723.71,   351.10
  345.96,   723.47,   476.09
  348.20,   848.95,   226.34
  346.87,   848.71,   351.34
  345.55,   848.47,   476.33
  474.02,   599.37,   227.19
  472.70,   599.12,   352.19
  471.37,   598.88,   477.18
  473.61,   724.36,   227.43
  472.28,   724.12,   352.43
  470.95,   723.88,   477.42
  473.19,   849.36,   227.67
  471.86,   849.12,   352.66
  470.54,   848.88,   477.66
  599.01,   599.78,   228.52
  597.69,   599.54,   353.51
  596.36,   599.29,   478.51
  598.60,   724.78,   228.76
  597.27,   724.53,   353.75
  595.95,   724.29,   478.75
  598.18,   849.78,   229.00
  596.86,   849.53,   353.99
  595.53,   849.29,   478.98
  348.78,   600.56,   350.01
  349.73,   600.68,   475.01
  350.68,   600.80,   600.01
  349.39,   725.56,   349.89
  350.34,   725.68,   474.88
  351.29,   725.80,   599.88
  350.00,   850.56,   349.76
  350.95,   850.68,   474.76
  351.90,   850.80,   599.75
  473.77,   599.95,   349.06
  474.72,   600.07,   474.06
  475.67,   600.19,   599.06
  474.39,   724.95,   348.94
  475.34,   725.07,   473.93
  476.29,   725.19,   598.93
  475.00,   849.95,   348.81
  475.95,   850.07,   473.81
  476.90,   850.19,   598.81
  598.77,   599.34,   348.11
  599.72,   599.46,   473.11
  600.67,   599.58,   598.11
  599.38,   724.34,   347.99
  600.33,   724.46,   472.99
  601.28,   724.58,   597.98
  599.99,   849.33,   347.86
  600.94,   849.45,   472.86
  601.89,   849.58,   597.86
  349.62,   598.45,   474.63
  345.85,   600.35,   599.55
  342.08,   602.25,   724.48
  345.97,   723.38,   472.61
  342.20,   725.28,   597.54
  338.43,   727.18,   722.47
  342.31,   848.31,   470.60
  338.54,   850.21,   595.53
  334.77,   852.11,   720.46
  474.51,   602.16,   478.34
  470.74,   604.06,   603.27
  466.97,   605.96,   728.20
  470.86,   727.09,   476.33
  467.08,   728.99,   601.25
  463.31,   730.89,   726.18
  467.20,   852.02,   474.31
  463.43,   853.92,   599.24
  459.66,   855.82,   724.17
  599.40,   605.87,   482.05
  595.63,   607.78,   606.98
  591.86,   609.68,   731.91
  595.74,   730.80,   480.04
  591.97,   732.71,   604.97
  588.20,   734.61,   729.90
  592.09,   855.73,   478.03
  588.32,   857.64,   602.96
  584.55,   859.54,   727.88
  348.12,   598.36,   598.79
  345.49,   601.83,   723.72
  342.87,   605.30,   848.64
  346.58,   723.31,   595.29
  343.96,   726.77,   720.22
  341.34,   730.24,   845.14
  345.05,   848.25,   591.79
  342.43,   851.72,   716.72
  339.80,   855.18,   841.64
  473.08,   599.97,   601.37
  470.46,   603.44,   726.30
  467.83,   606.91,   851.22
  471.55,   724.91,   597.87
  468.92,   728.38,   722.80
  466.30,   731.85,   847.72
  470.01,   849.85,   594.37
  467.39,   853.32,   719.30
  464.77,   856.79,   844.22
  598.04,   601.58,   603.95
  595.42,   605.04,   728.88
  592.80,   608.51,   853.80
  596.51,   726.52,   600.45
  593.89,   729.99,   725.38
  591.26,   733.45,   850.30
  594.98,   851.46,   596.95
  592.35,   854.93,   721.88
  589.73,   858.40,   846.80
  474.61,   100.52,   100.38
  478.06,   100.51,   225.33
  481.51,   100.50,   350.28
  471.98,   225.49,   100.46
  475.43,   225.48,   225.41
  478.88,   225.47,   350.37
  469.35,   350.46,   100.54
  472.81,   350.45,   225.50
  476.26,   350.44,   350.45
  599.53,   103.15,    96.93
  602.99,   103.14,   221.88
  606.44,   103.13,   346.83
  596.91,   228.12,    97.01
  600.36,   228.11,   221.96
  603.81,   228.10,   346.92
  594.28,   353.09,    97.09
  597.73,   353.08,   222.05
  601.18,   353.07,   347.00
  724.46,   105.78,    93.48
  727.91,   105.77,   218.43
  731.36,   105.76,   343.38
  721.83,   230.75,    93.56
  725.28,   230.74,   218.51
  728.73,   230.73,   343.47
  719.20,   355.72,    93.64
  722.65,   355.71,   218.60
  726.11,   355.70,   343.55
  474.55,   100.24,   223.66
  475.61,    96.57,   348.61
  476.67,    92.90,   473.55
  471.80,   225.15,   227.35
  472.86,   221.48,   352.29
  473.92,   217.82,   477.24
  469.04,   350.07,   231.04
  470.10,   346.40,   355.98
  471.16,   342.73,   480.93
  599.52,   103.02,   222.68
  600.58,    99.36,   347.63
  601.64,    95.69,   472.57
  596.76,   227.94,   226.37
  597.82,   224.27,   351.32
  598.88,   220.60,   476.26
  594.00,   352.85,   230.06
  595.06,   349.19,   355.01
  596.12,   345.52,   479.95
  724.48,   105.81,   221.71
  725.54,   102.14,   346.65
  726.60,    98.48,   471.59
  721.73,   230.73,   225.40
  722.79,   227.06,   350.34
  723.85,   223.39,   475.28
  718.97,   355.64,   229.09
  720.03,   351.97,   354.03
  721.09,   348.31,   478.97
  473.95,    99.90,   351.81
  476.90,    97.54,   476.75
  479.85,    95.18,   601.69
  470.87,   224.84,   354.24
  473.82,   222.48,   479.18
  476.77,   220.12,   604.13
  467.78,   349.78,   356.68
  470.74,   347.42,   481.62
  473.69,   345.06,   606.56
  598.88,   103.04,   348.92
  601.83,   100.68,   473.86
  604.78,    98.32,   598.80
  595.80,   227.98,   351.35
  598.75,   225.62,   476.29
  601.70,   223.26,   601.24
  592.71,   352.92,   353.78
  595.66,   350.56,   478.73
  598.61,   348.20,   603.67
  723.81,   106.18,   346.02
  726.76,   103.82,   470.97
  729.71,   101.46,   595.91
  720.72,   231.12,   348.46
  723.67,   228.76,   473.40
  726.63,   226.40,   598.34
  717.64,   356.06,   350.89
  720.59,   353.70,   475.84
  723.54,   351.33,   600.78
  476.22,    98.67,   473.65
  474.22,    94.96,   598.58
  472.22,    91.24,   723.51
  472.61,   223.56,   477.31
  470.61,   219.85,   602.24
  468.61,   216.14,   727.16
  469.01,   348.46,   480.96
  467.01,   344.74,   605.89
  465.00,   341.03,   730.82
  601.16,   102.22,   475.76
  599.16,    98.50,   600.69
  597.16,    94.79,   725.62
  597.55,   227.11,   479.41
  595.55,   223.40,   604.34
  593.55,   219.68,   729.27
  593.94,   352.01,   483.07
  591.94,   348.29,   608.00
  589.94,   344.58,   732.92
  726.09,   105.77,   477.86
  724.09,   102.05,   602.79
  722.09,    98.34,   727.72
  722.48,   230.66,   481.52
  720.48,   226.95,   606.45
  718.48,   223.23,   731.38
  718.87,   355.56,   485.17
  716.87,   351.84,   610.10
  714.87,   348.13,   735.03
  473.70,   100.91,   598.17
  473.47,    97.72,   723.13
  473.23,    94.53,   848.09
  473.54,   225.87,   601.37
  473.30,   222.68,   726.33
  473.06,   219.48,   851.28
  473.37,   350.83,   604.56
  473.13,   347.64,   729.52
  472.90,   344.44,   854.48
  598.70,   101.08,   598.41
  598.47,    97.88,   723.37
  598.23,    94.69,   848.33
  598.54,   226.03,   601.61
  598.30,   222.84,   726.57
  598.06,   219.65,   851.53
  598.37,   350.99,   604.80
  598.13,   347.80,   729.76
  597.90,   344.60,   854.72
  723.70,   101.24,   598.65
  723.47,    98.04,   723.61
  723.23,    94.85,   848.57
  723.54,   226.19,   601.85
  723.30,   223.00,   726.81
  723.06,   219.81,   851.77
  723.37,   351.15,   605.04
  723.13,   347.96,   730.00
  722.90,   344.76,   854.96
  475.89,   224.99,    99.89
  479.03,   222.12,   224.81
  482.17,   219.25,   349.74
  478.71,   349.92,   102.69
  481.85,   347.05,   227.61
  484.98,   344.18,   352.54
  481.53,   474.86,   105.48
  484.66,   471.99,   230.41
  487.80,   469.12,   355.34
  600.82,   222.24,    96.69
  603.96,   219.37,   221.62
  607.10,   216.50,   346.54
  603.64,   347.18,    99.49
  606.78,   344.31,   224.41
  609.91,   341.44,   349.34
  606.45,   472.12,   102.29
  609.59,   469.25,   227.21
  612.73,   466.38,   352.14
  725.75,   219.50,    93.49
  728.89,   216.63,   218.42
  732.03,   213.76,   343.34
  728.57,   344.43,    96.29
  731.70,   341.57,   221.22
  734.84,   338.70,   346.14
  731.38,   469.37,    99.09
  734.52,   466.50,   224.01
  737.66,   463.63,   348.94
  474.33,   224.44,   226.16
  475.44,   221.25,   351.11
  476.54,   218.06,   476.06
  473.45,   349.39,   229.35
  474.55,   346.21,   354.31
  475.66,   343.02,   479.26
  472.56,   474.35,   232.55
  473.67,   471.16,   357.50
  474.77,   467.97,   482.46
  599.32,   225.35,   225.07
  600.43,   222.16,   350.03
  601.53,   218.97,   474.98
  598.44,   350.31,   228.27
  599.54,   347.12,   353.22
  600.65,   343.93,   478.18
  597.55,   475.26,   231.47
  598.66,   472.07,   356.42
  599.77,   468.89,   481.37
  724.32,   226.26,   223.99
  725.42,   223.08,   348.95
  726.53,   219.89,   473.90
  723.43,   351.22,   227.19
  724.54,   348.03,   352.14
  725.64,   344.84,   477.10
  722.55,   476.18,   230.38
  723.65,   472.99,   355.34
  724.76,   469.80,   480.29
  476.83,   225.45,   351.33
  478.83,   224.98,   476.32
  480.83,   224.52,   601.30
  479.12,   350.43,   351.76
  481.13,   349.96,   476.75
  483.13,   349.49,   601.73
  481.42,   475.41,   352.20
  483.43,   474.94,   477.18
  485.43,   474.47,   602.16
  601.79,   223.16,   349.32
  603.79,   222.69,   474.30
  605.80,   222.22,   599.29
  604.09,   348.14,   349.75
  606.09,   347.67,   474.73
  608.10,   347.20,   599.72
  606.39,   473.12,   350.18
  608.39,   472.65,   475.17
  610.39,   472.18,   600.15
  726.75,   220.87,   347.31
  728.76,   220.40,   472.29
  730.76,   219.93,   597.27
  729.05,   345.85,   347.74
  731.05,   345.38,   472.72
  733.06,   344.91,   597.71
  731.35,   470.82,   348.17
  733.35,   470.36,   473.15
  735.36,   469.89,   598.14
  474.32,   225.72,   475.94
  475.46,   227.04,   600.93
  476.60,   228.37,   725.92
  471.16,   350.68,   474.65
  472.30,   352.00,   599.64
  473.45,   353.32,   724.63
  468.01,   475.63,   473.36
  469.15,   476.95,   598.35
  470.29,   478.27,   723.34
  599.27,   228.87,   474.77
  600.41,   230.19,   599.76
  601.56,   231.51,   724.74
  596.12,   353.82,   473.48
  597.26,   355.14,   598.46
  598.40,   356.46,   723.45
  592.96,   478.77,   472.18
  594.10,   480.09,   597.17
  595.25,   481.42,   722.16
  724.23,   232.01,   473.59
  725.37,   233.33,   598.58
  726.51,   234.65,   723.57
  721.07,   356.96,   472.30
  722.21,   358.28,   597.29
  723.36,   359.61,   722.28
  717.92,   481.92,   471.01
  719.06,   483.24,   596.00
  720.20,   484.56,   720.98
  473.37,   223.11,   600.76
  474.43,   222.60,   725.75
  475.48,   222.09,   850.75
  473.69,   348.11,   601.26
  474.74,   347.60,   726.26
  475.80,   347.09,   851.25
  474.00,   473.10,   601.77
  475.06,   472.59,   726.76
  476.11,   472.08,   851.76
  598.37,   222.80,   599.70
  599.42,   222.29,   724.70
  600.48,   221.78,   849.69
  598.68,   347.79,   600.21
  599.74,   347.28,   725.20
  600.79,   346.77,   850.20
  599.00,   472.79,   600.71
  600.05,   472.28,   725.71
  601.11,   471.77,   850.70
  723.36,   222.48,   598.64
  724.42,   221.97,   723.64
  725.47,   221.46,   848.63
  723.68,   347.48,   599.15
  724.73,   346.97,   724.15
  725.79,   346.46,   849.14
  723.99,   472.48,   599.66
  725.05,   471.97,   724.65
  726.10,   471.46,   849.65
  476.88,   348.38,   100.62
  480.51,   345.78,   225.54
  484.15,   343.17,   350.46
  474.68,   473.33,   103.28
  478.32,   470.73,   228.20
  481.95,   468.13,   353.12
  472.48,   598.28,   105.95
  476.12,   595.68,   230.87
  479.76,   593.08,   355.79
  601.81,   350.65,    97.03
  605.44,   348.05,   221.95
  609.08,   345.45,   346.87
  599.61,   475.60,    99.70
  603.25,   473.00,   224.62
  606.88,   470.40,   349.54
  597.41,   600.56,   102.36
  601.05,   597.95,   227.28
  604.69,   595.35,   352.20
  726.73,   352.93,    93.44
  730.37,   350.32,   218.36
  734.01,   347.72,   343.28
  724.54,   477.88,    96.11
  728.17,   475.27,   221.03
  731.81,   472.67,   345.95
  722.34,   602.83,    98.77
  725.98,   600.23,   223.69
  729.61,   597.62,   348.61
  476.68,   349.52,   225.05
  476.43,   348.64,   350.04
  476.18,   347.76,   475.04
  479.07,   474.50,   225.93
  478.81,   473.61,   350.93
  478.56,   472.73,   475.93
  481.45,   599.47,   226.82
  481.20,   598.59,   351.82
  480.95,   597.71,   476.81
  601.66,   347.14,   225.28
  601.41,   346.26,   350.28
  601.16,   345.37,   475.27
  604.04,   472.11,   226.17
  603.79,   471.23,   351.17
  603.54,   470.35,   476.16
  606.42,   597.09,   227.06
  606.17,   596.20,   352.05
  605.92,   595.32,   477.05
  726.64,   344.75,   225.52
  726.39,   343.87,   350.51
  726.13,   342.99,   475.51
  729.02,   469.73,   226.40
  728.77,   468.85,   351.40
  728.52,   467.96,   476.40
  731.40,   594.70,   227.29
  731.15,   593.82,   352.29
  730.90,   592.94,   477.28
  474.50,   349.70,   348.85
  472.90,   352.76,   473.80
  471.30,   355.82,   598.75
  471.93,   474.63,   345.75
  470.33,   477.69,   470.70
  468.73,   480.76,   595.66
  469.35,   599.57,   342.66
  467.75,   602.63,   467.61
  466.16,   605.69,   592.56
  599.47,   352.31,   350.38
  597.87,   355.37,   475.34
  596.27,   358.44,   600.29
  596.89,   477.24,   347.29
  595.29,   480.31,   472.24
  593.69,   483.37,   597.19
  594.32,   602.18,   344.19
  592.72,   605.24,   469.14
  591.12,   608.31,   594.09
  724.43,   354.92,   351.92
  722.83,   357.99,   476.87
  721.23,   361.05,   601.82
  721.85,   479.86,   348.82
  720.26,   482.92,   473.77
  718.66,   485.98,   598.73
  719.28,   604.79,   345.73
  717.68,   607.86,   470.68
  716.08,   610.92,   595.63
  476.66,   348.06,   475.61
  476.24,   349.21,   600.60
  475.82,   350.37,   725.60
  476.77,   473.06,   474.45
  476.35,   474.21,   599.45
  475.93,   475.36,   724.44
  476.88,   598.05,   473.30
  476.46,   599.20,   598.29
  476.04,   600.36,   723.29
  601.66,   347.95,   476.03
  601.24,   349.11,   601.02
  600.82,   350.26,   726.01
  601.77,   472.95,   474.87
  601.35,   474.10,   599.87
  600.93,   475.26,   724.86
  601.88,   597.94,   473.72
  601.46,   599.10,   598.71
  601.04,   600.25,   723.71
  726.66,   347.85,   476.45
  726.24,   349.00,   601.44
  725.82,   350.16,   726.43
  726.77,   472.84,   475.29
  726.35,   474.00,   600.29
  725.93,   475.15,   725.28
  726.88,   597.84,   474.14
  726.46,   598.99,   599.13
  726.04,   600.15,   724.13
  475.58,   348.50,   600.80
  475.58,   345.72,   725.77
  475.58,   342.94,   850.74
  476.36,   473.47,   603.58
  476.36,   470.69,   728.55
  476.36,   467.91,   853.52
  477.14,   598.43,   606.36
  477.14,   595.65,   731.33
  477.14,   592.87,   856.30
  600.57,   347.72,   600.78
  600.57,   344.94,   725.75
  600.57,   342.16,   850.72
  601.36,   472.68,   603.56
  601.36,   469.90,   728.53
  601.36,   467.12,   853.50
  602.14,   597.65,   606.34
  602.14,   594.87,   731.31
  602.14,   592.09,   856.28
  725.57,   346.93,   600.76
  725.57,   344.16,   725.73
  725.57,   341.38,   850.70
  726.35,   471.90,   603.54
  726.35,   469.12,   728.51
  726.35,   466.34,   853.48
  727.14,   596.87,   606.32
  727.14,   594.09,   731.29
  727.14,   591.31,   856.26
  475.86,   475.10,    99.30
  477.69,   472.44,   224.26
  479.53,   469.79,   349.22
  476.29,   600.07,   101.96
  478.12,   597.41,   226.91
  479.96,   594.76,   351.87
  476.72,   725.04,   104.61
  478.55,   722.39,   229.56
  480.39,   719.73,   354.52
  600.84,   474.71,    97.46
  602.68,   472.05,   222.42
  604.52,   469.40,   347.37
  601.27,   599.68,   100.11
  603.11,   597.02,   225.07
  604.95,   594.37,   350.02
  601.70,   724.65,   102.76
  603.54,   722.00,   227.72
  605.38,   719.34,   352.68
  725.83,   474.32,    95.61
  727.67,   471.66,   220.57
  729.50,   469.01,   345.53
  726.26,   599.29,    98.26
  728.10,   596.63,   223.22
  729.93,   593.98,   348.18
  726.69,   724.26,   100.91
  728.53,   721.60,   225.87
  730.36,   718.95,   350.83
  475.89,   474.48,   226.72
  473.80,   474.16,   351.71
  471.71,   473.85,   476.69
  472.62,   599.44,   226.98
  470.53,   599.12,   351.97
  468.44,   598.80,   476.95
  469.35,   724.39,   227.25
  467.26,   724.08,   352.23
  465.17,   723.76,   477.21
  600.83,   477.74,   228.82
  598.74,   477.43,   353.80
  596.65,   477.11,   478.78
  597.56,   602.70,   229.08
  595.47,   602.38,   354.06
  593.38,   602.07,   479.05
  594.29,   727.66,   229.34
  592.20,   727.34,   354.32
  590.11,   727.02,   479.31
  725.77,   481.01,   230.92
  723.68,   480.69,   355.90
  721.59,   480.37,   480.88
  722.50,   605.96,   231.18
  720.41,   605.65,   356.16
  718.32,   605.33,   481.14
  719.23,   730.92,   231.44
  717.14,   730.60,   356.42
  715.05,   730.29,   481.40
  474.34,   474.68,   351.56
  475.36,   476.97,   476.54
  476.38,   479.27,   601.51
  475.84,   599.65,   349.26
  476.86,   601.94,   474.23
  477.88,   604.24,   599.21
  477.34,   724.62,   346.95
  478.36,   726.91,   471.92
  479.38,   729.21,   596.90
  599.32,   473.16,   350.57
  600.34,   475.46,   475.55
  601.36,   477.75,   600.52
  600.82,   598.13,   348.27
  601.84,   600.43,   473.24
  602.86,   602.72,   598.22
  602.32,   723.10,   345.96
  603.34,   725.40,   470.93
  604.36,   727.69,   595.91
  724.31,   471.64,   349.58
  725.33,   473.94,   474.56
  726.35,   476.23,   599.53
  725.81,   596.61,   347.28
  726.83,   598.91,   472.25
  727.85,   601.20,   597.22
  727.31,   721.58,   344.97
  728.33,   723.88,   469.94
  729.35,   726.17,   594.92
  474.61,   474.38,   473.95
  475.32,   476.37,   598.93
  476.03,   478.36,   723.92
  476.00,   599.35,   471.95
  476.71,   601.34,   596.94
  477.42,   603.33,   721.92
  477.39,   724.33,   469.96
  478.10,   726.32,   594.94
  478.81,   728.31,   719.92
  599.60,   472.98,   473.26
  600.31,   474.96,   598.24
  601.02,   476.95,   723.23
  600.99,   597.95,   471.26
  601.70,   599.94,   596.25
  602.41,   601.93,   721.23
  602.38,   722.93,   469.27
  603.09,   724.92,   594.25
  603.80,   726.91,   719.23
  724.59,   471.57,   472.57
  725.30,   473.56,   597.55
  726.01,   475.55,   722.54
  725.98,   596.55,   470.58
  726.69,   598.54,   595.56
  727.40,   600.53,   720.54
  727.37,   721.53,   468.58
  728.08,   723.52,   593.56
  728.79,   725.50,   718.54
  475.15,   475.34,   598.46
  471.46,   478.65,   723.36
  467.78,   481.96,   848.26
  472.22,   600.26,   595.06
  468.54,   603.57,   719.96
  464.85,   606.88,   844.87
  469.30,   725.18,   591.67
  465.61,   728.49,   716.57
  461.93,   731.80,   841.47
  600.06,   478.36,   602.07
  596.38,   481.67,   726.97
  592.69,   484.98,   851.87
  597.14,   603.28,   598.67
  593.45,   606.59,   723.57
  589.76,   609.90,   848.47
  594.21,   728.20,   595.27
  590.52,   731.51,   720.18
  586.84,   734.82,   845.08
  724.97,   481.39,   605.67
  721.29,   484.69,   730.57
  717.60,   488.00,   855.48
  722.05,   606.31,   602.28
  718.36,   609.61,   727.18
  714.67,   612.92,   852.08
  719.12,   731.22,   598.88
  715.44,   734.53,   723.78
  711.75,   737.84,   848.68
  474.29,   600.08,    98.55
  477.36,   598.86,   223.51
  480.43,   597.64,   348.46
  474.84,   725.07,    99.76
  477.91,   723.85,   224.71
  480.98,   722.63,   349.67
  475.39,   850.06,   100.96
  478.46,   848.84,   225.92
  481.53,   847.62,   350.88
  599.25,   599.56,    95.48
  602.32,   598.34,   220.43
  605.39,   597.12,   345.39
  599.80,   724.55,    96.68
  602.87,   723.33,   221.64
  605.94,   722.11,   346.59
  600.35,   849.54,    97.89
  603.42,   848.32,   222.84
  606.49,   847.10,   347.80
  724.21,   599.04,    92.40
  727.28,   597.82,   217.36
  730.35,   596.60,   342.31
  724.76,   724.03,    93.61
  727.83,   722.81,   218.56
  730.90,   721.59,   343.52
  725.31,   849.02,    94.81
  728.38,   847.80,   219.77
  731.45,   846.58,   344.72
  475.53,   600.81,   225.46
  474.07,   599.68,   350.45
  472.62,   598.55,   475.43
  476.08,   725.80,   226.60
  474.62,   724.67,   351.59
  473.17,   723.54,   476.57
  476.63,   850.80,   227.74
  475.17,   849.67,   352.72
  473.71,   848.53,   477.71
  600.52,   600.25,   226.91
  599.06,   599.12,   351.90
  597.61,   597.98,   476.88
  601.07,   725.24,   228.05
  599.61,   724.11,   353.04
  598.16,   722.98,   478.02
  601.62,   850.24,   229.19
  600.16,   849.10,   354.18
  598.70,   847.97,   479.16
  725.51,   599.69,   228.36
  724.05,   598.56,   353.35
  722.60,   597.42,   478.33
  726.06,   724.68,   229.50
  724.60,   723.55,   354.49
  723.15,   722.42,   479.47
  726.61,   849.68,   230.64
  725.15,   848.54,   355.63
  723.69,   847.41,   480.61
  475.64,   598.08,   349.63
  476.25,   594.65,   474.58
  476.85,   591.22,   599.53
  476.25,   723.04,   353.06
  476.85,   719.60,   478.01
  477.46,   716.17,   602.96
  476.85,   847.99,   356.49
  477.46,   844.55,   481.44
  478.06,   841.12,   606.39
  600.64,   597.50,   349.01
  601.25,   594.06,   473.96
  601.85,   590.63,   598.91
  601.25,   722.45,   352.44
  601.85,   719.02,   477.39
  602.45,   715.58,   602.34
  601.85,   847.40,   355.87
  602.45,   843.97,   480.82
  603.06,   840.54,   605.77
  725.64,   596.91,   348.39
  726.24,   593.48,   473.34
  726.85,   590.05,   598.29
  726.24,   721.86,   351.82
  726.85,   718.43,   476.77
  727.45,   715.00,   601.72
  726.85,   846.81,   355.25
  727.45,   843.38,   480.20
  728.06,   839.95,   605.15
  473.89,   598.86,   475.99
  470.48,   598.51,   600.94
  467.06,   598.17,   725.89
  477.39,   723.81,   476.43
  473.98,   723.46,   601.38
  470.57,   723.12,   726.33
  480.89,   848.76,   476.87
  477.48,   848.41,   601.82
  474.07,   848.07,   726.77
  598.79,   595.34,   479.39
  595.38,   595.00,   604.34
  591.97,   594.66,   729.30
  602.30,   720.29,   479.83
  598.88,   719.95,   604.78
  595.47,   719.61,   729.73
  605.80,   845.24,   480.27
  602.39,   844.90,   605.22
  598.97,   844.56,   730.17
  723.70,   591.83,   482.79
  720.29,   591.49,   607.74
  716.87,   591.14,   732.70
  727.20,   716.78,   483.23
  723.79,   716.44,   608.18
  720.38,   716.09,   733.14
  730.70,   841.73,   483.67
  727.29,   841.39,   608.62
  723.88,   841.04,   733.57
  475.93,   601.14,   601.02
  474.66,   598.77,   725.99
  473.39,   596.40,   850.96
  474.14,   726.11,   603.37
  472.87,   723.73,   728.34
  471.60,   721.36,   853.31
  472.35,   851.07,   605.73
  471.08,   848.70,   730.70
  469.81,   846.33,   855.67
  600.91,   602.91,   602.32
  599.64,   600.54,   727.29
  598.37,   598.16,   852.26
  599.12,   727.87,   604.67
  597.85,   725.50,   729.64
  596.58,   723.13,   854.61
  597.33,   852.84,   607.03
  596.06,   850.47,   732.00
  594.79,   848.09,   856.97
  725.89,   604.67,   603.62
  724.62,   602.30,   728.59
  723.35,   599.93,   853.56
  724.10,   729.64,   605.98
  722.83,   727.27,   730.95
  721.56,   724.89,   855.92
  722.31,   854.60,   608.33
  721.04,   852.23,   733.30
  719.77,   849.86,   858.27
  599.79,    99.62,    98.21
  597.19,   102.00,   223.16
  594.60,   104.38,   348.11
  599.72,   224.60,    95.83
  597.13,   226.98,   220.78
  594.53,   229.35,   345.73
  599.66,   349.57,    93.45
  597.06,   351.95,   218.40
  594.46,   354.33,   343.35
  724.77,    99.74,   100.81
  722.17,   102.12,   225.76
  719.57,   104.49,   350.71
  724.70,   224.72,    98.43
  722.10,   227.09,   223.38
  719.50,   229.47,   348.33
  724.63,   349.69,    96.05
  722.03,   352.07,   221.00
  719.43,   354.45,   345.95
  849.74,    99.86,   103.41
  847.14,   102.23,   228.36
  844.54,   104.61,   353.31
  849.67,   224.83,   101.03
  847.07,   227.21,   225.98
  844.47,   229.59,   350.93
  849.60,   349.81,    98.65
  847.00,   352.19,   223.60
  844.40,   354.57,   348.55
  598.98,    98.60,   224.40
  600.82,    98.92,   349.38
  602.67,    99.24,   474.37
  595.28,   223.54,   224.13
  597.13,   223.86,   349.12
  598.97,   224.18,   474.10
  591.59,   348.49,   223.87
  593.43,   348.81,   348.85
  595.27,   349.13,   473.84
  723.91,   102.29,   222.55
  725.75,   102.61,   347.53
  727.60,   102.93,   472.52
  720.21,   227.24,   222.28
  722.06,   227.56,   347.27
  723.90,   227.88,   472.25
  716.52,   352.18,   222.02
  718.36,   352.50,   347.00
  720.21,   352.82,   471.99
  848.84,   105.98,   220.69
  850.69,   106.30,   345.68
  852.53,   106.62,   470.67
  845.15,   230.93,   220.43
  846.99,   231.25,   345.41
  848.83,   231.57,   470.40
  841.45,   355.87,   220.16
  843.29,   356.19,   345.15
  845.14,   356.51,   470.14
  599.85,    98.36,   350.00
  598.64,    95.06,   474.96
  597.43,    91.77,   599.91
  598.51,   223.31,   353.28
  597.30,   220.01,   478.24
  596.09,   216.72,   603.19
  597.16,   348.26,   356.57
  595.95,   344.96,   481.52
  594.74,   341.67,   606.47
  724.84,    99.67,   351.25
  723.63,    96.38,   476.20
  722.42,    93.08,   601.15
  723.50,   224.62,   354.53
  722.28,   221.33,   479.48
  721.07,   218.03,   604.43
  722.15,   349.57,   357.81
  720.94,   346.28,   482.76
  719.73,   342.98,   607.71
  849.83,   100.98,   352.50
  848.62,    97.69,   477.45
  847.41,    94.40,   602.40
  848.48,   225.93,   355.78
  847.27,   222.64,   480.73
  846.06,   219.35,   605.68
  847.14,   350.88,   359.06
  845.93,   347.59,   484.01
  844.72,   344.30,   608.96
  600.81,   101.09,   475.12
  601.58,   103.16,   600.10
  602.34,   105.23,   725.08
  600.79,   226.07,   473.05
  601.55,   228.14,   598.03
  602.31,   230.21,   723.01
  600.76,   351.05,   470.98
  601.52,   353.12,   595.96
  602.28,   355.19,   720.94
  725.81,   101.10,   474.36
  726.57,   103.17,   599.34
  727.34,   105.24,   724.32
  725.78,   226.08,   472.29
  726.55,   228.15,   597.27
  727.31,   230.22,   722.25
  725.76,   351.07,   470.22
  726.52,   353.14,   595.20
  727.28,   355.21,   720.18
  850.81,   101.12,   473.60
  851.57,   103.19,   598.58
  852.33,   105.26,   723.56
  850.78,   226.10,   471.53
  851.54,   228.17,   596.51
  852.31,   230.24,   721.49
  850.75,   351.08,   469.46
  851.52,   353.15,   594.44
  852.28,   355.22,   719.42
  599.82,    99.31,   601.48
  596.12,    99.78,   726.42
  592.42,   100.25,   851.37
  601.07,   224.30,   601.04
  597.37,   224.77,   725.98
  593.67,   225.25,   850.93
  602.32,   349.29,   600.60
  598.62,   349.77,   725.55
  594.93,   350.24,   850.49
  724.76,    98.07,   605.18
  721.06,    98.54,   730.12
  717.36,    99.02,   855.07
  726.01,   223.06,   604.74
  722.31,   223.53,   729.69
  718.61,   224.01,   854.63
  727.26,   348.05,   604.31
  723.56,   348.53,   729.25
  719.87,   349.00,   854.19
  849.70,    96.83,   608.88
  846.00,    97.30,   733.83
  842.30,    97.78,   858.77
  850.95,   221.82,   608.45
  847.25,   222.30,   733.39
  843.55,   222.77,   858.33
  852.20,   346.82,   608.01
  848.50,   347.29,   732.95
  844.80,   347.76,   857.90
  601.88,   226.26,    99.88
  600.26,   225.56,   224.87
  598.63,   224.87,   349.85
  605.44,   351.21,   100.62
  603.81,   350.51,   225.61
  602.19,   349.81,   350.60
  608.99,   476.16,   101.37
  607.37,   475.46,   226.35
  605.75,   474.76,   351.34
  726.82,   222.70,   101.48
  725.20,   222.00,   226.47
  723.57,   221.30,   351.46
  730.38,   347.64,   102.23
  728.75,   346.95,   227.21
  727.13,   346.25,   352.20
  733.93,   472.59,   102.97
  732.31,   471.89,   227.96
  730.68,   471.20,   352.95
  851.76,   219.13,   103.09
  850.14,   218.43,   228.08
  848.51,   217.74,   353.06
  855.32,   344.08,   103.83
  853.69,   343.38,   228.82
  852.07,   342.68,   353.81
  858.87,   469.02,   104.57
  857.25,   468.33,   229.56
  855.62,   467.63,   354.55
  598.81,   223.97,   225.88
  598.43,   224.78,   350.88
  598.06,   225.58,   475.87
  601.25,   348.94,   225.08
  600.87,   349.75,   350.08
  600.50,   350.56,   475.08
  603.68,   473.92,   224.28
  603.31,   474.72,   349.28
  602.94,   475.53,   474.28
  723.78,   221.53,   226.27
  723.41,   222.34,   351.27
  723.03,   223.15,   476.26
  726.22,   346.51,   225.47
  725.85,   347.31,   350.47
  725.47,   348.12,   475.47
  728.66,   471.48,   224.67
  728.29,   472.29,   349.67
  727.91,   473.09,   474.67
  848.76,   219.10,   226.66
  848.38,   219.90,   351.66
  848.01,   220.71,   476.65
  851.20,   344.07,   225.86
  850.82,   344.88,   350.86
  850.45,   345.68,   475.86
  853.64,   469.04,   225.06
  853.26,   469.85,   350.06
  852.89,   470.66,   475.06
  598.33,   224.96,   351.02
  598.93,   225.95,   476.01
  599.53,   226.94,   601.01
  595.26,   349.92,   350.04
  595.85,   350.91,   475.04
  596.45,   351.90,   600.03
  592.18,   474.87,   349.06
  592.77,   475.87,   474.06
  593.37,   476.86,   599.05
  723.29,   228.03,   350.40
  723.89,   229.02,   475.39
  724.49,   230.01,   600.38
  720.22,   352.99,   349.42
  720.81,   353.98,   474.41
  721.41,   354.97,   599.41
  717.14,   477.95,   348.44
  717.73,   478.94,   473.44
  718.33,   479.93,   598.43
  848.26,   231.11,   349.77
  848.85,   232.10,   474.77
  849.45,   233.09,   599.76
  845.18,   356.06,   348.80
  845.77,   357.06,   473.79
  846.37,   358.05,   598.79
  842.10,   481.02,   347.82
  842.70,   482.01,   472.82
  843.29,   483.01,   597.81
  600.85,   225.12,   475.12
  598.14,   225.04,   600.09
  595.43,   224.96,   725.07
  603.81,   350.09,   475.27
  601.10,   350.01,   600.24
  598.38,   349.93,   725.21
  606.76,   475.05,   475.41
  604.05,   474.97,   600.38
  601.34,   474.89,   725.35
  725.79,   222.17,   477.84
  723.08,   222.09,   602.81
  720.36,   222.01,   727.78
  728.74,   347.13,   477.98
  726.03,   347.05,   602.95
  723.32,   346.97,   727.92
  731.70,   472.10,   478.12
  728.99,   472.02,   603.09
  726.27,   471.94,   728.06
  850.73,   219.21,   480.55
  848.01,   219.13,   605.52
  845.30,   219.05,   730.49
  853.68,   344.17,   480.69
  850.97,   344.09,   605.66
  848.25,   344.01,   730.63
  856.64,   469.14,   480.83
  853.92,   469.06,   605.81
  851.21,   468.98,   730.78
  599.15,   223.16,   599.34
  598.55,   222.15,   724.34
  597.94,   221.14,   849.33
  599.70,   348.15,   600.36
  599.10,   347.14,   725.35
  598.49,   346.13,   850.35
  600.25,   473.15,   601.37
  599.64,   472.14,   726.36
  599.04,   471.13,   851.36
  724.15,   222.61,   599.94
  723.55,   221.60,   724.94
  722.94,   220.59,   849.93
  724.70,   347.60,   600.96
  724.09,   346.59,   725.95
  723.49,   345.58,   850.95
  725.24,   472.60,   601.97
  724.64,   471.59,   726.97
  724.03,   470.58,   851.96
  849.15,   222.06,   600.54
  848.54,   221.05,   725.54
  847.94,   220.04,   850.53
  849.70,   347.05,   601.56
  849.09,   346.04,   726.55
  848.48,   345.03,   851.55
  850.24,   472.05,   602.57
  849.64,   471.04,   727.57
  849.03,   470.02,   852.56
  598.14,   348.36,    98.16
  601.38,   345.81,   223.09
  604.61,   343.26,   348.02
  598.59,   473.33,   100.70
  601.83,   470.78,   225.63
  605.06,   468.23,   350.56
  599.04,   598.31,   103.24
  602.28,   595.75,   228.17
  605.51,   593.20,   353.10
  723.10,   347.98,    94.91
  726.34,   345.42,   219.85
  729.57,   342.87,   344.78
  723.55,   472.95,    97.45
  726.79,   470.40,   222.39
  730.02,   467.85,   347.32
  724.00,   597.92,    99.99
  727.23,   595.37,   224.93
  730.47,   592.82,   349.86
  848.06,   347.59,    91.67
  851.29,   345.04,   216.60
  854.53,   342.49,   341.53
  848.51,   472.57,    94.21
  851.74,   470.01,   219.14
  854.98,   467.46,   344.07
  848.96,   597.54,    96.75
  852.19,   594.99,   221.68
  855.43,   592.44,   346.61
  600.52,   348.23,   223.02
  601.81,   348.99,   348.02
  603.10,   349.76,   473.01
  599.74,   473.23,   222.27
  601.03,   473.99,   347.26
  602.33,   474.75,   472.25
  598.96,   598.22,   221.51
  600.25,   598.98,   346.51
  601.55,   599.75,   471.50
  725.51,   349.00,   221.73
  726.80,   349.77,   346.72
  728.10,   350.53,   471.71
  724.73,   474.00,   220.97
  726.02,   474.76,   345.96
  727.32,   475.52,   470.95
  723.95,   598.99,   220.22
  725.24,   599.76,   345.21
  726.54,   600.52,   470.20
  850.50,   349.77,   220.43
  851.79,   350.54,   345.42
  853.09,   351.30,   470.41
  849.72,   474.77,   219.67
  851.01,   475.53,   344.66
  852.31,   476.30,   469.65
  848.94,   599.76,   218.92
  850.23,   600.53,   343.91
  851.53,   601.29,   468.90
  599.50,   349.08,   351.40
  600.54,   346.89,   476.38
  601.58,   344.70,   601.36
  598.12,   474.05,   353.61
  599.15,   471.86,   478.58
  600.19,   469.67,   603.56
  596.73,   599.02,   355.81
  597.77,   596.83,   480.78
  598.81,   594.64,   605.76
  724.49,   350.48,   350.39
  725.53,   348.29,   475.37
  726.56,   346.10,   600.35
  723.11,   475.45,   352.59
  724.14,   473.26,   477.57
  725.18,   471.07,   602.55
  721.72,   600.42,   354.79
  722.76,   598.23,   479.77
  723.80,   596.05,   604.75
  849.48,   351.88,   349.38
  850.51,   349.69,   474.36
  851.55,   347.50,   599.33
  848.09,   476.85,   351.58
  849.13,   474.66,   476.56
  850.17,   472.47,   601.53
  846.71,   601.83,   353.78
  847.75,   599.64,   478.76
  848.78,   597.45,   603.73
  601.20,   350.32,   474.93
  601.82,   349.44,   599.93
  602.44,   348.55,   724.92
  602.91,   475.31,   475.81
  603.53,   474.42,   600.80
  604.15,   473.53,   725.80
  604.62,   600.30,   476.69
  605.24,   599.41,   601.68
  605.85,   598.52,   726.68
  726.19,   348.62,   474.30
  726.81,   347.73,   599.30
  727.43,   346.85,   724.29
  727.90,   473.61,   475.18
  728.52,   472.72,   600.17
  729.13,   471.83,   725.17
  729.61,   598.59,   476.06
  730.22,   597.70,   601.05
  730.84,   596.82,   726.05
  851.18,   346.92,   473.67
  851.80,   346.03,   598.67
  852.41,   345.14,   723.66
  852.89,   471.90,   474.55
  853.50,   471.02,   599.55
  854.12,   470.13,   724.54
  854.59,   596.89,   475.43
  855.21,   596.00,   600.42
  855.83,   595.11,   725.42
  601.80,   351.34,   599.38
  599.20,   352.42,   724.35
  596.60,   353.50,   849.32
  602.54,   476.33,   598.32
  599.94,   477.41,   723.29
  597.33,   478.49,   848.25
  603.27,   601.32,   597.25
  600.67,   602.40,   722.22
  598.07,   603.48,   847.19
  726.77,   350.62,   601.99
  724.17,   351.70,   726.96
  721.57,   352.78,   851.93
  727.51,   475.62,   600.93
  724.91,   476.70,   725.89
  722.30,   477.78,   850.86
  728.24,   600.61,   599.86
  725.64,   601.69,   724.83
  723.04,   602.77,   849.80
  851.75,   349.91,   604.60
  849.14,   350.99,   729.57
  846.54,   352.07,   854.54
  852.48,   474.91,   603.53
  849.88,   475.99,   728.50
  847.28,   477.07,   853.47
  853.22,   599.90,   602.47
  850.61,   600.98,   727.44
  848.01,   602.06,   852.41
  599.37,   476.03,    98.96
  599.93,   475.51,   223.96
  600.48,   474.99,   348.96
  595.65,   600.97,    99.49
  596.20,   600.45,   224.49
  596.76,   599.94,   349.49
  591.92,   725.91,   100.03
  592.48,   725.40,   225.02
  593.04,   724.88,   350.02
  724.31,   479.75,    98.42
  724.87,   479.23,   223.42
  725.43,   478.72,   348.42
  720.59,   604.70,    98.95
  721.15,   604.18,   223.95
  721.70,   603.66,   348.95
  716.87,   729.64,    99.49
  717.42,   729.12,   224.48
  717.98,   728.60,   349.48
  849.26,   483.48,    97.88
  849.81,   482.96,   222.88
  850.37,   482.44,   347.88
  845.53,   608.42,    98.41
  846.09,   607.90,   223.41
  846.65,   607.39,   348.41
  841.81,   733.36,    98.95
  842.37,   732.85,   223.94
  842.92,   732.33,   348.94
  598.62,   475.74,   224.45
  597.05,   478.56,   349.40
  595.47,   481.37,   474.36
  595.45,   600.67,   221.59
  593.87,   603.48,   346.55
  592.30,   606.30,   471.51
  592.28,   725.60,   218.74
  590.70,   728.41,   343.70
  589.12,   731.22,   468.66
  723.57,   478.95,   225.95
  722.00,   481.76,   350.91
  720.42,   484.58,   475.87
  720.40,   603.88,   223.10
  718.82,   606.69,   348.06
  717.25,   609.50,   473.01
  717.23,   728.80,   220.25
  715.65,   731.62,   345.20
  714.07,   734.43,   470.16
  848.52,   482.16,   227.45
  846.95,   484.97,   352.41
  845.37,   487.78,   477.37
  845.35,   607.08,   224.60
  843.77,   609.90,   349.56
  842.20,   612.71,   474.52
  842.18,   732.01,   221.75
  840.60,   734.82,   346.71
  839.02,   737.64,   471.67
  599.38,   474.77,   351.81
  600.69,   475.08,   476.80
  602.00,   475.40,   601.79
  600.59,   599.76,   351.48
  601.90,   600.08,   476.47
  603.21,   600.39,   601.46
  601.80,   724.75,   351.15
  603.11,   725.07,   476.14
  604.42,   725.39,   601.13
  724.37,   473.55,   350.50
  725.68,   473.87,   475.49
  726.98,   474.18,   600.49
  725.58,   598.55,   350.17
  726.89,   598.86,   475.17
  728.20,   599.18,   600.16
  726.79,   723.54,   349.84
  728.10,   723.86,   474.84
  729.41,   724.17,   599.83
  849.36,   472.34,   349.20
  850.67,   472.66,   474.19
  851.97,   472.97,   599.18
  850.57,   597.33,   348.87
  851.88,   597.65,   473.86
  853.18,   597.96,   598.85
  851.78,   722.33,   348.54
  853.09,   722.64,   473.53
  854.39,   722.96,   598.53
  600.46,   474.59,   474.78
  604.03,   474.56,   599.73
  607.61,   474.54,   724.68
  598.47,   599.58,   474.87
  602.04,   599.55,   599.82
  605.61,   599.52,   724.77
  596.47,   724.56,   474.95
  600.05,   724.53,   599.90
  603.62,   724.50,   724.85
  725.39,   476.59,   471.21
  728.97,   476.56,   596.16
  732.54,   476.53,   721.11
  723.40,   601.57,   471.29
  726.97,   601.54,   596.24
  730.55,   601.51,   721.19
  721.41,   726.55,   471.38
  724.98,   726.53,   596.33
  728.55,   726.50,   721.28
  850.32,   478.58,   467.64
  853.90,   478.55,   592.58
  857.47,   478.52,   717.53
  848.33,   603.57,   467.72
  851.91,   603.54,   592.67
  855.48,   603.51,   717.62
  846.34,   728.55,   467.81
  849.91,   728.52,   592.76
  853.49,   728.49,   717.70
  599.10,   473.00,   601.75
  595.76,   471.14,   726.69
  592.41,   469.27,   851.63
  596.07,   597.95,   603.53
  592.73,   596.09,   728.47
  589.38,   594.22,   853.41
  593.05,   722.90,   605.31
  589.70,   721.04,   730.26
  586.35,   719.17,   855.20
  724.02,   475.98,   605.14
  720.68,   474.12,   730.08
  717.33,   472.25,   855.02
  720.99,   600.93,   606.92
  717.65,   599.07,   731.86
  714.30,   597.20,   856.80
  717.96,   725.88,   608.70
  714.62,   724.02,   733.64
  711.27,   722.15,   858.59
  848.94,   478.96,   608.53
  845.59,   477.10,   733.47
  842.25,   475.23,   858.41
  845.91,   603.91,   610.31
  842.57,   602.05,   735.25
  839.22,   600.18,   860.19
  842.88,   728.86,   612.09
  839.54,   727.00,   737.03
  836.19,   725.13,   861.98
  601.34,   600.07,   101.07
  597.99,   601.65,   226.02
  594.64,   603.24,   350.96
  604.08,   725.03,    99.56
  600.73,   726.61,   224.51
  597.38,   728.20,   349.45
  606.81,   849.99,    98.05
  603.47,   851.57,   223.00
  600.12,   853.16,   347.94
  726.26,   597.37,   104.45
  722.92,   598.96,   229.40
  719.57,   600.54,   354.34
  729.00,   722.33,   102.94
  725.65,   723.92,   227.89
  722.31,   725.50,   352.83
  731.74,   847.29,   101.43
  728.39,   848.88,   226.38
  725.05,   850.46,   351.32
  851.19,   594.68,   107.83
  847.84,   596.26,   232.78
  844.49,   597.84,   357.72
  853.93,   719.64,   106.32
  850.58,   721.22,   231.27
  847.23,   722.80,   356.21
  856.66,   844.60,   104.81
  853.32,   846.18,   229.76
  849.97,   847.76,   354.70
  598.38,   601.25,   224.14
  597.61,   603.51,   349.11
  596.85,   605.78,   474.09
  600.10,   726.22,   221.88
  599.33,   728.48,   346.86
  598.56,   730.75,   471.84
  601.82,   851.19,   219.63
  601.05,   853.45,   344.61
  600.28,   855.71,   469.58
  723.37,   599.55,   224.93
  722.60,   601.81,   349.91
  721.83,   604.07,   474.89
  725.09,   724.51,   222.68
  724.32,   726.78,   347.66
  723.55,   729.04,   472.64
  726.81,   849.48,   220.43
  726.04,   851.75,   345.41
  725.27,   854.01,   470.38
  848.35,   597.84,   225.73
  847.59,   600.11,   350.71
  846.82,   602.37,   475.69
  850.07,   722.81,   223.48
  849.30,   725.07,   348.46
  848.54,   727.34,   473.44
  851.79,   847.78,   221.23
  851.02,   850.04,   346.21
  850.25,   852.30,   471.18
  598.68,   598.57,   349.32
  600.78,   599.85,   474.30
  602.88,   601.13,   599.28
  600.90,   723.54,   348.01
  603.00,   724.82,   472.98
  605.10,   726.10,   597.96
  603.12,   848.51,   346.69
  605.22,   849.79,   471.66
  607.32,   851.07,   596.64
  723.64,   596.32,   347.25
  725.74,   597.61,   472.22
  727.84,   598.89,   597.20
  725.86,   721.30,   345.93
  727.96,   722.58,   470.91
  730.06,   723.86,   595.88
  728.08,   846.27,   344.61
  730.18,   847.55,   469.59
  732.28,   848.83,   594.56
  848.60,   594.08,   345.17
  850.70,   595.36,   470.15
  852.80,   596.64,   595.12
  850.82,   719.06,   343.85
  852.92,   720.34,   468.83
  855.02,   721.62,   593.81
  853.04,   844.03,   342.54
  855.14,   845.31,   467.51
  857.24,   846.59,   592.49
  598.23,   598.09,   474.93
  601.65,   594.80,   599.84
  605.07,   591.52,   724.75
  602.02,   722.99,   478.11
  605.44,   719.70,   603.02
  608.85,   716.42,   727.93
  605.80,   847.89,   481.29
  609.22,   844.61,   606.20
  612.64,   841.32,   731.11
  723.13,   594.39,   471.42
  726.55,   591.11,   596.33
  729.96,   587.82,   721.24
  726.91,   719.29,   474.60
  730.33,   716.01,   599.51
  733.75,   712.73,   724.42
  730.70,   844.19,   477.77
  734.12,   840.91,   602.68
  737.54,   837.63,   727.59
  848.02,   590.69,   467.90
  851.44,   587.41,   592.81
  854.86,   584.13,   717.72
  851.81,   715.59,   471.08
  855.23,   712.31,   595.99
  858.65,   709.03,   720.90
  855.60,   840.50,   474.26
  859.01,   837.21,   599.17
  862.43,   833.93,   724.08
  599.67,   600.50,   600.04
  603.24,   601.41,   724.98
  606.81,   602.31,   849.93
  602.96,   725.46,   599.04
  606.53,   726.36,   723.99
  610.10,   727.26,   848.93
  606.25,   850.41,   598.04
  609.82,   851.31,   722.99
  613.39,   852.21,   847.94
  724.57,   597.18,   596.49
  728.14,   598.09,   721.44
  731.71,   598.99,   846.38
  727.87,   722.14,   595.50
  731.43,   723.04,   720.44
  735.00,   723.94,   845.39
  731.16,   847.09,   594.50
  734.73,   847.99,   719.45
  738.30,   848.89,   844.39
  849.48,   593.86,   592.95
  853.05,   594.77,   717.89
  856.62,   595.67,   842.84
  852.77,   718.82,   591.95
  856.34,   719.72,   716.90
  859.91,   720.62,   841.84
  856.06,   843.77,   590.96
  859.63,   844.67,   715.90
  863.20,   845.57,   840.85
