27, 125, pa2-debug-e-output1.txt
  206.62,   194.97,   204.18
  407.05,   396.14,   190.91
  101.01,   101.39,   100.93
  102.78,   100.47,   226.48
  103.84,    99.21,   351.90
   98.21,   226.08,   102.59
   99.69,   225.56,   227.78
  100.23,   224.06,   352.89
   94.58,   350.74,   103.80
   96.23,   350.33,   228.84
   97.96,   349.12,   353.37
  226.52,   104.16,    99.54
  227.87,   103.18,   225.05
  228.71,   102.54,   350.22
  223.14,   229.20,   101.41
  224.47,   228.61,   226.39
  226.44,   227.85,   351.44
  219.19,   354.44,   102.11
  220.56,   353.78,   226.81
  222.95,   351.93,   351.88
  350.84,   106.65,    97.66
  352.31,   105.05,   222.66
  353.79,   104.64,   347.13
  347.03,   232.06,    98.80
  348.79,   230.35,   223.51
  351.32,   229.26,   348.60
  343.94,   357.87,    99.66
  345.46,   356.69,   224.82
  347.82,   354.31,   350.42
  101.66,    99.47,   225.54
  100.18,    96.87,   350.95
   98.21,    94.11,   475.67
   98.65,   224.55,   228.13
   96.50,   221.64,   353.20
   95.14,   218.81,   478.25
   95.26,   349.32,   230.47
   94.34,   346.76,   354.99
   93.55,   344.10,   479.51
  226.77,   102.12,   226.78
  224.96,   100.13,   351.96
  223.20,    97.98,   476.93
  223.45,   227.54,   229.40
  222.77,   225.46,   354.47
  221.55,   222.65,   479.52
  219.62,   352.66,   231.10
  219.42,   349.49,   356.16
  219.01,   346.00,   481.22
  351.23,   103.91,   227.03
  350.05,   102.20,   351.54
  348.84,   100.19,   476.74
  347.81,   229.14,   229.17
  347.72,   226.79,   354.29
  346.75,   224.22,   479.90
  344.53,   355.42,   231.78
  344.29,   351.70,   357.35
  343.82,   348.20,   482.64
   99.50,   100.60,   351.07
   95.02,   100.36,   475.81
   91.94,   100.66,   600.31
   98.54,   225.51,   350.76
   94.71,   225.22,   475.73
   91.93,   225.53,   600.29
   98.91,   350.64,   349.97
   95.66,   350.54,   474.43
   92.30,   350.42,   599.19
  224.32,   101.34,   354.52
  220.09,   101.78,   479.49
  216.07,   101.66,   603.88
  224.74,   226.68,   354.42
  221.06,   226.44,   479.45
  216.41,   225.63,   604.18
  223.93,   350.78,   353.56
  221.08,   349.84,   478.58
  217.11,   349.44,   603.40
  349.39,   100.87,   356.51
  345.73,   101.43,   481.74
  342.06,   101.18,   607.34
  349.68,   225.45,   356.66
  346.21,   225.47,   482.29
  341.53,   225.24,   607.67
  348.83,   350.42,   357.16
  345.88,   349.52,   482.44
  342.18,   349.51,   607.36
   97.21,    99.80,   476.36
   96.07,    99.19,   600.88
   95.62,    98.78,   724.97
   94.88,   224.61,   477.18
   94.08,   224.01,   601.79
   93.01,   223.32,   726.45
   93.78,   349.92,   476.77
   92.43,   348.86,   601.59
   90.80,   347.73,   726.93
  222.35,   103.23,   478.05
  220.32,   102.18,   602.50
  218.65,   100.33,   726.93
  221.27,   227.84,   478.91
  218.61,   226.11,   603.68
  216.19,   224.23,   729.06
  219.23,   351.23,   478.93
  217.26,   349.91,   603.80
  214.79,   349.46,   729.11
  348.03,   104.85,   478.29
  346.33,   103.69,   603.94
  345.26,   101.38,   729.96
  346.44,   228.88,   479.77
  343.79,   227.72,   605.18
  341.70,   226.83,   730.36
  344.05,   352.93,   480.82
  342.38,   351.99,   605.78
  339.98,   352.03,   730.78
   98.94,   100.78,   600.92
  100.48,   104.88,   724.99
  100.07,   108.14,   848.61
   97.77,   225.53,   597.31
   98.72,   229.31,   721.96
   98.92,   232.51,   847.12
   96.98,   350.32,   592.57
   97.38,   353.75,   717.82
   97.26,   357.29,   843.77
  223.30,   102.95,   600.34
  223.70,   105.55,   724.92
  224.75,   108.33,   849.39
  222.45,   226.86,   596.97
  222.16,   229.53,   722.27
  223.10,   233.26,   847.11
  221.92,   350.56,   592.58
  221.61,   354.64,   717.76
  222.26,   359.38,   843.85
  349.34,   103.64,   599.51
  350.37,   105.88,   725.52
  352.48,   107.43,   851.71
  347.68,   227.63,   596.24
  347.63,   231.34,   721.32
  349.72,   235.14,   846.55
  347.03,   351.83,   592.36
  346.88,   356.38,   717.27
  346.75,   361.16,   842.30
   98.89,   226.21,   101.10
  101.84,   226.50,   226.28
  103.87,   225.83,   351.37
  100.15,   350.93,   101.48
  103.22,   351.30,   226.48
  106.47,   350.85,   350.97
  101.45,   475.78,   101.12
  104.82,   475.54,   226.11
  107.83,   474.73,   350.31
  223.88,   224.42,    98.41
  226.60,   224.55,   223.38
  230.01,   224.59,   348.38
  224.82,   349.68,    98.27
  227.58,   349.82,   222.94
  231.41,   348.74,   348.03
  226.41,   474.86,    98.40
  229.18,   474.46,   222.79
  232.80,   472.80,   347.70
  347.74,   222.37,    94.36
  350.89,   221.32,   219.03
  354.86,   221.07,   343.99
  349.55,   348.14,    94.34
  352.49,   347.74,   219.41
  356.30,   346.19,   344.99
  351.60,   473.39,    95.08
  354.36,   473.38,   220.39
  357.87,   471.80,   345.51
   98.55,   227.54,   227.02
   95.39,   223.54,   352.04
   92.99,   219.61,   477.04
   98.18,   352.33,   230.47
   96.27,   348.69,   354.94
   94.46,   344.94,   479.43
   98.04,   476.60,   233.37
   95.97,   472.81,   357.64
   94.32,   469.34,   482.42
  223.38,   227.45,   229.26
  221.67,   224.31,   354.30
  219.41,   220.44,   479.32
  222.58,   352.58,   232.05
  221.37,   348.33,   357.10
  219.93,   343.78,   482.12
  222.38,   477.03,   235.03
  220.96,   472.17,   359.93
  219.88,   467.75,   485.34
  347.78,   225.96,   230.00
  346.67,   222.58,   355.06
  344.65,   218.98,   480.63
  347.54,   352.22,   233.70
  346.28,   347.44,   359.23
  344.76,   342.90,   484.48
  347.56,   477.74,   237.83
  346.07,   472.83,   362.88
  344.90,   468.10,   487.86
  100.99,   223.95,   351.99
   97.43,   224.72,   476.95
   94.87,   226.05,   601.50
   99.80,   349.02,   350.07
   96.82,   349.97,   474.54
   93.72,   350.90,   599.29
   97.48,   473.13,   347.99
   94.57,   474.35,   472.77
   91.81,   475.73,   597.82
  227.18,   226.63,   355.32
  223.78,   227.44,   480.35
  219.38,   227.67,   605.09
  224.80,   350.72,   353.37
  222.22,   350.83,   478.40
  218.53,   351.50,   603.21
  222.37,   474.68,   351.40
  220.11,   474.92,   476.84
  217.01,   476.45,   601.73
  352.09,   226.96,   357.28
  348.89,   228.02,   482.92
  344.51,   228.86,   608.30
  349.69,   351.95,   356.70
  347.01,   352.10,   481.97
  343.61,   353.16,   606.89
  347.46,   477.47,   355.54
  345.10,   477.46,   480.51
  342.26,   478.65,   605.46
   98.30,   225.48,   477.45
   96.10,   226.70,   602.00
   93.69,   227.85,   726.66
  102.69,   350.67,   475.29
   99.90,   351.44,   600.07
   96.80,   352.24,   725.36
  105.38,   474.81,   473.73
  102.99,   476.16,   598.86
   99.21,   477.32,   724.21
  224.58,   223.26,   480.52
  220.56,   223.39,   605.27
  216.83,   223.37,   730.63
  228.01,   346.58,   478.82
  224.69,   347.13,   603.64
  220.87,   348.58,   728.91
  230.90,   470.65,   477.52
  228.18,   472.03,   602.38
  224.85,   473.93,   728.01
  349.70,   218.92,   482.68
  345.67,   219.64,   608.11
  342.32,   220.55,   733.31
  352.78,   342.91,   482.00
  349.72,   343.87,   606.96
  346.00,   345.77,   731.91
  355.85,   468.26,   480.81
  353.41,   469.32,   605.78
  350.06,   471.30,   731.03
   97.88,   223.59,   602.22
  100.06,   220.65,   726.91
  101.42,   217.12,   851.98
  101.35,   348.29,   604.21
  102.99,   345.01,   729.54
  104.29,   341.90,   855.44
  104.11,   473.00,   606.90
  105.09,   470.06,   732.38
  107.06,   466.39,   860.57
  222.42,   220.71,   600.55
  223.48,   216.59,   725.90
  225.93,   213.38,   850.65
  226.17,   344.36,   602.87
  227.13,   341.73,   728.14
  229.15,   339.79,   853.97
  229.32,   469.24,   605.52
  230.83,   467.09,   731.17
  233.41,   464.43,   858.63
  347.63,   217.29,   598.45
  349.01,   214.14,   723.61
  352.88,   210.67,   849.07
  351.25,   341.45,   601.27
  352.35,   339.28,   726.19
  353.86,   337.28,   851.11
  354.58,   466.87,   604.01
  356.04,   464.80,   729.19
  356.40,   462.42,   854.18
  100.51,   349.74,   101.87
   98.00,   348.60,   226.86
   95.56,   346.67,   351.37
   98.20,   474.56,   102.99
   96.07,   472.97,   228.08
   93.50,   470.90,   352.38
   96.72,   599.21,   104.03
   94.32,   596.79,   229.04
   90.92,   594.53,   354.21
  225.11,   352.12,   104.25
  222.38,   350.70,   228.98
  220.64,   348.17,   354.04
  223.12,   477.27,   105.88
  220.35,   475.19,   230.22
  218.39,   472.05,   355.08
  222.19,   602.09,   107.98
  219.79,   599.29,   232.30
  216.86,   596.41,   356.56
  349.84,   354.21,   105.95
  347.30,   352.18,   231.14
  345.53,   349.12,   356.70
  348.32,   479.48,   108.32
  345.50,   477.74,   233.52
  343.48,   474.54,   358.60
  347.12,   603.94,   111.57
  344.41,   602.45,   235.88
  341.75,   600.08,   359.65
   98.92,   348.57,   225.85
  102.67,   346.87,   350.35
  106.58,   344.94,   474.89
   97.40,   472.92,   226.93
  100.94,   470.92,   351.11
  104.98,   469.17,   475.94
   96.12,   596.75,   227.76
   98.90,   594.54,   352.77
  102.87,   593.37,   478.69
  223.25,   350.33,   221.81
  227.62,   348.01,   346.84
  231.90,   345.26,   471.91
  221.67,   474.89,   222.96
  225.82,   471.99,   347.81
  230.43,   469.34,   473.27
  221.58,   599.01,   224.96
  224.80,   596.39,   349.15
  228.69,   594.71,   474.75
  348.12,   351.53,   217.74
  352.48,   348.69,   343.29
  356.66,   345.98,   468.60
  346.81,   477.10,   220.05
  350.87,   474.23,   345.14
  355.34,   471.37,   470.11
  346.19,   601.76,   222.43
  349.62,   599.75,   346.15
  353.68,   597.65,   470.68
  100.01,   348.98,   350.17
   99.51,   348.20,   474.71
   98.81,   347.35,   599.53
   98.82,   473.08,   349.83
   98.41,   472.53,   474.68
   98.09,   472.16,   599.80
   97.29,   596.71,   350.34
   96.81,   596.68,   476.34
   96.66,   597.43,   601.43
  225.05,   349.53,   351.03
  224.93,   347.91,   476.13
  223.70,   346.82,   601.00
  223.77,   473.50,   350.85
  223.98,   471.99,   476.34
  223.34,   471.75,   601.27
  223.25,   597.94,   351.05
  222.74,   597.37,   476.75
  222.18,   597.83,   602.36
  349.98,   349.59,   351.89
  349.77,   348.01,   477.23
  348.82,   347.32,   602.23
  348.90,   475.12,   352.55
  348.99,   473.38,   477.57
  348.64,   472.81,   602.57
  348.13,   600.71,   352.36
  347.83,   599.68,   477.00
  347.64,   598.97,   602.86
  100.67,   351.21,   473.22
  100.08,   354.23,   597.98
   99.08,   357.28,   723.27
   97.66,   475.46,   469.31
   97.48,   479.00,   594.41
   95.92,   482.38,   719.72
   94.19,   599.51,   467.07
   94.16,   604.16,   592.25
   93.24,   608.04,   716.76
  226.04,   352.74,   474.47
  224.98,   355.52,   599.28
  223.36,   359.29,   724.51
  223.22,   476.81,   470.78
  222.74,   480.45,   595.70
  221.58,   484.63,   721.26
  220.11,   602.07,   467.24
  219.65,   606.47,   592.92
  219.03,   610.25,   719.00
  350.85,   354.74,   475.42
  350.10,   357.93,   600.36
  348.61,   362.13,   725.29
  348.20,   480.12,   471.83
  348.00,   483.41,   596.79
  346.97,   487.63,   722.13
  345.16,   606.34,   467.31
  345.07,   609.55,   593.07
  344.60,   612.83,   719.79
  102.46,   351.90,   598.74
  101.56,   349.56,   724.07
  100.31,   347.34,   850.00
  101.25,   476.69,   600.55
   99.74,   474.68,   725.96
   98.84,   471.97,   853.96
   99.33,   602.02,   603.72
   98.45,   600.31,   728.46
   98.91,   596.56,   857.12
  227.37,   351.82,   600.02
  225.80,   350.17,   725.30
  225.25,   349.13,   851.30
  226.52,   476.81,   601.82
  225.46,   475.56,   727.46
  225.56,   473.66,   855.19
  224.86,   602.92,   604.43
  224.36,   601.12,   730.71
  224.21,   597.76,   858.64
  352.50,   352.84,   601.07
  351.06,   351.62,   726.03
  349.83,   350.53,   851.04
  351.81,   478.37,   602.92
  350.79,   477.19,   728.22
  348.71,   475.73,   853.37
  350.33,   604.52,   604.71
  349.88,   602.46,   731.32
  348.00,   600.59,   856.19
   97.78,   473.51,   100.38
   98.68,   470.34,   225.47
   99.21,   466.61,   349.71
   96.66,   598.16,   103.06
   97.36,   594.12,   228.06
   97.07,   590.19,   353.08
   96.55,   723.28,   106.79
   96.74,   718.82,   231.39
   95.78,   714.66,   357.79
  222.75,   475.85,   100.23
  223.00,   472.32,   224.59
  224.10,   467.62,   349.46
  222.12,   600.71,   103.92
  222.83,   596.39,   228.31
  223.00,   591.94,   352.55
  222.26,   724.62,   107.92
  222.63,   720.41,   232.68
  221.52,   717.15,   355.83
  347.99,   477.66,    99.55
  348.20,   474.50,   224.77
  349.22,   469.78,   349.88
  347.11,   602.15,   104.41
  347.50,   599.18,   228.84
  347.89,   595.28,   352.63
  345.93,   726.40,   108.48
  346.58,   723.44,   233.05
  346.62,   720.74,   355.09
   98.78,   476.64,   223.77
  101.38,   476.70,   347.98
  104.46,   477.05,   472.87
   96.00,   600.50,   222.55
   97.81,   600.36,   347.62
  100.77,   601.25,   473.63
   93.91,   725.40,   222.01
   95.11,   724.98,   348.47
   97.29,   726.25,   475.41
  223.09,   480.16,   220.73
  226.28,   479.33,   345.57
  229.95,   478.78,   471.08
  221.50,   604.26,   220.73
  223.73,   603.74,   344.86
  226.59,   604.19,   470.46
  219.82,   728.25,   221.35
  220.77,   728.92,   344.42
  222.29,   730.52,   469.74
  348.24,   483.90,   218.75
  351.34,   483.17,   343.81
  354.87,   482.44,   468.78
  346.08,   608.50,   219.10
  348.53,   608.64,   342.73
  351.59,   608.71,   467.19
  343.61,   732.66,   219.64
  345.79,   733.96,   341.62
  348.21,   735.10,   465.30
  101.61,   474.09,   348.28
  101.80,   477.75,   473.13
  102.08,   481.71,   598.25
  104.35,   597.58,   344.43
  104.39,   601.74,   470.52
  104.77,   606.89,   595.79
  107.97,   722.12,   341.67
  106.97,   726.70,   468.70
  107.01,   732.60,   593.96
  226.54,   470.47,   348.88
  227.35,   473.18,   474.30
  227.33,   477.20,   599.19
  230.21,   594.89,   344.84
  230.28,   598.50,   470.36
  230.32,   603.19,   595.98
  233.65,   720.06,   341.01
  232.37,   724.82,   466.07
  232.35,   729.57,   592.95
  351.63,   467.88,   350.07
  352.31,   470.42,   475.04
  352.57,   474.12,   599.98
  355.02,   593.48,   345.72
  355.31,   596.69,   470.21
  355.73,   600.22,   595.91
  358.52,   718.84,   341.24
  358.20,   723.09,   464.90
  358.23,   726.40,   591.67
  101.99,   473.86,   472.78
  104.62,   474.12,   597.94
  105.83,   474.28,   723.34
  100.73,   598.02,   473.81
  103.49,   599.44,   598.99
  105.33,   599.96,   723.77
   99.61,   723.04,   475.85
  101.98,   725.31,   600.76
  105.23,   726.19,   724.74
  227.53,   473.11,   471.52
  229.87,   473.44,   596.46
  231.56,   474.37,   722.03
  226.62,   598.49,   471.24
  229.03,   599.54,   596.87
  231.25,   599.99,   723.08
  224.79,   724.88,   470.78
  227.24,   726.02,   597.62
  230.96,   725.45,   724.52
  352.50,   474.24,   469.80
  355.13,   474.23,   594.80
  356.89,   475.19,   720.05
  351.66,   600.55,   468.59
  354.43,   600.44,   594.35
  356.74,   600.54,   720.89
  350.69,   727.02,   466.96
  353.07,   726.70,   593.86
  355.56,   725.33,   721.76
  100.32,   473.51,   598.53
  101.37,   472.66,   723.94
  103.07,   471.12,   851.99
  102.44,   598.75,   600.49
  104.10,   598.28,   725.28
  107.11,   595.63,   854.11
  104.17,   724.60,   603.17
  107.30,   724.45,   727.23
  109.80,   721.39,   854.57
  225.54,   469.54,   597.21
  227.02,   469.49,   722.77
  229.58,   468.88,   850.38
  227.98,   595.57,   598.54
  229.99,   595.07,   724.74
  232.36,   593.10,   852.59
  229.49,   722.02,   600.19
  232.98,   720.47,   727.11
  235.09,   717.17,   854.42
  350.77,   467.02,   595.74
  352.31,   467.05,   720.96
  352.81,   466.85,   846.10
  353.37,   593.20,   596.24
  355.47,   592.43,   722.68
  356.17,   591.83,   847.64
  355.29,   719.42,   596.66
  357.62,   717.15,   724.51
  359.44,   715.58,   849.60
   98.16,   597.88,    97.31
  101.82,   597.26,   222.27
  104.38,   596.72,   347.20
   97.51,   723.02,    97.67
  100.92,   722.07,   222.16
  102.71,   721.37,   348.31
   95.86,   848.87,    98.48
   99.09,   848.02,   222.27
  100.73,   847.03,   348.86
  223.52,   600.84,    95.23
  227.25,   600.12,   219.80
  230.25,   599.22,   343.92
  223.03,   724.94,    95.57
  226.65,   724.12,   220.81
  228.41,   724.42,   343.77
  221.10,   849.14,    96.44
  224.30,   848.87,   221.20
  225.95,   850.04,   344.15
  348.50,   602.57,    92.76
  351.85,   603.27,   217.43
  355.04,   603.06,   341.11
  346.78,   727.00,    93.21
  350.41,   727.47,   218.31
  353.35,   728.39,   340.33
  344.50,   851.29,    92.51
  347.71,   851.49,   218.19
  351.44,   853.24,   340.55
  100.57,   599.68,   225.26
   98.77,   596.34,   350.32
   98.15,   594.05,   476.27
   99.35,   724.46,   228.01
   96.83,   720.91,   354.39
   95.54,   719.00,   481.30
   97.17,   850.35,   230.93
   94.67,   846.52,   357.87
   93.10,   844.37,   484.79
  226.06,   602.68,   227.10
  224.71,   598.86,   351.26
  224.05,   596.00,   476.93
  225.11,   726.69,   230.85
  222.50,   724.10,   353.92
  220.56,   722.35,   479.50
  222.45,   851.54,   234.02
  219.71,   849.77,   357.11
  217.26,   848.14,   482.56
  350.67,   606.11,   229.06
  349.57,   602.89,   352.75
  349.11,   599.57,   477.38
  348.98,   730.36,   232.63
  347.60,   728.34,   354.61
  346.48,   726.03,   478.70
  346.08,   854.47,   235.35
  345.52,   853.33,   357.62
  344.42,   851.48,   481.77
   99.56,   597.09,   350.97
   97.27,   598.45,   477.01
   95.30,   600.60,   602.07
  102.49,   721.66,   351.32
   99.40,   723.40,   478.36
   97.10,   726.40,   603.19
  105.06,   847.27,   351.02
  101.40,   848.73,   477.88
   98.71,   851.43,   602.47
  225.45,   594.85,   353.54
  223.17,   595.61,   479.22
  220.80,   597.44,   604.79
  228.13,   720.16,   352.61
  224.55,   722.02,   478.11
  222.31,   723.84,   604.98
  230.26,   845.89,   352.21
  226.23,   847.89,   477.49
  223.90,   849.04,   604.46
  350.28,   594.04,   356.67
  348.23,   594.31,   481.33
  346.24,   594.98,   607.14
  353.12,   719.61,   354.95
  350.42,   720.86,   479.04
  348.12,   721.16,   606.14
  355.88,   844.64,   354.32
  353.22,   846.40,   478.35
  349.85,   846.71,   605.44
   97.72,   599.78,   476.04
  101.70,   597.54,   601.04
  104.71,   594.37,   725.77
   97.17,   724.77,   481.76
  100.75,   723.42,   606.37
  105.19,   720.53,   730.35
   96.64,   850.13,   485.70
   99.69,   848.52,   609.95
  105.71,   845.35,   733.52
  223.58,   599.77,   472.24
  227.22,   597.19,   597.76
  230.62,   594.02,   723.85
  222.21,   726.15,   475.47
  225.97,   723.64,   602.19
  230.88,   719.40,   728.97
  221.14,   851.92,   479.27
  224.86,   848.83,   606.05
  230.50,   844.04,   732.55
  348.61,   601.40,   468.36
  352.59,   597.67,   594.06
  356.10,   594.20,   720.46
  348.13,   727.84,   470.37
  351.75,   723.86,   597.26
  355.49,   718.90,   725.04
  348.24,   853.24,   474.17
  350.82,   849.33,   601.00
  353.66,   844.16,   727.90
  100.19,   602.03,   599.22
  102.67,   605.96,   723.93
  106.50,   607.63,   852.63
   98.81,   727.78,   597.64
  102.60,   732.19,   721.46
  105.99,   733.62,   848.47
   97.32,   852.76,   594.19
  102.41,   856.76,   717.45
  107.88,   858.14,   843.01
  225.71,   601.94,   596.50
  228.55,   605.80,   722.68
  231.65,   608.03,   850.53
  223.97,   728.35,   593.84
  228.34,   731.26,   720.65
  231.50,   732.19,   848.02
  222.40,   853.50,   590.55
  227.24,   855.90,   716.92
  231.37,   856.86,   842.46
  351.12,   602.64,   593.33
  354.05,   606.12,   719.89
  355.68,   609.76,   844.93
  349.83,   728.91,   589.39
  352.91,   730.93,   717.26
  355.72,   733.39,   842.68
  348.66,   854.36,   586.04
  350.68,   856.34,   712.95
  353.84,   858.77,   837.60
  227.79,   100.57,    99.78
  224.09,   104.06,   225.29
  219.83,   107.91,   350.43
  229.07,   225.57,    97.21
  225.27,   229.43,   222.15
  222.14,   233.15,   347.13
  229.77,   350.77,    93.48
  225.92,   354.63,   218.11
  223.17,   357.24,   343.08
  352.24,    98.50,   103.01
  348.55,   101.48,   227.96
  344.93,   105.53,   352.46
  352.87,   223.88,    99.72
  349.60,   226.62,   224.37
  347.05,   230.09,   349.44
  354.44,   349.68,    96.12
  350.86,   352.97,   221.21
  348.10,   355.11,   346.75
  476.71,    97.21,   106.50
  473.17,   100.08,   230.84
  469.27,   103.11,   354.91
  477.19,   222.76,   102.72
  474.07,   224.71,   227.14
  471.39,   227.43,   352.28
  479.41,   348.14,    99.56
  476.42,   350.78,   224.81
  473.35,   353.44,   350.16
  225.22,   100.66,   224.56
  227.37,   104.85,   349.68
  229.68,   108.94,   474.63
  227.47,   225.95,   220.97
  230.77,   230.05,   345.90
  233.68,   233.35,   470.89
  229.20,   351.17,   216.44
  232.85,   354.16,   341.44
  236.52,   356.66,   466.50
  349.71,    96.86,   220.91
  352.39,   101.18,   345.33
  355.22,   105.28,   470.39
  351.74,   221.87,   216.83
  355.58,   225.67,   341.76
  358.71,   229.22,   467.32
  354.11,   348.25,   213.10
  357.76,   350.81,   338.65
  361.28,   353.43,   463.96
  474.45,    94.36,   217.54
  476.78,    97.72,   341.56
  479.80,   101.25,   466.47
  476.15,   218.84,   213.23
  479.83,   221.86,   338.24
  483.29,   225.46,   463.97
  479.61,   344.82,   210.30
  483.01,   347.86,   335.66
  486.15,   351.33,   460.98
  224.58,   101.88,   350.57
  220.35,    99.18,   475.50
  216.41,    95.99,   599.82
  224.12,   227.19,   353.59
  220.46,   223.86,   478.60
  215.80,   219.96,   603.29
  222.48,   351.23,   355.82
  219.64,   347.21,   480.82
  215.65,   343.70,   605.62
  349.64,   102.15,   352.57
  345.97,    99.62,   477.74
  342.38,    96.29,   603.28
  349.05,   226.73,   355.84
  345.62,   223.65,   481.41
  340.95,   220.31,   606.76
  347.37,   351.64,   359.45
  344.44,   347.62,   484.67
  340.71,   344.49,   609.57
  474.01,   102.37,   355.04
  470.73,    99.43,   480.13
  468.34,    96.24,   606.09
  473.38,   226.67,   358.69
  470.33,   223.66,   484.42
  466.48,   220.99,   609.86
  472.56,   352.65,   362.84
  469.28,   349.31,   488.12
  465.80,   346.44,   613.11
  223.80,   102.42,   475.40
  219.67,   103.55,   599.84
  215.89,   103.83,   724.27
  221.96,   227.05,   474.06
  217.27,   227.48,   598.77
  212.75,   227.78,   724.05
  219.13,   350.44,   471.86
  215.16,   351.24,   596.65
  210.62,   352.91,   721.85
  349.40,   104.85,   477.65
  345.60,   105.86,   603.29
  342.34,   105.73,   729.25
  347.06,   228.87,   476.91
  342.36,   229.87,   602.29
  338.14,   231.13,   727.42
  343.88,   352.92,   475.75
  340.19,   354.09,   600.66
  335.75,   356.27,   725.62
  474.13,   106.64,   480.13
  471.52,   107.83,   606.09
  469.23,   108.06,   732.69
  471.71,   231.01,   480.01
  467.77,   232.72,   605.48
  463.79,   234.67,   730.28
  468.71,   356.72,   479.24
  465.20,   358.18,   604.27
  461.23,   360.05,   728.91
  223.83,   102.02,   599.25
  223.50,    99.01,   723.69
  223.68,    96.22,   848.00
  224.97,   225.93,   601.62
  223.88,   222.88,   727.00
  224.13,   220.80,   851.77
  226.48,   349.69,   602.97
  225.31,   348.11,   728.27
  225.22,   347.17,   854.24
  349.90,   100.68,   599.25
  350.25,    97.23,   725.29
  351.32,    93.28,   851.38
  350.20,   224.71,   601.73
  349.43,   222.67,   726.89
  351.06,   220.41,   852.28
  351.61,   349.01,   603.58
  350.57,   347.87,   728.54
  349.83,   346.85,   853.54
  475.80,    99.07,   598.63
  477.15,    96.03,   725.37
  478.44,    92.48,   852.54
  475.76,   223.84,   601.48
  475.26,   222.35,   726.38
  476.92,   220.22,   851.73
  476.70,   349.45,   603.75
  476.20,   347.97,   728.42
  474.98,   346.41,   852.67
  223.77,   223.05,   102.03
  223.64,   221.98,   227.04
  224.09,   220.80,   352.10
  226.36,   348.32,   103.13
  226.30,   347.15,   227.88
  227.25,   344.85,   353.00
  229.64,   473.47,   104.55
  229.53,   471.72,   228.96
  230.29,   468.78,   353.94
  347.63,   219.23,   100.83
  347.97,   217.01,   225.55
  349.03,   215.64,   350.57
  351.07,   345.09,   102.06
  351.22,   343.31,   227.21
  352.14,   340.53,   352.81
  354.82,   470.38,   104.12
  354.72,   468.93,   229.46
  355.38,   466.02,   354.62
  471.88,   216.07,   100.08
  472.35,   213.04,   224.55
  473.25,   210.84,   349.60
  476.07,   341.44,   101.76
  476.68,   339.05,   227.01
  477.28,   336.72,   352.45
  480.06,   466.75,   103.85
  480.83,   465.06,   229.66
  480.95,   463.25,   354.37
  224.31,   223.62,   225.00
  227.80,   225.89,   349.98
  230.86,   227.38,   475.00
  224.82,   348.85,   222.33
  228.73,   350.02,   347.36
  232.56,   350.74,   472.43
  225.94,   473.47,   219.92
  229.64,   474.06,   344.77
  233.79,   474.89,   470.22
  348.60,   220.78,   220.57
  352.66,   222.79,   345.54
  355.96,   224.53,   471.12
  349.71,   347.18,   218.70
  353.61,   347.89,   344.27
  357.34,   348.71,   469.60
  351.11,   472.81,   217.42
  354.71,   473.49,   342.54
  358.72,   474.18,   467.49
  473.01,   218.97,   216.67
  476.92,   220.19,   341.71
  480.58,   221.98,   467.46
  475.21,   345.04,   215.60
  478.84,   346.21,   340.99
  482.21,   347.83,   466.35
  477.20,   471.04,   214.73
  480.37,   472.79,   339.40
  483.71,   474.34,   464.27
  226.32,   226.97,   349.47
  225.09,   225.76,   474.56
  222.83,   223.98,   599.34
  228.43,   351.06,   349.65
  228.01,   349.10,   474.75
  226.47,   347.68,   599.62
  230.53,   475.06,   349.88
  230.42,   473.18,   475.36
  229.47,   472.59,   600.27
  351.24,   222.76,   349.26
  350.24,   221.83,   474.90
  348.01,   220.62,   600.38
  353.36,   347.77,   350.80
  352.81,   345.88,   476.15
  351.54,   344.84,   601.16
  355.64,   473.33,   351.85
  355.40,   471.25,   476.86
  354.73,   470.32,   601.87
  475.53,   218.99,   349.64
  474.91,   218.09,   475.44
  473.55,   217.55,   601.02
  478.58,   344.98,   351.74
  477.68,   343.82,   477.14
  476.58,   343.12,   602.24
  481.26,   471.56,   352.88
  480.39,   470.26,   477.88
  479.70,   469.05,   603.06
  225.55,   224.16,   476.39
  223.90,   224.90,   601.17
  222.49,   225.51,   726.54
  225.51,   347.55,   473.98
  224.59,   348.67,   598.84
  223.11,   350.72,   724.10
  224.93,   471.62,   471.95
  224.62,   473.58,   596.88
  223.62,   476.11,   722.46
  350.74,   223.17,   476.16
  349.13,   224.52,   601.62
  348.02,   226.15,   726.78
  350.35,   347.27,   474.79
  349.71,   348.79,   599.79
  348.37,   351.31,   724.75
  349.94,   472.64,   472.90
  349.90,   474.28,   597.88
  348.99,   476.87,   723.18
  475.46,   222.45,   476.14
  474.68,   224.50,   601.71
  473.82,   226.73,   726.60
  475.25,   348.22,   475.20
  474.79,   350.08,   600.30
  473.99,   352.28,   724.99
  474.97,   474.64,   473.32
  474.92,   476.01,   598.51
  473.93,   477.75,   723.19
  225.25,   225.03,   601.00
  224.74,   222.88,   726.39
  225.58,   221.69,   851.19
  230.04,   348.71,   601.45
  229.46,   348.04,   726.74
  229.93,   348.01,   852.72
  234.21,   473.63,   602.26
  234.17,   473.41,   727.92
  235.15,   472.59,   855.47
  350.42,   220.56,   600.50
  350.24,   219.38,   725.69
  352.47,   217.98,   851.11
  355.09,   344.78,   601.45
  354.65,   344.53,   726.40
  354.49,   344.43,   851.37
  359.45,   470.25,   602.32
  359.37,   470.06,   727.55
  358.15,   469.58,   852.58
  475.95,   216.35,   599.60
  476.05,   215.71,   724.56
  478.36,   214.42,   850.02
  480.10,   341.93,   600.99
  480.22,   341.37,   725.68
  479.72,   340.73,   849.94
  484.37,   467.87,   601.97
  484.30,   466.77,   726.60
  482.67,   465.38,   850.95
  223.35,   350.39,    99.02
  223.17,   353.87,   223.70
  224.03,   356.10,   348.73
  225.20,   475.50,    95.87
  225.04,   478.43,   220.24
  225.66,   480.09,   345.05
  227.89,   600.44,    93.13
  228.42,   602.61,   217.74
  228.12,   604.56,   341.79
  348.09,   348.63,    98.09
  348.12,   351.57,   223.21
  348.97,   353.35,   348.80
  350.41,   473.81,    95.54
  350.22,   477.14,   220.85
  350.78,   478.89,   345.94
  352.94,   598.25,    93.93
  353.01,   601.83,   218.62
  352.94,   604.46,   342.31
  473.10,   346.47,    97.89
  473.69,   348.75,   223.19
  474.24,   351.04,   348.61
  475.57,   471.74,    95.32
  476.33,   474.76,   221.22
  476.41,   477.60,   345.87
  478.00,   596.23,    93.53
  478.12,   600.31,   218.45
  478.11,   603.78,   342.34
  223.84,   352.29,   226.24
  220.96,   351.00,   351.28
  217.95,   349.36,   476.30
  220.07,   476.77,   226.20
  216.95,   474.86,   350.99
  214.25,   473.36,   476.43
  217.78,   600.83,   226.99
  213.68,   599.17,   351.15
  210.25,   598.59,   476.92
  348.71,   355.59,   229.53
  345.80,   353.76,   355.09
  342.70,   352.11,   480.34
  345.15,   481.10,   230.60
  341.99,   479.18,   355.64
  339.20,   477.37,   480.61
  342.33,   605.73,   231.68
  338.51,   604.64,   355.37
  335.28,   603.58,   480.02
  474.27,   358.42,   233.34
  470.97,   357.14,   358.69
  467.51,   356.19,   483.99
  471.15,   484.50,   234.74
  467.42,   483.67,   359.30
  464.12,   482.46,   484.24
  467.24,   610.09,   235.31
  463.52,   609.80,   359.10
  460.29,   608.67,   483.76
  224.19,   348.98,   351.91
  224.12,   349.40,   476.98
  222.96,   350.37,   601.84
  227.14,   472.93,   349.72
  227.41,   473.44,   475.19
  226.85,   475.26,   600.12
  230.88,   597.41,   347.91
  230.42,   598.83,   473.49
  229.95,   601.30,   599.14
  349.08,   344.79,   352.72
  348.91,   345.28,   478.07
  348.01,   346.64,   603.06
  352.23,   470.29,   351.39
  352.38,   470.61,   476.39
  352.09,   472.09,   601.38
  355.69,   595.93,   349.22
  355.47,   596.92,   473.79
  355.36,   598.23,   599.58
  474.25,   341.07,   353.32
  473.75,   342.32,   478.74
  473.04,   344.02,   603.85
  477.81,   467.62,   352.11
  477.35,   468.71,   477.10
  477.06,   469.92,   602.27
  480.90,   593.89,   350.06
  480.53,   594.99,   474.79
  480.29,   595.73,   600.39
  225.74,   348.20,   476.65
  224.60,   346.30,   601.52
  222.93,   345.28,   726.81
  225.53,   472.29,   477.69
  224.98,   471.23,   602.61
  223.81,   470.68,   728.26
  225.01,   597.70,   478.92
  224.57,   597.32,   604.52
  223.93,   596.25,   730.78
  350.58,   347.59,   477.64
  349.73,   346.08,   602.64
  348.18,   345.53,   727.61
  350.54,   472.96,   478.80
  350.28,   471.56,   603.81
  349.13,   471.10,   729.09
  350.10,   599.27,   479.06
  350.03,   597.72,   604.93
  349.46,   596.42,   731.47
  475.48,   348.21,   478.23
  474.82,   347.00,   603.32
  473.81,   346.14,   728.00
  475.55,   474.61,   479.41
  475.31,   472.91,   604.60
  474.08,   471.59,   729.26
  475.20,   600.87,   479.92
  475.02,   598.70,   605.60
  474.00,   596.86,   730.88
  225.62,   348.02,   601.00
  221.68,   344.74,   726.21
  218.77,   342.10,   852.06
  227.62,   472.93,   604.42
  224.20,   470.09,   730.00
  221.99,   466.63,   857.64
  228.86,   598.99,   608.65
  225.99,   595.57,   734.91
  223.52,   590.66,   862.72
  350.68,   346.11,   604.32
  346.85,   343.28,   729.21
  343.49,   340.59,   854.19
  352.89,   471.57,   607.81
  349.44,   468.81,   733.01
  345.05,   465.74,   858.12
  354.30,   597.65,   611.30
  351.43,   594.08,   737.72
  347.06,   590.63,   862.37
  475.72,   345.31,   607.19
  472.42,   342.17,   731.79
  468.56,   339.00,   855.99
  477.86,   471.18,   610.79
  474.33,   467.54,   735.34
  469.16,   463.65,   859.59
  479.22,   596.87,   614.15
  475.88,   592.77,   739.23
  471.42,   589.23,   862.79
  223.03,   476.74,   101.37
  220.91,   473.78,   225.72
  219.62,   469.69,   350.55
  222.71,   601.61,   104.43
  221.04,   597.87,   228.80
  218.79,   594.02,   353.02
  223.12,   725.53,   107.79
  221.11,   721.92,   232.53
  217.58,   719.25,   355.71
  348.25,   478.25,   103.08
  346.09,   475.64,   228.28
  344.74,   471.49,   353.38
  347.68,   602.73,   107.31
  345.68,   600.33,   231.68
  343.69,   597.00,   355.47
  346.79,   726.97,   110.75
  345.05,   724.62,   235.24
  342.69,   722.51,   357.28
  473.53,   479.27,   104.90
  472.18,   476.49,   230.63
  470.29,   473.40,   355.26
  472.73,   603.84,   108.94
  470.77,   602.14,   233.54
  468.85,   599.63,   357.42
  470.92,   728.29,   112.24
  468.55,   726.78,   236.20
  467.24,   724.76,   359.30
  225.08,   474.08,   225.07
  228.11,   471.90,   349.98
  231.56,   469.99,   475.46
  224.57,   598.22,   226.33
  226.66,   596.33,   350.56
  229.41,   595.39,   476.19
  224.03,   722.26,   228.25
  224.84,   721.58,   351.34
  226.31,   721.78,   476.76
  350.26,   476.64,   223.32
  353.19,   474.50,   348.43
  356.51,   472.42,   473.42
  349.20,   601.35,   224.91
  351.50,   600.07,   348.66
  354.42,   598.71,   473.23
  347.90,   725.60,   226.69
  349.88,   725.50,   348.73
  352.17,   725.16,   472.63
  476.36,   478.15,   221.32
  478.80,   477.10,   345.96
  481.49,   475.80,   470.89
  474.28,   603.75,   222.43
  476.65,   603.31,   346.31
  479.47,   602.02,   470.98
  471.32,   728.37,   223.28
  474.27,   728.34,   346.43
  477.40,   727.36,   470.77
  226.07,   473.41,   351.01
  230.38,   471.17,   476.48
  233.85,   470.17,   601.37
  223.38,   597.80,   352.00
  226.98,   596.54,   477.65
  230.55,   596.23,   603.19
  220.29,   723.01,   353.21
  222.61,   722.90,   478.71
  226.34,   722.65,   605.47
  351.10,   477.30,   348.63
  355.28,   474.85,   473.60
  359.07,   473.52,   598.58
  348.19,   602.80,   349.26
  351.96,   601.11,   473.81
  355.89,   599.64,   599.60
  345.34,   728.20,   349.73
  348.46,   727.53,   473.65
  352.03,   725.80,   600.64
  476.65,   481.19,   345.32
  480.22,   479.51,   470.22
  483.96,   477.92,   595.39
  473.26,   607.33,   346.06
  476.96,   605.68,   470.69
  480.76,   603.62,   596.31
  469.70,   732.31,   346.59
  473.67,   731.00,   470.86
  477.23,   728.60,   597.03
  224.02,   473.16,   475.86
  226.55,   472.57,   600.79
  228.44,   472.51,   726.41
  223.63,   598.55,   476.61
  226.24,   598.67,   602.20
  228.68,   598.09,   728.46
  222.26,   724.97,   477.19
  225.03,   725.12,   604.00
  229.00,   723.51,   730.88
  349.00,   473.74,   473.95
  351.82,   472.81,   598.93
  353.75,   472.82,   724.19
  348.69,   600.04,   473.71
  351.67,   598.99,   599.51
  354.16,   598.16,   726.03
  348.20,   726.55,   473.07
  350.83,   725.22,   600.08
  353.56,   722.88,   727.93
  473.99,   475.30,   471.50
  476.81,   474.10,   596.69
  478.71,   473.24,   721.35
  473.76,   601.58,   471.51
  476.63,   599.92,   597.15
  478.71,   598.52,   722.45
  473.47,   727.01,   471.22
  476.10,   725.00,   597.40
  478.36,   722.90,   723.82
  226.87,   474.00,   600.43
  225.79,   475.56,   726.07
  225.86,   476.43,   853.84
  224.58,   600.08,   600.21
  224.03,   601.16,   726.45
  223.87,   600.59,   854.48
  221.35,   726.51,   600.39
  222.40,   726.64,   727.21
  221.99,   724.81,   854.69
  352.15,   476.22,   601.52
  351.12,   477.85,   726.83
  349.04,   479.18,   852.01
  350.02,   602.37,   600.47
  349.56,   603.12,   727.10
  347.76,   604.01,   852.14
  347.19,   728.59,   599.42
  346.97,   727.86,   727.36
  346.34,   727.61,   852.60
  477.15,   479.45,   602.22
  476.02,   480.20,   726.89
  473.31,   480.69,   851.18
  474.99,   605.21,   601.06
  474.12,   605.40,   726.46
  472.27,   606.23,   850.23
  472.48,   730.27,   599.68
  471.75,   729.75,   726.25
  471.62,   731.01,   850.28
  225.45,   602.39,   100.77
  227.18,   605.15,   225.26
  228.18,   607.84,   349.35
  229.55,   726.40,    97.53
  231.16,   729.19,   222.71
  230.92,   733.14,   345.56
  232.11,   850.57,    94.61
  233.36,   853.89,   219.49
  233.27,   858.69,   342.39
  350.40,   599.53,   100.35
  351.73,   603.69,   224.89
  352.98,   607.00,   348.53
  353.30,   723.81,    97.21
  354.91,   727.90,   222.12
  355.93,   732.38,   344.11
  355.59,   848.07,    92.75
  356.79,   851.85,   218.40
  358.67,   857.09,   340.79
  475.43,   596.71,    98.68
  476.81,   601.46,   223.47
  478.12,   605.58,   347.32
  477.90,   720.98,    95.69
  478.34,   726.02,   219.67
  480.24,   730.50,   342.89
  480.02,   845.66,    90.92
  479.76,   849.83,   215.78
  482.62,   854.24,   339.21
  227.06,   599.83,   226.25
  224.60,   598.35,   350.43
  222.78,   597.87,   476.10
  231.47,   723.91,   227.80
  227.79,   723.66,   350.77
  224.67,   724.28,   476.23
  234.15,   848.65,   228.72
  230.44,   849.38,   351.64
  226.92,   850.12,   476.89
  351.61,   597.94,   229.24
  349.42,   597.03,   353.05
  347.84,   596.06,   477.69
  355.26,   722.27,   230.53
  352.78,   722.56,   352.61
  350.56,   722.59,   476.65
  357.67,   846.37,   231.06
  356.04,   847.56,   353.24
  353.90,   848.09,   477.25
  476.75,   595.33,   231.24
  474.58,   595.24,   355.20
  472.90,   594.32,   479.95
  478.77,   720.04,   231.51
  477.24,   720.37,   354.84
  475.81,   719.76,   479.30
  480.67,   843.93,   231.83
  480.17,   844.32,   355.13
  479.14,   844.12,   479.63
  226.46,   599.66,   347.61
  224.72,   599.64,   473.25
  222.99,   600.68,   598.89
  226.86,   724.94,   347.44
  223.80,   726.05,   472.84
  222.13,   727.14,   599.75
  226.70,   850.63,   347.80
  223.22,   851.86,   473.02
  221.43,   852.32,   599.93
  351.31,   601.18,   350.11
  349.81,   600.72,   474.70
  348.44,   600.59,   600.53
  351.88,   726.66,   349.20
  349.73,   727.24,   473.13
  347.99,   726.83,   600.19
  352.30,   851.62,   349.37
  350.29,   852.68,   473.32
  347.51,   852.33,   600.28
  476.49,   602.20,   352.15
  474.90,   601.80,   476.86
  473.43,   601.04,   602.51
  476.31,   727.27,   351.27
  475.02,   727.21,   475.65
  473.29,   726.13,   601.86
  476.48,   851.20,   351.12
  475.59,   851.58,   475.52
  472.97,   850.96,   601.76
  225.41,   600.00,   472.93
  229.08,   600.25,   598.52
  232.58,   599.86,   724.74
  226.41,   726.43,   473.19
  230.17,   726.71,   600.00
  235.15,   725.24,   726.93
  227.82,   852.25,   474.06
  231.43,   851.92,   600.89
  236.88,   849.93,   727.44
  350.41,   599.19,   469.01
  354.45,   598.28,   594.74
  358.00,   597.60,   721.20
  352.29,   725.68,   468.11
  355.96,   724.51,   594.98
  359.70,   722.34,   722.81
  354.80,   851.11,   468.95
  357.44,   850.00,   595.76
  360.14,   847.70,   722.69
  475.44,   598.40,   465.78
  479.36,   596.92,   591.35
  482.52,   595.65,   716.61
  477.47,   723.80,   465.31
  481.18,   721.98,   591.36
  484.50,   720.04,   717.67
  479.94,   848.09,   465.83
  482.90,   846.64,   591.97
  484.88,   845.17,   717.68
  227.09,   599.01,   600.50
  230.29,   602.74,   726.74
  233.73,   604.91,   854.50
  227.22,   725.41,   597.90
  231.92,   728.14,   724.76
  235.30,   728.99,   852.03
  227.47,   850.62,   594.66
  232.64,   852.82,   721.11
  237.00,   853.63,   846.63
  352.49,   597.85,   597.08
  355.74,   601.29,   723.56
  357.64,   604.88,   848.44
  353.04,   724.08,   593.20
  356.47,   726.03,   721.02
  359.58,   728.54,   846.22
  353.63,   849.59,   589.84
  356.02,   851.43,   716.77
  359.62,   853.86,   841.35
  477.43,   597.31,   594.02
  480.28,   600.16,   719.26
  482.22,   603.52,   843.04
  478.30,   722.39,   589.90
  481.29,   724.52,   716.25
  484.80,   728.28,   840.37
  479.13,   847.10,   586.39
  480.74,   849.69,   712.13
  484.03,   854.29,   836.87
  349.78,    97.36,   101.70
  348.22,    95.33,   226.72
  346.53,    94.27,   351.31
  350.34,   222.69,   103.49
  349.22,   220.35,   228.20
  348.78,   218.81,   353.27
  351.80,   348.63,   104.90
  350.45,   346.68,   230.09
  349.86,   343.73,   355.68
  474.28,    95.97,   103.03
  472.98,    93.94,   227.50
  471.02,    92.01,   351.66
  474.69,   221.51,   104.28
  473.67,   218.37,   228.76
  473.07,   216.02,   353.88
  476.88,   346.94,   106.17
  475.99,   344.43,   231.46
  475.05,   341.96,   356.88
  599.96,    95.42,   104.84
  598.10,    93.89,   228.91
  595.74,    90.94,   353.47
  600.24,   220.80,   106.23
  598.60,   218.08,   230.43
  597.39,   214.96,   355.72
  602.39,   344.97,   108.38
  601.79,   342.56,   233.15
  600.28,   341.10,   358.18
  348.94,    99.56,   224.66
  350.87,   100.43,   349.17
  352.86,   101.03,   474.32
  349.71,   224.71,   224.13
  352.78,   225.01,   349.18
  355.04,   225.07,   474.80
  350.72,   351.10,   224.02
  353.63,   350.08,   349.62
  356.33,   349.23,   474.96
  473.64,    98.38,   221.94
  475.29,    98.33,   346.06
  477.53,    98.45,   471.08
  474.17,   223.02,   221.23
  477.07,   222.56,   346.36
  479.71,   222.68,   472.14
  476.29,   349.10,   221.93
  478.87,   348.60,   347.34
  481.22,   348.53,   472.71
  598.76,    98.68,   219.84
  599.96,    97.61,   344.44
  602.09,    96.92,   469.36
  599.17,   222.98,   219.41
  601.43,   221.88,   344.70
  604.17,   221.54,   470.09
  602.14,   347.36,   220.16
  604.19,   347.89,   345.15
  606.09,   348.69,   470.21
  348.55,   100.82,   347.87
  348.64,   101.88,   473.06
  348.75,   102.14,   598.71
  350.56,   225.42,   347.48
  350.94,   225.91,   473.12
  350.08,   226.17,   598.60
  351.51,   350.49,   347.50
  352.33,   350.03,   472.86
  352.46,   350.46,   597.87
  472.99,    98.60,   346.64
  473.35,    99.15,   471.71
  474.65,    99.56,   597.68
  474.89,   222.83,   346.55
  475.63,   223.38,   472.37
  475.61,   224.32,   597.95
  476.78,   348.87,   347.13
  477.23,   349.19,   472.53
  477.51,   349.95,   597.64
  597.65,    97.72,   346.91
  597.92,    97.47,   471.84
  599.27,    98.10,   597.21
  599.27,   222.00,   346.80
  600.12,   222.10,   472.20
  600.98,   223.03,   597.26
  602.12,   348.05,   346.85
  602.12,   349.23,   471.94
  602.35,   350.14,   596.90
  351.57,   101.91,   475.68
  350.75,   102.62,   601.36
  350.48,   102.16,   727.44
  355.94,   225.86,   475.32
  354.14,   226.61,   600.80
  352.81,   227.67,   725.94
  359.43,   350.00,   474.65
  358.62,   350.92,   599.66
  357.09,   352.80,   724.60
  476.22,    97.16,   475.33
  476.63,    97.99,   601.32
  477.40,    97.93,   728.07
  480.59,   221.30,   475.55
  479.64,   222.72,   601.12
  478.59,   224.28,   726.03
  484.29,   347.13,   475.28
  483.61,   348.36,   600.39
  482.64,   349.87,   725.08
  600.76,    93.50,   476.45
  601.16,    94.56,   601.84
  601.83,    95.89,   727.85
  605.04,   217.93,   476.37
  604.99,   219.32,   601.40
  604.89,   220.60,   726.49
  609.11,   345.09,   475.66
  608.41,   346.43,   600.60
  608.16,   347.12,   725.53
  349.96,    98.09,   598.94
  347.48,    99.22,   724.94
  345.83,    99.76,   850.98
  347.56,   222.12,   596.82
  344.01,   224.59,   721.95
  342.67,   227.04,   847.24
  346.25,   346.30,   594.04
  342.55,   349.66,   718.96
  339.04,   353.27,   844.05
  475.81,    99.23,   601.03
  474.36,   100.69,   727.70
  473.08,   101.39,   854.86
  473.04,   223.97,   599.25
  469.76,   227.11,   724.11
  468.47,   229.78,   849.26
  471.28,   349.48,   596.90
  468.09,   352.58,   721.56
  464.03,   355.63,   845.81
  600.43,   101.45,   603.63
  598.95,   104.26,   729.54
  597.43,   106.88,   855.16
  598.39,   226.46,   601.63
  596.02,   229.29,   726.64
  593.72,   232.00,   851.22
  596.09,   353.44,   599.24
  593.61,   355.68,   724.07
  590.59,   357.49,   848.73
  351.38,   223.68,    98.64
  351.28,   220.26,   223.34
  351.91,   217.68,   348.35
  350.72,   349.53,   101.07
  350.41,   346.62,   226.20
  350.89,   342.67,   351.78
  350.32,   474.82,   104.32
  349.75,   472.23,   229.58
  349.99,   468.14,   354.71
  475.74,   224.68,    98.43
  475.76,   220.50,   222.88
  476.21,   217.08,   347.96
  475.79,   350.04,   101.27
  475.97,   346.53,   226.55
  476.11,   343.05,   351.95
  475.62,   475.36,   104.56
  475.89,   472.59,   230.32
  475.58,   469.59,   354.98
  601.33,   226.01,    99.42
  600.78,   222.37,   223.53
  600.59,   218.27,   348.79
  601.24,   350.22,   102.45
  601.85,   346.74,   227.24
  601.41,   344.30,   352.22
  600.97,   474.88,   105.26
  602.10,   471.76,   230.47
  601.39,   470.51,   355.04
  348.28,   224.51,   223.92
  348.59,   225.93,   349.01
  348.08,   227.09,   474.65
  350.29,   350.87,   222.74
  350.43,   350.95,   348.36
  350.39,   351.16,   473.70
  352.61,   476.47,   222.12
  352.45,   476.52,   347.23
  352.70,   476.59,   472.23
  472.74,   221.76,   223.78
  472.91,   222.42,   348.94
  472.77,   223.66,   474.77
  475.86,   347.84,   223.43
  475.68,   348.43,   348.86
  475.28,   349.41,   474.26
  478.74,   473.86,   223.17
  478.08,   475.01,   347.84
  477.71,   475.86,   472.80
  597.70,   220.67,   224.73
  597.25,   220.62,   350.04
  597.27,   221.43,   475.44
  601.69,   345.11,   224.43
  600.98,   346.71,   349.45
  600.15,   348.54,   474.54
  604.91,   470.01,   223.67
  603.91,   472.84,   348.24
  602.66,   475.21,   473.28
  350.61,   222.99,   349.70
  352.26,   223.80,   475.32
  352.72,   224.37,   600.79
  349.86,   348.05,   349.41
  351.98,   347.92,   474.76
  353.40,   348.68,   599.76
  349.26,   473.60,   348.63
  351.69,   473.32,   473.64
  353.71,   474.20,   598.64
  474.92,   222.09,   347.44
  476.96,   222.96,   473.25
  478.28,   224.22,   598.81
  475.10,   348.12,   347.71
  476.88,   348.76,   473.10
  478.47,   349.86,   598.20
  474.88,   474.71,   347.05
  476.70,   475.21,   472.00
  478.70,   475.82,   597.19
  599.30,   222.96,   346.37
  601.46,   223.39,   471.77
  603.64,   224.65,   596.81
  600.45,   349.00,   346.11
  601.77,   350.52,   471.19
  603.30,   351.76,   596.13
  600.73,   475.14,   345.25
  601.67,   477.17,   470.28
  603.00,   478.04,   595.18
  351.87,   224.82,   475.15
  352.39,   225.50,   600.61
  353.40,   226.50,   725.73
  354.67,   348.92,   474.44
  356.17,   349.79,   599.44
  356.98,   351.65,   724.37
  357.48,   474.36,   473.17
  359.57,   475.31,   598.19
  360.76,   477.20,   723.43
  476.53,   220.89,   473.02
  477.91,   222.25,   598.59
  479.19,   223.77,   723.49
  479.54,   346.67,   472.74
  481.18,   347.88,   597.84
  482.55,   349.38,   722.53
  482.46,   473.14,   471.51
  484.50,   473.86,   596.69
  485.68,   474.84,   721.33
  600.98,   218.16,   471.49
  603.24,   219.51,   596.54
  605.48,   220.79,   721.61
  604.38,   345.27,   470.79
  605.99,   346.63,   595.73
  608.06,   347.35,   720.63
  607.40,   471.96,   469.73
  608.75,   472.99,   594.62
  610.58,   472.72,   719.35
  350.19,   222.41,   602.15
  346.51,   224.04,   727.29
  345.09,   225.59,   852.58
  352.20,   346.68,   600.32
  348.27,   349.21,   725.24
  344.57,   351.92,   850.27
  353.82,   472.16,   598.43
  350.31,   474.77,   723.66
  345.84,   477.13,   848.88
  475.71,   220.99,   604.82
  472.29,   223.22,   729.70
  471.00,   224.86,   854.99
  477.23,   346.59,   603.43
  473.82,   348.80,   728.07
  469.60,   350.95,   852.31
  478.79,   472.52,   601.64
  475.20,   474.25,   726.27
  469.98,   475.77,   850.53
  601.13,   220.11,   607.46
  598.60,   222.04,   732.51
  596.13,   223.90,   857.12
  602.07,   347.17,   606.02
  599.42,   348.52,   730.88
  596.23,   349.47,   855.52
  603.06,   473.45,   604.26
  600.18,   473.81,   728.96
  597.01,   474.08,   853.99
  350.47,   350.11,    97.64
  348.09,   352.05,   222.77
  346.54,   352.85,   348.36
  350.44,   475.32,    96.11
  347.83,   477.64,   221.39
  345.99,   478.38,   346.47
  350.62,   599.80,    95.49
  348.29,   602.33,   220.12
  345.82,   603.90,   343.81
  475.49,   350.32,    99.82
  473.68,   351.63,   225.14
  471.81,   352.93,   350.54
  475.63,   475.64,    98.28
  473.93,   477.69,   224.13
  471.59,   479.51,   348.76
  475.69,   600.17,    97.50
  473.35,   603.28,   222.32
  470.95,   605.71,   346.17
  600.92,   350.17,   102.98
  599.57,   351.44,   227.79
  597.17,   353.83,   352.76
  600.90,   474.93,   101.00
  600.12,   476.50,   226.26
  597.42,   480.01,   350.80
  600.36,   600.13,    98.93
  598.54,   602.33,   223.57
  596.22,   605.56,   348.49
  349.83,   350.18,   224.47
  350.43,   351.06,   350.08
  350.85,   352.08,   475.41
  350.68,   475.80,   223.02
  350.99,   476.63,   348.13
  351.70,   477.51,   473.12
  352.20,   600.53,   221.65
  351.89,   602.23,   345.38
  352.17,   603.84,   469.89
  475.42,   348.62,   224.69
  475.70,   350.02,   350.12
  475.76,   351.81,   475.49
  476.81,   474.67,   223.62
  476.63,   476.60,   348.27
  476.73,   478.25,   473.22
  477.34,   600.28,   221.72
  477.08,   602.83,   345.63
  477.28,   604.52,   470.27
  601.29,   347.33,   225.22
  601.04,   349.77,   350.23
  600.65,   352.45,   475.30
  603.01,   472.29,   223.64
  602.47,   475.90,   348.19
  601.70,   479.07,   473.24
  602.59,   598.07,   220.87
  602.40,   601.42,   345.80
  602.12,   604.01,   471.34
  351.11,   350.85,   350.16
  348.62,   352.98,   475.43
  345.46,   355.99,   600.33
  348.78,   476.38,   347.04
  346.58,   478.34,   471.97
  343.98,   481.45,   596.89
  346.81,   601.87,   343.15
  344.16,   604.57,   467.59
  341.67,   607.61,   593.31
  476.35,   352.79,   353.07
  473.49,   355.69,   478.38
  470.50,   359.00,   603.39
  474.36,   479.34,   350.03
  471.57,   482.04,   474.91
  468.97,   484.85,   600.06
  471.92,   605.49,   346.21
  469.22,   608.26,   470.74
  466.66,   610.61,   596.34
  601.67,   355.58,   356.02
  598.33,   359.37,   481.02
  595.27,   362.77,   605.92
  600.12,   481.68,   352.80
  596.46,   485.86,   477.81
  593.25,   488.81,   602.66
  597.13,   607.15,   349.25
  594.01,   610.73,   474.70
  591.01,   613.43,   599.58
  350.39,   346.83,   476.80
  353.58,   344.96,   601.76
  356.09,   344.06,   726.66
  348.01,   472.13,   478.40
  351.79,   470.40,   603.36
  354.66,   469.59,   728.57
  345.23,   598.37,   479.11
  349.19,   596.51,   604.91
  352.65,   594.88,   731.36
  475.23,   349.86,   473.38
  478.62,   348.30,   598.43
  481.70,   347.06,   723.07
  472.93,   476.22,   474.99
  476.74,   474.19,   600.14
  479.61,   472.49,   724.75
  470.23,   602.44,   475.89
  474.10,   599.94,   601.54
  477.14,   597.72,   726.79
  600.08,   353.83,   469.70
  603.40,   352.40,   594.59
  607.20,   350.34,   719.44
  597.84,   480.40,   471.51
  600.99,   478.61,   596.37
  604.51,   475.62,   721.01
  594.99,   605.38,   473.43
  598.37,   603.27,   598.34
  601.60,   600.50,   722.33
  351.97,   348.51,   602.01
  349.43,   352.79,   726.92
  347.06,   357.22,   851.93
  353.07,   473.96,   598.37
  350.96,   478.31,   723.62
  347.84,   482.39,   848.80
  353.34,   600.11,   594.56
  351.79,   603.58,   721.12
  348.98,   607.17,   846.29
  477.04,   348.95,   603.75
  475.02,   352.89,   728.38
  472.10,   356.72,   852.60
  478.07,   474.85,   600.21
  475.86,   478.32,   724.83
  472.06,   481.56,   849.07
  478.32,   600.63,   596.34
  476.36,   603.52,   721.66
  473.46,   607.02,   845.48
  601.89,   350.08,   604.96
  600.62,   353.16,   729.81
  598.84,   355.77,   854.49
  602.37,   476.31,   601.46
  600.83,   478.43,   726.12
  599.12,   480.38,   851.15
  602.64,   601.02,   598.22
  600.83,   603.38,   722.20
  599.48,   606.06,   846.23
  350.63,   475.26,    98.33
  346.59,   475.55,   223.57
  343.34,   474.25,   348.65
  347.80,   599.73,    99.63
  344.00,   600.20,   224.15
  340.12,   599.68,   347.88
  344.68,   724.05,   100.09
  341.22,   724.38,   224.94
  336.97,   725.05,   346.97
  475.80,   478.57,   102.00
  472.61,   478.63,   227.77
  468.84,   478.41,   352.37
  472.80,   603.09,   103.14
  468.98,   604.23,   227.83
  465.17,   604.58,   351.64
  468.95,   727.48,   103.64
  464.58,   728.78,   227.71
  461.37,   729.63,   350.69
  601.08,   480.76,   106.13
  598.73,   480.52,   231.31
  594.56,   482.04,   355.85
  597.41,   605.98,   105.91
  594.05,   606.41,   230.52
  590.33,   607.59,   355.45
  593.33,   731.25,   105.45
  588.07,   732.23,   229.17
  585.39,   732.12,   354.91
  350.29,   476.06,   227.09
  347.03,   471.98,   352.13
  344.17,   467.96,   477.09
  350.11,   600.78,   230.43
  346.24,   597.51,   354.15
  343.00,   594.18,   478.78
  349.69,   725.07,   233.92
  345.50,   723.02,   355.91
  341.58,   720.70,   480.03
  476.37,   476.57,   231.28
  472.57,   473.57,   355.86
  469.14,   470.23,   480.79
  475.17,   602.25,   234.10
  471.37,   599.81,   357.96
  468.05,   596.50,   482.65
  473.14,   726.92,   236.65
  470.00,   724.93,   359.79
  466.88,   722.00,   484.18
  602.51,   475.90,   234.85
  598.30,   474.68,   359.37
  594.00,   472.78,   484.38
  600.36,   601.77,   236.87
  596.61,   600.24,   361.85
  592.82,   597.87,   487.24
  596.82,   727.65,   238.29
  594.17,   724.69,   364.27
  591.38,   721.29,   490.10
  348.18,   473.07,   352.35
  345.95,   472.48,   477.33
  343.25,   473.07,   602.28
  351.81,   598.68,   351.11
  349.19,   598.77,   475.69
  346.67,   599.22,   601.49
  355.52,   724.17,   349.70
  352.27,   725.27,   473.61
  349.39,   725.42,   600.64
  473.69,   470.28,   355.45
  470.88,   470.39,   480.41
  468.22,   470.69,   605.56
  476.95,   596.54,   354.31
  474.22,   596.69,   479.02
  471.61,   596.52,   604.64
  479.91,   721.63,   352.95
  477.47,   722.09,   477.36
  474.62,   721.58,   603.51
  599.40,   467.01,   358.32
  595.72,   468.55,   483.36
  592.50,   468.94,   608.23
  602.23,   592.52,   357.52
  598.97,   593.67,   482.98
  595.87,   593.84,   607.80
  604.10,   716.97,   356.65
  601.88,   716.95,   482.71
  599.20,   717.09,   607.47
  351.08,   472.25,   477.38
  354.34,   472.71,   602.36
  356.70,   474.08,   727.61
  351.84,   598.58,   475.78
  355.28,   598.88,   601.58
  358.21,   599.39,   728.07
  352.44,   725.09,   473.74
  355.53,   725.07,   600.73
  358.67,   724.08,   728.56
  476.05,   472.69,   474.49
  479.30,   472.88,   599.65
  481.65,   473.36,   724.28
  476.90,   598.99,   473.15
  480.21,   598.69,   598.76
  482.72,   598.63,   723.98
  477.67,   724.39,   471.51
  480.76,   723.73,   597.64
  483.48,   723.01,   723.95
  600.98,   473.24,   471.49
  603.58,   473.68,   596.37
  606.59,   472.89,   721.06
  601.70,   598.30,   471.16
  604.49,   598.44,   596.08
  607.21,   597.83,   720.08
  602.07,   721.65,   470.90
  605.35,   721.53,   595.88
  608.23,   722.14,   719.27
  350.06,   474.95,   598.53
  346.21,   477.55,   723.79
  341.45,   479.90,   849.07
  346.30,   601.06,   596.38
  343.02,   602.80,   722.98
  338.53,   604.60,   848.29
  341.83,   727.29,   594.22
  338.81,   727.60,   722.15
  335.40,   728.10,   847.77
  475.00,   479.86,   602.05
  471.02,   481.60,   726.69
  465.42,   483.15,   850.92
  471.21,   605.57,   599.80
  467.53,   606.75,   725.24
  462.81,   608.60,   849.04
  467.07,   730.66,   597.31
  463.48,   731.08,   723.99
  460.44,   733.18,   848.17
  599.21,   485.32,   604.99
  595.90,   485.67,   729.61
  592.29,   485.99,   854.58
  595.47,   609.90,   603.35
  591.90,   610.59,   727.34
  588.72,   611.73,   851.29
  591.68,   733.08,   601.67
  588.27,   734.86,   725.39
  585.59,   737.59,   848.81
  349.55,   599.99,    99.79
  351.55,   602.76,   224.37
  353.46,   604.67,   348.05
  353.32,   724.28,    98.05
  355.58,   727.00,   222.95
  357.26,   730.08,   344.96
  356.46,   848.53,    94.94
  358.33,   850.98,   220.59
  360.89,   854.85,   342.95
  474.54,   596.31,    97.44
  476.61,   599.65,   222.28
  478.58,   602.37,   346.17
  477.88,   720.60,    95.83
  479.00,   724.26,   219.83
  481.56,   727.34,   343.10
  480.81,   845.30,    92.40
  481.27,   848.10,   217.28
  484.79,   851.11,   340.72
  599.14,   592.27,    94.62
  601.85,   594.52,   219.30
  603.87,   598.04,   344.17
  602.59,   717.30,    92.21
  602.80,   720.50,   215.47
  605.64,   722.60,   341.41
  606.14,   842.25,    89.35
  604.67,   845.46,   212.55
  608.03,   846.51,   339.16
  350.90,   600.53,   226.74
  348.44,   597.23,   350.48
  346.62,   593.82,   475.10
  352.02,   724.82,   230.37
  349.27,   722.72,   352.39
  346.79,   720.33,   476.43
  351.91,   848.95,   233.20
  349.98,   847.77,   355.36
  347.51,   845.91,   479.39
  476.02,   600.42,   228.95
  473.62,   597.95,   352.85
  471.70,   594.62,   477.55
  475.50,   725.11,   231.61
  473.76,   723.07,   354.83
  472.08,   720.08,   479.23
  474.98,   848.97,   234.31
  474.24,   847.04,   357.48
  472.90,   844.51,   481.91
  601.27,   598.35,   230.27
  598.94,   596.78,   355.23
  596.52,   594.44,   480.67
  599.27,   724.30,   231.73
  597.97,   721.29,   357.74
  596.59,   717.82,   483.71
  598.29,   849.01,   234.23
  597.64,   845.08,   360.70
  596.90,   841.12,   486.77
  352.03,   598.74,   349.86
  353.80,   600.36,   474.41
  355.69,   602.25,   600.22
  355.34,   724.20,   346.92
  356.50,   726.83,   470.75
  358.01,   728.42,   597.69
  358.50,   849.07,   345.03
  359.86,   852.17,   468.81
  360.35,   853.84,   595.65
  477.21,   596.97,   348.73
  478.86,   598.65,   473.41
  480.62,   599.96,   599.01
  479.73,   722.02,   345.83
  481.69,   723.98,   470.20
  483.25,   724.93,   596.27
  482.47,   845.89,   343.59
  484.96,   848.20,   467.98
  485.77,   849.57,   594.11
  602.55,   593.23,   347.51
  603.66,   595.88,   473.01
  604.90,   597.62,   597.91
  603.89,   717.81,   344.97
  606.07,   719.12,   471.19
  607.83,   720.64,   596.13
  605.76,   841.72,   342.88
  608.72,   842.35,   469.39
  610.63,   843.93,   594.11
  350.06,   602.04,   473.12
  350.61,   604.13,   598.93
  350.72,   606.38,   725.58
  346.61,   728.45,   469.34
  346.77,   730.34,   596.32
  347.10,   731.12,   724.26
  343.79,   853.82,   467.36
  342.98,   855.76,   594.22
  342.39,   856.47,   721.15
  475.12,   606.51,   473.26
  475.56,   607.96,   598.91
  475.27,   609.65,   724.34
  471.88,   731.85,   469.81
  472.06,   733.00,   595.99
  471.85,   733.97,   722.58
  469.13,   856.17,   467.48
  468.47,   857.83,   593.71
  466.76,   859.36,   719.50
  599.90,   609.74,   474.19
  599.87,   611.59,   599.10
  599.71,   612.85,   723.07
  596.28,   733.06,   472.04
  596.71,   734.67,   597.04
  596.72,   737.05,   720.65
  593.01,   856.65,   469.90
  593.38,   858.47,   594.75
  592.90,   861.63,   718.38
  349.89,   599.13,   600.23
  346.80,   598.13,   726.77
  342.40,   597.25,   851.88
  349.90,   725.35,   600.99
  347.07,   722.87,   728.88
  343.74,   720.89,   854.07
  349.83,   850.85,   602.19
  346.15,   848.19,   729.17
  343.83,   845.94,   853.77
  474.85,   599.11,   603.47
  471.31,   597.58,   728.78
  466.69,   596.64,   852.53
  475.15,   724.17,   603.95
  471.84,   721.95,   730.41
  468.99,   721.47,   854.24
  475.25,   848.97,   604.94
  470.55,   847.25,   730.70
  468.29,   847.54,   855.32
  599.13,   599.04,   606.75
  595.80,   596.88,   730.78
  592.86,   595.11,   854.94
  599.78,   722.26,   608.02
  596.61,   721.35,   731.52
  594.19,   721.19,   854.88
  600.24,   845.80,   609.06
  596.67,   845.93,   732.52
  593.71,   847.16,   856.93
  473.30,    99.42,   100.45
  476.95,    99.23,   224.87
  480.02,    99.16,   348.97
  469.56,   224.98,    99.83
  473.46,   223.83,   224.28
  477.79,   223.39,   349.40
  467.43,   350.42,    99.76
  471.48,   349.92,   225.08
  475.50,   349.41,   350.46
  598.85,   103.15,    97.35
  601.88,   103.58,   221.32
  604.59,   102.45,   345.97
  595.02,   228.48,    96.93
  598.42,   227.81,   221.05
  602.13,   226.80,   346.33
  592.68,   352.81,    97.03
  597.32,   352.21,   221.88
  600.80,   352.81,   346.84
  724.46,   106.07,    94.18
  726.70,   107.63,   217.89
  729.47,   106.58,   343.47
  721.11,   231.86,    94.21
  724.08,   232.92,   217.86
  726.92,   231.66,   343.49
  718.22,   355.63,    94.37
  722.71,   354.91,   218.76
  725.61,   356.36,   343.24
  474.49,    99.81,   223.60
  472.33,   100.66,   347.72
  470.78,   101.73,   472.81
  473.24,   224.49,   222.01
  472.31,   224.96,   347.17
  471.08,   226.02,   472.98
  473.49,   350.60,   221.81
  472.21,   351.00,   347.23
  470.73,   351.77,   472.62
  599.52,   101.94,   225.31
  596.93,   101.66,   349.93
  595.36,   101.91,   474.87
  598.26,   226.22,   224.05
  596.72,   226.04,   349.35
  595.61,   226.71,   474.74
  599.40,   350.67,   223.89
  597.58,   352.15,   348.89
  595.63,   353.81,   473.98
  724.38,   103.72,   227.23
  721.88,   103.46,   352.77
  720.12,   102.97,   477.99
  723.89,   229.14,   226.14
  721.51,   228.57,   351.83
  720.17,   228.35,   477.00
  724.78,   351.29,   226.02
  722.42,   353.59,   350.56
  720.33,   355.92,   475.16
  474.77,    98.73,   349.63
  471.14,    97.63,   474.67
  468.44,    96.35,   600.63
  474.46,   222.96,   351.27
  471.16,   221.84,   477.02
  467.06,   221.07,   602.55
  474.05,   348.98,   353.53
  470.49,   347.54,   478.87
  466.73,   346.56,   603.91
  599.34,    99.97,   353.93
  595.71,    98.10,   478.79
  593.09,    97.07,   604.14
  598.81,   224.31,   355.55
  595.66,   222.75,   480.85
  592.46,   221.97,   605.86
  599.33,   350.47,   357.25
  595.32,   349.86,   482.30
  591.58,   348.93,   607.22
  724.24,   101.95,   358.87
  720.42,    99.39,   483.97
  717.25,    98.64,   608.52
  723.54,   227.05,   360.13
  720.19,   224.59,   485.20
  717.49,   223.66,   609.65
  724.09,   352.29,   360.96
  719.97,   352.27,   485.55
  716.27,   351.28,   610.39
  474.20,    99.27,   474.09
  472.63,   101.35,   600.04
  471.37,   102.50,   726.69
  478.36,   223.44,   473.14
  475.48,   226.08,   598.69
  472.44,   228.91,   723.55
  481.88,   349.25,   471.69
  479.30,   351.67,   596.76
  476.40,   354.40,   721.43
  598.71,    95.78,   477.14
  597.24,    98.05,   602.49
  596.02,   100.51,   728.47
  602.80,   220.31,   475.90
  600.81,   222.93,   600.91
  598.71,   225.44,   725.95
  606.69,   347.43,   474.02
  604.06,   349.99,   598.94
  601.86,   351.91,   723.81
  723.41,    93.12,   481.20
  721.33,    95.65,   605.80
  719.81,    98.80,   730.14
  727.31,   218.03,   479.25
  725.76,   220.47,   603.68
  724.18,   223.81,   727.95
  731.30,   345.60,   476.24
  728.75,   348.12,   601.05
  726.76,   349.59,   726.21
  475.05,    98.14,   600.53
  477.39,    98.43,   727.26
  479.81,    98.10,   854.42
  476.26,   222.89,   599.97
  476.77,   224.81,   724.87
  479.29,   226.22,   850.08
  478.45,   348.51,   598.85
  479.04,   350.40,   723.54
  478.81,   352.19,   847.81
  599.63,    96.43,   599.45
  601.86,    98.10,   725.43
  604.04,    99.71,   851.03
  601.64,   221.28,   598.67
  603.09,   222.93,   723.74
  604.53,   224.46,   848.36
  603.29,   348.38,   597.50
  604.59,   349.47,   722.40
  605.54,   350.01,   847.16
  723.79,    95.52,   599.29
  725.71,    97.86,   723.60
  727.06,    99.09,   847.61
  726.60,   220.37,   597.95
  728.53,   222.91,   722.22
  728.82,   224.50,   846.23
  728.02,   348.11,   596.07
  729.49,   348.76,   721.25
  731.64,   348.64,   846.50
  472.76,   226.00,   101.02
  470.28,   223.88,   225.50
  468.24,   222.55,   350.63
  469.98,   351.40,   101.76
  467.59,   349.98,   227.07
  465.19,   348.49,   352.49
  466.95,   476.72,   102.94
  464.58,   476.05,   228.72
  461.75,   474.97,   353.38
  598.24,   230.15,   104.49
  595.22,   228.42,   228.68
  592.58,   226.43,   353.97
  595.39,   354.35,   105.46
  593.45,   352.94,   230.30
  590.49,   352.55,   355.29
  592.24,   479.12,   106.18
  590.76,   478.16,   231.43
  587.50,   478.82,   355.99
  724.34,   234.50,   107.93
  720.76,   234.13,   231.99
  717.30,   231.76,   357.61
  721.16,   357.62,   109.13
  718.79,   356.33,   233.56
  715.31,   356.92,   358.08
  717.80,   481.22,   109.44
  715.87,   479.40,   233.99
  712.50,   481.63,   358.44
  475.27,   222.72,   225.43
  478.02,   220.89,   350.57
  480.51,   219.64,   476.35
  476.29,   348.80,   227.56
  478.73,   346.91,   352.96
  480.93,   345.47,   478.33
  477.03,   474.89,   229.74
  479.02,   473.51,   354.38
  481.29,   471.90,   479.36
  600.26,   223.79,   223.76
  602.39,   221.31,   349.06
  604.99,   219.59,   474.43
  602.15,   348.20,   225.91
  604.03,   347.38,   350.90
  605.80,   346.76,   475.95
  603.21,   473.21,   227.57
  604.82,   473.55,   352.13
  606.20,   473.45,   477.16
  725.92,   226.03,   222.10
  727.20,   223.21,   347.83
  729.55,   220.50,   473.09
  727.52,   348.16,   224.32
  728.84,   348.11,   348.86
  730.48,   348.04,   473.46
  728.30,   470.86,   225.37
  729.76,   472.56,   349.68
  730.87,   474.02,   474.43
  475.04,   221.49,   350.01
  479.06,   222.46,   475.78
  482.38,   223.83,   601.28
  478.15,   347.49,   350.10
  481.90,   348.28,   475.44
  485.48,   349.52,   600.49
  480.88,   474.08,   349.24
  484.66,   474.76,   474.17
  488.61,   475.50,   599.30
  599.31,   219.40,   346.94
  603.47,   219.92,   472.31
  607.68,   221.28,   597.30
  603.38,   345.42,   346.52
  606.70,   347.07,   471.55
  610.24,   348.45,   596.43
  606.65,   471.50,   345.48
  609.55,   473.74,   470.45
  612.81,   474.79,   595.28
  724.04,   218.85,   344.19
  727.93,   218.33,   469.46
  732.52,   219.40,   593.95
  728.12,   343.68,   343.01
  731.32,   345.81,   467.57
  734.90,   347.16,   592.34
  731.52,   467.94,   341.53
  734.18,   471.71,   466.20
  737.01,   473.39,   591.11
  476.07,   224.38,   476.69
  474.99,   224.83,   602.24
  473.83,   225.46,   727.14
  477.12,   350.19,   477.33
  476.36,   350.45,   602.43
  475.24,   351.04,   727.12
  478.10,   476.64,   477.04
  477.74,   476.40,   602.24
  476.41,   476.51,   726.91
  600.60,   223.67,   477.54
  600.41,   224.11,   602.59
  600.16,   224.42,   727.66
  602.00,   350.84,   477.77
  601.21,   351.19,   602.72
  600.84,   350.92,   727.63
  603.03,   477.50,   477.68
  602.04,   477.45,   602.58
  601.42,   476.21,   727.30
  725.17,   223.87,   478.94
  725.42,   224.11,   603.45
  725.66,   225.25,   727.77
  726.70,   351.48,   478.06
  725.94,   351.80,   602.93
  725.81,   351.03,   728.16
  727.69,   477.44,   477.79
  726.25,   477.96,   602.75
  726.24,   476.11,   728.17
  476.83,   223.59,   599.32
  479.22,   227.43,   724.16
  483.48,   230.85,   849.19
  477.58,   349.18,   596.32
  480.07,   352.98,   720.95
  481.69,   356.64,   845.16
  478.35,   475.11,   592.92
  480.67,   478.43,   717.54
  481.46,   481.47,   841.77
  602.18,   223.38,   596.15
  605.50,   226.98,   721.15
  608.75,   230.40,   845.67
  602.39,   350.46,   593.09
  605.55,   353.49,   717.92
  608.44,   355.87,   842.67
  602.64,   476.75,   589.76
  605.52,   478.84,   714.37
  608.50,   480.48,   839.47
  727.10,   223.88,   593.56
  730.88,   228.32,   717.78
  733.16,   231.89,   841.75
  727.09,   351.62,   589.77
  730.37,   354.19,   714.89
  734.45,   355.89,   840.16
  726.86,   477.79,   586.37
  730.12,   479.42,   711.62
  735.20,   480.04,   837.28
  476.42,   351.12,   100.26
  473.59,   353.91,   225.54
  470.69,   356.69,   350.89
  478.57,   476.38,    97.30
  475.87,   479.92,   223.11
  472.49,   483.25,   347.66
  480.65,   600.85,    95.06
  477.30,   605.44,   219.87
  473.86,   609.38,   343.67
  601.84,   348.99,   104.49
  599.44,   351.73,   229.24
  596.02,   355.60,   354.17
  603.82,   473.69,   101.11
  602.02,   476.72,   226.30
  598.28,   481.74,   350.79
  605.27,   598.86,    97.58
  602.44,   602.46,   222.16
  599.09,   607.18,   347.05
  727.63,   347.33,   108.63
  724.72,   350.18,   232.99
  720.78,   354.83,   357.46
  729.47,   470.92,   105.00
  727.07,   472.91,   229.43
  723.22,   479.31,   353.72
  730.68,   596.62,   100.19
  727.69,   598.46,   224.31
  724.06,   603.35,   350.28
  475.20,   351.28,   225.23
  477.29,   352.78,   350.63
  479.14,   354.70,   475.98
  475.92,   477.33,   224.04
  477.55,   479.38,   348.66
  479.46,   481.15,   473.59
  475.78,   602.93,   222.04
  477.34,   605.57,   345.91
  479.34,   607.38,   470.54
  601.09,   350.58,   223.94
  602.65,   353.16,   348.92
  604.03,   356.00,   473.96
  602.10,   475.57,   222.24
  603.39,   479.26,   346.77
  604.41,   482.57,   471.80
  600.98,   601.37,   219.35
  602.61,   604.76,   344.27
  604.16,   607.43,   469.83
  726.48,   350.43,   222.71
  727.47,   353.77,   347.23
  728.73,   357.23,   471.78
  727.23,   473.12,   220.40
  728.35,   478.09,   344.70
  729.10,   482.96,   469.49
  726.24,   598.84,   216.44
  727.64,   602.28,   342.38
  728.67,   606.00,   468.67
  477.02,   351.09,   351.49
  476.22,   352.16,   476.87
  475.27,   353.66,   601.96
  480.71,   477.66,   350.37
  479.95,   478.59,   475.34
  479.38,   479.59,   600.54
  483.91,   603.85,   348.47
  483.25,   604.81,   473.18
  482.72,   605.34,   598.80
  602.28,   348.10,   352.46
  601.05,   350.02,   477.54
  600.06,   351.63,   602.49
  606.48,   474.20,   351.17
  604.84,   476.66,   476.22
  603.63,   477.88,   601.11
  609.17,   599.60,   349.55
  608.02,   601.54,   475.13
  606.99,   602.55,   600.00
  727.00,   345.46,   353.47
  725.69,   347.88,   478.09
  724.75,   349.45,   602.94
  731.34,   469.87,   351.76
  729.45,   473.85,   476.55
  727.80,   475.62,   601.52
  734.17,   593.87,   350.40
  732.48,   596.97,   476.52
  731.08,   599.15,   601.04
  475.53,   347.53,   474.17
  477.15,   351.13,   599.23
  478.46,   355.02,   723.87
  472.20,   473.83,   470.63
  474.24,   476.95,   595.78
  475.36,   480.41,   720.43
  468.47,   600.04,   466.37
  470.56,   602.69,   591.94
  471.93,   605.55,   717.38
  600.38,   352.43,   472.15
  601.93,   356.19,   597.05
  603.94,   359.24,   721.90
  597.15,   478.93,   468.81
  598.51,   482.29,   593.69
  600.20,   484.46,   718.29
  593.29,   603.90,   465.53
  594.88,   606.90,   590.52
  596.31,   609.31,   714.55
  725.05,   357.36,   469.96
  726.57,   361.14,   594.75
  728.72,   363.63,   719.97
  721.82,   483.03,   466.52
  722.65,   487.05,   591.39
  724.84,   488.70,   716.60
  717.77,   606.13,   464.42
  718.95,   610.28,   589.06
  721.02,   613.31,   712.50
  475.18,   347.13,   600.20
  474.97,   346.60,   724.89
  474.06,   346.02,   849.16
  478.85,   473.07,   601.14
  478.46,   472.04,   725.80
  476.49,   470.74,   850.12
  481.75,   598.85,   601.78
  481.54,   597.28,   727.02
  480.35,   596.26,   850.79
  600.01,   345.53,   599.56
  600.55,   344.18,   724.46
  600.69,   342.39,   849.14
  603.13,   471.85,   600.53
  603.45,   469.51,   725.27
  603.66,   466.94,   850.43
  606.02,   596.60,   601.73
  606.06,   594.44,   725.77
  606.63,   592.50,   850.05
  724.74,   343.81,   598.84
  725.51,   342.05,   724.00
  726.78,   339.60,   849.16
  727.33,   470.10,   599.73
  728.18,   467.16,   725.19
  730.69,   463.53,   850.89
  730.13,   593.75,   601.56
  730.99,   592.01,   725.43
  733.25,   589.43,   850.35
  474.06,   477.42,    98.13
  478.17,   478.49,   223.96
  481.63,   479.41,   348.55
  473.49,   601.95,    98.37
  476.91,   604.11,   223.11
  480.30,   605.62,   346.97
  472.16,   726.35,    98.02
  474.74,   728.74,   222.01
  478.72,   730.62,   345.19
  599.13,   477.42,    95.01
  604.30,   477.77,   220.33
  607.42,   480.34,   344.83
  598.08,   602.56,    94.02
  602.03,   603.63,   218.58
  605.52,   605.83,   343.50
  596.92,   727.61,    92.95
  598.39,   729.68,   216.14
  602.71,   730.48,   342.05
  724.51,   477.64,    92.07
  729.37,   476.37,   216.65
  732.32,   480.15,   340.92
  723.28,   603.22,    89.86
  727.25,   602.23,   213.80
  730.49,   604.40,   339.75
  722.20,   729.56,    87.63
  723.78,   730.12,   210.53
  727.21,   728.82,   338.98
  473.70,   476.39,   224.21
  476.09,   475.92,   348.86
  478.74,   475.21,   473.81
  474.63,   602.01,   224.64
  476.94,   602.16,   348.53
  479.70,   601.48,   473.23
  474.61,   726.67,   224.76
  477.52,   727.22,   347.98
  480.59,   726.82,   472.38
  599.88,   473.63,   221.68
  601.92,   474.82,   346.22
  603.69,   475.64,   471.25
  599.84,   599.45,   221.24
  602.23,   600.38,   346.16
  604.50,   600.63,   471.70
  598.34,   725.46,   220.06
  601.62,   724.99,   346.00
  604.97,   723.90,   472.24
  725.01,   470.19,   219.12
  726.88,   472.68,   343.42
  728.37,   475.11,   468.16
  725.10,   595.85,   217.63
  727.26,   596.94,   343.52
  729.01,   598.34,   469.69
  723.78,   723.60,   215.65
  726.17,   721.18,   344.08
  728.99,   719.90,   471.75
  474.57,   474.79,   350.55
  477.81,   471.04,   475.46
  481.19,   467.46,   600.58
  471.44,   600.95,   353.28
  474.82,   597.21,   477.98
  478.27,   593.16,   603.57
  468.16,   726.00,   355.73
  471.74,   722.58,   480.14
  474.96,   718.12,   606.37
  600.35,   477.81,   347.42
  602.71,   475.59,   472.39
  605.43,   472.25,   597.21
  596.66,   603.36,   350.45
  599.56,   600.53,   475.91
  602.51,   596.90,   600.75
  592.21,   727.90,   353.40
  596.15,   723.85,   479.42
  599.54,   720.02,   604.30
  725.29,   479.67,   344.10
  727.35,   479.10,   468.83
  729.61,   476.42,   593.68
  721.59,   603.98,   347.36
  724.00,   602.28,   473.49
  726.57,   599.87,   597.92
  716.52,   728.12,   351.15
  720.08,   723.83,   478.58
  723.98,   721.49,   602.43
  474.02,   475.09,   475.69
  473.17,   475.56,   600.88
  471.35,   476.42,   725.57
  470.52,   601.31,   473.95
  469.73,   601.32,   599.62
  468.16,   601.63,   725.06
  466.97,   726.76,   471.88
  465.91,   726.45,   598.12
  464.50,   725.97,   724.82
  598.92,   480.06,   476.81
  597.45,   480.69,   601.72
  596.29,   480.19,   726.40
  595.31,   605.00,   476.11
  594.04,   605.36,   601.04
  592.60,   605.12,   725.11
  591.42,   728.42,   475.33
  590.57,   728.60,   600.33
  589.30,   729.41,   724.12
  723.54,   484.07,   477.45
  721.58,   485.29,   602.38
  721.07,   484.14,   727.72
  719.73,   607.16,   477.96
  718.12,   608.69,   602.42
  717.44,   608.94,   725.96
  715.36,   728.73,   478.79
  715.05,   730.33,   602.71
  713.99,   733.00,   724.09
  474.98,   473.33,   600.38
  475.07,   470.24,   725.02
  473.57,   466.88,   849.30
  478.13,   599.08,   603.09
  478.39,   595.45,   728.31
  477.61,   592.36,   852.03
  480.91,   723.99,   605.66
  481.43,   719.75,   731.92
  482.45,   717.29,   855.56
  599.26,   471.88,   599.24
  600.05,   467.50,   723.94
  600.69,   462.86,   849.05
  602.40,   596.62,   602.49
  602.90,   592.37,   726.52
  603.92,   588.33,   850.80
  605.52,   719.68,   605.85
  606.16,   716.76,   729.19
  607.49,   714.42,   852.45
  723.45,   469.94,   597.90
  724.76,   464.95,   723.29
  727.69,   459.23,   848.98
  726.49,   593.57,   601.79
  727.82,   589.71,   725.64
  730.59,   584.99,   850.59
  730.00,   715.22,   606.03
  730.90,   713.93,   727.48
  731.88,   711.49,   850.72
  475.55,   601.48,   102.28
  473.70,   600.61,   227.02
  471.82,   599.01,   350.92
  471.73,   725.87,   104.82
  469.28,   725.23,   228.86
  468.00,   724.08,   351.99
  467.47,   850.44,   105.51
  464.84,   849.04,   230.71
  464.55,   848.06,   353.75
  600.19,   604.30,   103.20
  598.85,   602.61,   227.84
  597.06,   601.85,   352.82
  596.19,   729.57,   104.75
  592.88,   728.53,   228.47
  592.10,   726.41,   354.35
  592.26,   854.56,   105.93
  588.03,   853.06,   230.19
  587.90,   850.21,   356.34
  725.49,   606.98,   104.09
  723.98,   603.56,   228.40
  721.97,   602.97,   354.55
  721.38,   733.90,   104.23
  718.04,   731.07,   228.38
  716.43,   726.96,   356.99
  717.93,   859.39,   105.99
  713.48,   857.31,   230.56
  711.92,   851.74,   359.80
  476.24,   602.71,   225.55
  474.10,   605.86,   349.40
  472.43,   608.15,   474.01
  472.84,   727.29,   222.74
  471.31,   730.84,   345.87
  469.93,   733.52,   470.06
  469.40,   851.09,   219.88
  468.85,   854.69,   343.12
  467.93,   857.83,   467.29
  601.39,   603.65,   226.49
  599.31,   607.60,   351.45
  597.21,   610.70,   476.96
  596.47,   729.60,   222.37
  595.35,   732.13,   348.27
  594.35,   734.03,   474.31
  592.72,   854.23,   219.35
  592.19,   855.98,   345.60
  591.83,   857.64,   471.70
  726.58,   603.59,   227.20
  724.24,   607.63,   353.34
  721.64,   611.78,   479.58
  721.77,   731.22,   222.38
  719.75,   731.70,   350.98
  718.29,   733.28,   478.50
  718.39,   857.65,   219.73
  716.41,   856.81,   349.00
  715.64,   857.04,   476.25
  476.33,   600.33,   347.91
  476.41,   602.45,   472.56
  476.62,   604.18,   598.18
  479.07,   725.33,   344.62
  479.48,   727.77,   468.94
  479.46,   729.18,   595.02
  482.06,   849.15,   342.02
  483.00,   851.96,   466.36
  482.23,   853.84,   592.48
  601.65,   596.39,   348.29
  601.21,   599.45,   473.79
  600.92,   601.59,   598.69
  603.22,   720.92,   345.34
  603.87,   722.68,   471.54
  604.07,   724.63,   596.47
  605.36,   844.81,   342.87
  606.77,   845.95,   469.32
  607.08,   848.01,   594.03
  726.67,   590.86,   348.42
  725.71,   595.13,   474.51
  725.01,   598.40,   599.06
  727.84,   714.89,   346.20
  727.92,   716.56,   473.78
  728.53,   719.93,   597.83
  729.71,   839.82,   344.45
  730.57,   839.67,   472.09
  732.23,   842.62,   595.89
  474.97,   601.23,   473.24
  478.65,   603.21,   598.82
  481.56,   605.39,   724.07
  473.65,   726.64,   469.35
  477.10,   728.25,   595.45
  480.15,   729.74,   721.82
  472.80,   850.99,   466.50
  475.46,   853.03,   592.68
  477.07,   855.04,   718.36
  599.76,   602.56,   470.88
  602.94,   604.93,   595.78
  606.02,   606.63,   719.71
  598.04,   725.94,   468.32
  601.70,   727.99,   593.33
  604.95,   730.83,   716.78
  596.63,   849.43,   465.77
  600.32,   851.58,   590.64
  603.25,   855.24,   714.07
  724.26,   602.36,   468.13
  727.03,   605.88,   592.70
  730.82,   608.22,   716.21
  721.99,   723.97,   467.10
  726.15,   727.35,   591.33
  729.74,   731.99,   712.69
  720.31,   847.49,   465.07
  725.37,   850.35,   589.04
  729.09,   855.83,   710.58
  474.31,   599.48,   601.87
  470.44,   595.59,   727.14
  465.43,   592.29,   850.88
  473.20,   724.49,   604.68
  469.56,   719.92,   731.13
  466.31,   717.09,   854.87
  471.84,   849.27,   608.01
  466.84,   845.16,   733.78
  464.46,   843.05,   858.28
  598.59,   600.74,   605.54
  594.91,   596.24,   729.53
  591.58,   592.08,   853.67
  597.83,   723.91,   609.09
  594.31,   720.67,   732.58
  591.55,   718.13,   855.92
  596.86,   847.51,   612.40
  592.91,   845.26,   735.89
  589.78,   844.12,   860.27
  722.67,   601.38,   609.11
  719.86,   597.25,   732.77
  718.36,   592.41,   857.60
  722.35,   723.15,   613.48
  718.97,   721.63,   734.78
  715.79,   718.92,   858.04
  722.19,   846.13,   617.15
  718.58,   845.75,   738.34
  713.38,   843.91,   860.73
  598.58,    99.08,   102.49
  597.27,    96.15,   226.55
  595.46,    91.84,   351.10
  597.43,   224.41,   105.26
  596.32,   220.31,   229.44
  595.60,   215.84,   354.70
  598.08,   348.58,   108.74
  597.98,   344.81,   233.52
  596.97,   341.95,   358.52
  724.12,    99.29,   103.62
  722.11,    97.16,   227.66
  720.45,    92.84,   353.06
  723.63,   225.33,   106.73
  721.90,   222.73,   230.71
  720.37,   217.80,   356.42
  723.90,   348.57,   110.40
  723.35,   345.03,   234.80
  721.79,   343.00,   359.38
  848.54,    99.13,   102.58
  846.86,    96.19,   227.78
  845.79,    93.00,   354.55
  848.48,   225.56,   106.60
  846.99,   223.38,   231.10
  845.57,   218.87,   357.56
  848.79,   348.90,   111.29
  847.43,   345.89,   235.30
  846.10,   343.62,   359.61
  599.86,   101.56,   226.40
  601.84,    99.47,   351.04
  604.76,    97.87,   475.98
  600.66,   225.84,   227.01
  603.64,   223.81,   352.32
  607.08,   222.55,   477.67
  603.90,   350.27,   228.72
  606.59,   349.92,   353.69
  609.17,   349.77,   478.71
  724.77,   101.21,   223.78
  726.81,    99.22,   349.29
  729.51,    96.98,   474.54
  726.26,   226.78,   224.51
  728.41,   224.36,   350.23
  731.60,   222.12,   475.46
  729.19,   348.91,   226.27
  731.34,   349.32,   350.79
  733.82,   349.68,   475.36
  849.54,    98.65,   220.04
  852.19,    97.88,   346.91
  855.24,    96.60,   472.79
  851.23,   225.81,   221.05
  853.53,   223.77,   347.47
  856.73,   221.52,   473.18
  853.15,   348.33,   223.03
  855.52,   348.38,   347.19
  858.35,   347.96,   472.25
  599.49,   100.57,   350.62
  596.54,   100.61,   475.51
  594.61,   101.55,   600.84
  600.10,   224.94,   350.25
  597.64,   225.38,   475.59
  595.13,   226.62,   600.63
  601.84,   351.04,   349.98
  598.51,   352.51,   475.04
  595.42,   353.65,   599.98
  724.43,   101.48,   354.84
  721.27,   100.84,   480.00
  718.84,   102.00,   604.58
  724.87,   226.62,   354.12
  722.19,   226.14,   479.25
  720.15,   227.18,   603.73
  726.61,   351.68,   353.02
  723.18,   353.75,   477.60
  720.12,   354.87,   602.44
  849.82,   101.48,   358.54
  846.91,   101.69,   484.27
  844.04,   103.36,   607.99
  849.98,   227.27,   357.39
  847.27,   226.76,   482.93
  844.87,   227.52,   607.29
  850.81,   352.01,   355.36
  847.72,   353.46,   480.38
  844.70,   354.15,   605.64
  599.14,    97.00,   475.21
  600.94,    95.90,   600.59
  603.01,    95.05,   726.60
  597.87,   221.59,   477.36
  599.19,   220.72,   602.41
  600.49,   219.73,   727.49
  596.34,   348.66,   478.93
  597.06,   347.73,   603.89
  598.19,   346.21,   728.77
  723.92,    99.57,   475.95
  725.17,    98.68,   600.58
  726.89,    98.53,   724.86
  722.43,   224.76,   477.28
  724.18,   223.68,   601.80
  725.94,   223.54,   726.11
  721.04,   352.32,   477.73
  721.78,   351.35,   602.59
  723.17,   349.31,   727.80
  849.62,   102.74,   476.45
  850.52,   102.36,   600.28
  851.34,   102.03,   722.92
  847.52,   227.84,   477.15
  848.92,   226.40,   601.64
  849.51,   226.39,   725.01
  845.61,   354.49,   476.69
  846.37,   353.04,   602.03
  847.39,   351.04,   726.93
  600.01,    98.25,   600.24
  598.72,    99.61,   726.21
  597.42,   100.83,   851.93
  600.44,   223.18,   599.75
  598.30,   224.54,   724.80
  596.24,   225.79,   849.44
  600.55,   350.26,   598.87
  598.28,   351.04,   723.75
  595.55,   351.38,   848.43
  724.23,    98.90,   603.59
  722.63,   100.98,   727.89
  720.36,   101.99,   851.92
  725.44,   223.92,   602.51
  723.81,   226.07,   726.81
  720.58,   227.20,   850.88
  725.26,   351.62,   600.95
  723.24,   351.89,   726.15
  721.87,   351.41,   851.39
  849.51,   100.47,   606.55
  847.00,   102.27,   729.22
  844.16,   101.27,   853.59
  850.19,   224.41,   605.70
  847.37,   226.80,   728.98
  843.63,   228.76,   852.50
  849.85,   350.97,   603.80
  847.49,   351.37,   728.64
  845.80,   352.19,   853.39
  600.55,   225.89,   100.23
  601.57,   227.48,   224.38
  602.94,   228.72,   349.71
  600.09,   350.17,    98.04
  602.36,   351.85,   222.87
  603.47,   354.77,   347.84
  599.35,   474.97,    95.53
  602.24,   476.83,   220.86
  603.09,   480.84,   345.39
  726.74,   227.52,    99.69
  727.24,   230.73,   223.52
  727.76,   231.63,   349.21
  725.79,   351.12,    97.67
  727.75,   352.75,   222.07
  728.30,   356.46,   346.56
  724.86,   475.09,    94.84
  727.36,   475.47,   219.42
  728.06,   480.74,   343.73
  851.51,   228.58,    97.50
  852.18,   232.12,   221.73
  852.87,   233.40,   348.04
  850.84,   352.31,    96.47
  851.76,   354.49,   220.49
  852.49,   357.92,   344.54
  850.69,   477.17,    94.09
  852.16,   477.33,   217.99
  852.13,   481.55,   341.83
  598.81,   224.08,   223.17
  599.93,   220.54,   348.45
  601.53,   217.74,   473.81
  601.00,   348.50,   226.37
  601.87,   346.59,   351.36
  602.63,   344.86,   476.42
  602.36,   473.52,   229.09
  602.95,   472.78,   353.65
  603.34,   471.57,   478.69
  724.46,   226.01,   222.52
  724.74,   222.10,   348.23
  726.09,   218.31,   473.48
  726.38,   348.15,   225.78
  726.68,   347.05,   350.33
  727.33,   345.86,   474.94
  727.46,   470.88,   227.88
  727.91,   471.56,   352.20
  728.01,   471.91,   476.96
  849.48,   226.10,   220.93
  849.92,   222.60,   347.36
  851.26,   218.80,   473.09
  850.42,   348.55,   224.41
  850.93,   347.17,   348.62
  851.91,   345.33,   473.66
  852.12,   471.33,   226.61
  851.93,   471.02,   350.44
  852.13,   470.50,   475.46
  600.69,   223.57,   350.94
  599.65,   224.92,   476.31
  598.57,   227.08,   601.35
  604.76,   349.64,   349.80
  602.85,   352.06,   474.85
  601.17,   354.14,   599.79
  608.00,   475.71,   348.05
  605.68,   478.68,   473.08
  603.78,   480.39,   597.97
  725.44,   222.93,   353.44
  724.18,   223.32,   478.61
  723.56,   225.29,   603.10
  729.50,   347.96,   351.47
  727.50,   350.90,   476.06
  725.86,   352.96,   600.90
  732.87,   472.30,   349.30
  730.31,   476.79,   474.09
  727.97,   479.09,   599.04
  850.57,   221.26,   355.34
  849.28,   221.60,   480.96
  848.29,   223.25,   605.33
  853.69,   345.95,   352.46
  852.04,   348.18,   477.51
  850.45,   349.76,   602.80
  856.80,   469.82,   350.26
  854.34,   473.23,   475.33
  852.52,   475.41,   600.66
  601.50,   222.68,   475.04
  603.05,   225.77,   600.06
  604.56,   228.74,   725.10
  604.65,   349.80,   472.63
  605.56,   352.86,   597.54
  606.94,   355.21,   722.43
  607.42,   476.42,   469.89
  608.08,   479.12,   594.77
  609.20,   480.51,   719.45
  726.02,   221.13,   474.80
  728.00,   223.99,   599.28
  729.97,   227.83,   723.54
  729.31,   348.64,   471.27
  730.26,   351.68,   596.08
  731.79,   353.59,   721.27
  732.09,   474.49,   468.31
  732.30,   477.82,   593.25
  733.88,   478.75,   718.61
  851.15,   219.47,   474.55
  852.76,   221.95,   598.98
  853.54,   225.78,   722.32
  853.85,   345.95,   470.13
  854.85,   348.43,   595.43
  856.03,   350.41,   720.26
  856.11,   470.96,   466.95
  856.83,   474.04,   592.30
  858.56,   475.96,   717.40
  598.79,   223.20,   601.60
  601.52,   226.51,   726.62
  604.22,   229.69,   851.15
  597.40,   350.20,   598.84
  599.98,   352.96,   723.67
  602.17,   355.16,   848.38
  596.08,   476.43,   595.79
  598.36,   478.27,   720.41
  600.58,   479.77,   845.46
  723.76,   225.35,   599.48
  726.96,   229.48,   723.76
  728.60,   232.67,   847.78
  722.10,   353.03,   596.03
  724.87,   355.27,   721.19
  728.39,   356.68,   846.47
  720.27,   479.17,   592.94
  723.04,   480.42,   718.21
  727.55,   480.85,   843.86
  848.50,   227.25,   597.84
  850.57,   231.40,   721.23
  851.70,   235.33,   844.71
  846.70,   353.91,   593.95
  849.12,   356.13,   718.86
  852.20,   358.70,   843.62
  844.78,   479.58,   590.60
  847.70,   481.71,   715.74
  851.80,   483.01,   841.46
  598.56,   349.27,    98.55
  597.24,   350.32,   223.37
  594.84,   352.50,   348.35
  596.36,   474.07,    96.64
  595.66,   475.39,   221.99
  592.97,   478.67,   346.53
  593.80,   599.19,    94.79
  591.99,   601.23,   219.48
  589.65,   604.29,   344.31
  724.32,   351.67,   101.68
  722.64,   352.75,   226.08
  719.69,   355.80,   350.59
  721.95,   475.49,    99.46
  720.79,   475.60,   224.03
  717.97,   480.29,   348.39
  719.04,   601.13,    96.30
  717.12,   601.36,   220.43
  714.61,   604.58,   346.40
  849.33,   354.35,   104.00
  846.67,   355.97,   228.03
  843.89,   358.85,   352.14
  847.79,   478.90,   102.20
  845.51,   478.67,   226.04
  842.03,   482.46,   349.97
  845.51,   604.78,    98.57
  843.76,   604.06,   222.92
  839.30,   605.39,   349.19
  600.95,   348.20,   226.49
  599.66,   350.17,   351.50
  598.25,   352.34,   476.58
  605.11,   473.11,   225.40
  603.53,   476.28,   349.96
  601.72,   478.96,   475.02
  607.11,   598.82,   223.09
  605.90,   601.71,   348.09
  604.59,   603.86,   473.65
  726.24,   345.15,   228.11
  724.41,   347.81,   352.69
  722.89,   350.52,   477.30
  730.16,   467.73,   226.45
  728.43,   472.24,   350.75
  726.35,   476.46,   475.55
  732.41,   593.18,   223.17
  730.90,   596.28,   349.12
  729.06,   599.58,   475.28
  850.22,   342.84,   228.93
  848.61,   345.17,   353.24
  847.43,   347.23,   478.25
  854.68,   465.55,   227.39
  852.38,   469.00,   351.21
  850.42,   472.29,   476.26
  859.05,   590.73,   225.01
  855.46,   591.84,   350.91
  852.83,   594.63,   476.29
  598.98,   351.28,   351.70
  598.32,   351.88,   476.80
  597.90,   352.17,   601.76
  597.55,   477.47,   351.69
  596.55,   478.49,   476.77
  595.97,   478.37,   601.68
  594.67,   603.06,   351.33
  594.20,   603.51,   476.84
  593.81,   603.12,   601.78
  723.82,   354.13,   352.07
  723.02,   355.39,   476.68
  722.61,   355.66,   601.56
  722.54,   478.65,   351.68
  721.22,   481.27,   476.54
  720.14,   481.74,   601.47
  719.65,   602.89,   351.60
  718.67,   604.48,   477.79
  717.92,   605.24,   602.27
  848.05,   356.68,   351.73
  847.58,   357.35,   476.75
  847.20,   357.16,   602.10
  846.60,   480.39,   351.39
  845.31,   482.32,   476.43
  844.69,   482.82,   601.74
  844.30,   603.29,   352.54
  842.58,   604.61,   478.10
  842.50,   606.43,   602.23
  600.68,   351.77,   476.34
  599.88,   348.74,   601.26
  599.50,   345.14,   726.12
  598.12,   478.33,   479.58
  597.16,   474.89,   604.44
  596.53,   470.35,   729.13
  594.99,   603.27,   482.95
  594.22,   599.59,   607.78
  593.28,   595.25,   731.84
  725.37,   356.05,   476.68
  724.58,   352.98,   601.53
  724.45,   348.86,   726.71
  722.75,   481.89,   479.81
  721.32,   479.02,   604.69
  721.34,   473.80,   730.06
  719.41,   605.04,   484.37
  718.31,   602.54,   608.68
  718.24,   598.57,   732.36
  849.90,   358.73,   477.21
  849.15,   355.21,   602.55
  848.67,   351.17,   727.41
  846.81,   483.66,   480.19
  845.87,   480.86,   605.44
  845.98,   476.56,   730.64
  843.30,   605.95,   485.11
  842.93,   604.55,   609.11
  843.73,   602.15,   733.21
  598.61,   351.86,   599.36
  597.68,   350.81,   724.25
  596.29,   349.33,   848.94
  601.66,   478.12,   600.02
  600.49,   476.10,   724.73
  599.16,   473.90,   849.84
  604.48,   602.80,   600.93
  603.05,   601.03,   724.94
  602.11,   599.53,   849.12
  723.31,   350.23,   600.08
  722.63,   348.70,   725.28
  722.53,   346.48,   850.50
  725.84,   476.40,   600.71
  725.26,   473.78,   726.12
  726.29,   470.51,   851.80
  728.58,   599.94,   602.26
  727.96,   598.63,   726.00
  728.68,   596.51,   850.82
  847.90,   346.65,   601.58
  846.85,   345.26,   726.42
  846.34,   344.38,   851.08
  850.39,   472.33,   601.94
  849.89,   470.63,   727.15
  850.56,   468.17,   852.99
  853.16,   596.09,   603.03
  853.44,   596.28,   727.28
  853.45,   594.45,   853.32
  601.54,   473.17,    98.41
  605.94,   472.96,   223.69
  608.36,   474.91,   348.23
  600.08,   598.34,    97.99
  603.40,   598.81,   222.61
  606.18,   600.43,   347.56
  598.38,   723.51,    97.43
  599.42,   724.87,   220.83
  603.07,   725.06,   346.79
  727.00,   473.65,    96.15
  731.00,   472.01,   220.72
  733.25,   475.22,   344.99
  725.35,   599.22,    94.49
  728.62,   597.73,   218.58
  731.15,   599.42,   344.53
  723.69,   725.78,    92.68
  724.81,   725.51,   216.00
  727.57,   723.69,   344.49
  852.73,   476.19,    93.84
  855.74,   474.38,   217.74
  857.26,   476.49,   341.52
  851.59,   601.89,    91.91
  855.43,   599.77,   216.26
  855.85,   599.44,   342.38
  849.38,   727.60,    89.81
  852.80,   726.10,   214.38
  853.47,   723.44,   342.53
  602.17,   476.22,   227.27
  603.56,   478.64,   351.83
  604.73,   480.61,   476.88
  602.62,   602.02,   225.62
  604.40,   604.11,   350.62
  606.09,   605.47,   476.20
  601.63,   728.02,   223.25
  604.34,   728.62,   349.33
  607.11,   728.62,   475.61
  727.26,   472.23,   225.29
  728.51,   475.99,   349.61
  729.39,   479.51,   474.42
  727.89,   597.86,   222.64
  729.41,   600.11,   348.65
  730.57,   602.60,   474.85
  727.13,   725.54,   219.55
  728.88,   724.20,   348.13
  731.12,   724.05,   475.75
  851.93,   471.38,   223.29
  852.53,   474.14,   347.12
  853.44,   476.73,   472.15
  854.64,   596.74,   221.37
  854.08,   597.05,   347.45
  854.35,   599.04,   472.90
  855.15,   723.00,   219.08
  854.77,   720.93,   347.18
  856.06,   721.26,   473.71
  602.91,   476.12,   349.59
  599.30,   478.21,   474.63
  596.15,   479.08,   599.52
  599.32,   601.66,   348.18
  596.24,   603.19,   473.66
  593.29,   603.81,   598.57
  594.86,   726.29,   346.62
  592.89,   726.63,   472.63
  590.36,   727.06,   597.60
  727.79,   478.05,   352.11
  723.90,   481.71,   476.94
  720.27,   483.16,   601.85
  724.23,   602.21,   350.99
  720.66,   604.85,   477.16
  717.35,   606.62,   601.61
  719.26,   726.34,   350.25
  716.83,   726.41,   477.74
  714.81,   728.27,   601.66
  851.74,   480.65,   354.37
  847.91,   483.45,   479.42
  844.77,   484.96,   604.68
  848.76,   603.43,   354.57
  844.48,   605.72,   480.03
  841.90,   608.56,   604.11
  844.83,   727.23,   354.11
  841.68,   727.79,   480.74
  840.00,   730.89,   604.34
  601.94,   478.67,   476.20
  601.33,   479.15,   601.10
  601.09,   478.44,   725.81
  598.58,   603.60,   475.74
  598.19,   603.81,   600.66
  597.65,   603.37,   724.71
  594.94,   726.98,   475.22
  594.98,   726.99,   600.21
  594.61,   727.67,   723.88
  726.57,   482.38,   475.94
  725.50,   483.45,   600.88
  725.85,   482.15,   726.25
  723.03,   605.48,   476.66
  722.28,   606.86,   601.15
  722.52,   606.95,   724.73
  718.90,   727.04,   477.73
  719.47,   728.48,   601.69
  719.33,   730.99,   723.07
  850.59,   484.32,   475.87
  850.02,   485.40,   601.16
  850.54,   485.13,   726.32
  846.86,   606.57,   476.97
  846.85,   609.00,   601.06
  848.07,   610.66,   725.09
  843.79,   728.72,   478.12
  844.68,   731.39,   601.80
  845.48,   734.78,   724.02
  602.18,   476.25,   600.44
  599.27,   473.19,   725.12
  596.11,   469.97,   850.18
  601.83,   600.97,   602.34
  598.63,   598.14,   726.35
  595.84,   595.60,   850.52
  601.45,   724.11,   604.29
  598.40,   722.54,   727.77
  596.05,   721.66,   851.10
  726.36,   477.69,   602.90
  724.06,   473.99,   728.28
  723.32,   469.71,   853.91
  725.93,   601.25,   605.44
  723.57,   598.85,   729.13
  722.52,   595.69,   853.93
  725.97,   722.97,   608.27
  723.11,   723.14,   729.60
  720.25,   722.22,   852.67
  850.91,   476.76,   605.91
  848.73,   474.03,   731.09
  847.73,   470.46,   856.93
  850.55,   600.60,   608.01
  849.09,   599.73,   732.19
  847.37,   596.70,   858.21
  851.20,   723.24,   610.89
  849.40,   724.15,   733.33
  846.15,   721.97,   858.95
  601.01,   599.19,   101.28
  598.28,   597.00,   225.95
  594.99,   595.86,   350.83
  599.48,   724.47,   103.30
  594.73,   722.96,   226.99
  592.43,   720.49,   352.82
  597.94,   849.58,   104.91
  592.14,   847.68,   229.02
  590.52,   844.32,   355.26
  726.36,   599.34,   103.73
  723.46,   595.44,   228.03
  719.95,   594.63,   353.97
  724.67,   726.29,   104.26
  719.98,   722.93,   228.41
  716.86,   718.61,   356.86
  723.58,   852.06,   106.27
  717.65,   849.40,   230.85
  714.56,   843.26,   360.15
  852.98,   601.51,   107.17
  849.96,   596.63,   231.72
  844.45,   593.96,   357.72
  851.07,   727.68,   107.48
  847.65,   722.75,   232.87
  842.27,   717.49,   361.05
  850.65,   853.54,   109.54
  845.63,   849.67,   235.51
  841.11,   843.58,   363.77
  599.23,   601.98,   226.26
  597.43,   606.01,   351.19
  595.61,   609.20,   476.68
  595.18,   727.91,   222.08
  594.32,   730.56,   347.93
  593.59,   732.57,   473.96
  592.23,   852.58,   218.93
  591.97,   854.42,   345.18
  591.90,   856.15,   471.29
  724.44,   601.03,   226.73
  722.40,   605.22,   352.80
  720.06,   609.49,   479.02
  720.49,   728.65,   221.80
  718.75,   729.30,   350.34
  717.56,   731.00,   477.87
  717.89,   855.15,   219.00
  716.20,   854.37,   348.29
  715.71,   854.66,   475.59
  851.10,   602.82,   228.90
  847.01,   605.06,   355.12
  843.96,   609.05,   480.63
  848.33,   729.12,   224.68
  844.42,   728.90,   352.92
  842.51,   731.14,   479.60
  846.01,   856.24,   222.08
  843.06,   855.47,   350.39
  841.59,   856.39,   477.50
  599.07,   601.91,   348.68
  599.97,   601.65,   474.21
  600.96,   600.54,   599.13
  600.76,   726.41,   348.99
  602.73,   724.88,   475.20
  604.19,   723.61,   600.11
  603.14,   850.22,   349.86
  605.76,   848.16,   476.22
  607.28,   847.01,   600.87
  724.10,   596.26,   347.46
  724.47,   597.22,   473.59
  725.04,   597.29,   598.14
  725.30,   720.31,   348.55
  726.75,   718.68,   476.11
  728.65,   718.88,   600.09
  727.38,   845.17,   350.18
  729.58,   841.83,   477.63
  732.48,   841.61,   601.31
  848.76,   591.48,   346.90
  848.29,   592.04,   472.38
  849.54,   592.97,   596.62
  851.06,   715.20,   348.40
  851.55,   714.04,   474.91
  853.71,   715.45,   598.55
  854.49,   841.56,   349.13
  855.62,   839.07,   476.28
  858.02,   839.18,   600.80
  598.53,   601.66,   475.67
  601.69,   603.26,   600.54
  604.75,   604.20,   724.48
  597.33,   725.03,   473.83
  600.96,   726.38,   598.79
  604.18,   728.51,   722.22
  596.43,   848.51,   472.01
  600.06,   849.97,   596.81
  602.95,   852.97,   720.24
  723.01,   601.07,   472.93
  725.78,   603.82,   597.44
  729.61,   605.32,   721.02
  721.30,   722.64,   472.65
  725.42,   725.38,   596.72
  728.95,   729.28,   718.08
  720.14,   846.05,   471.35
  725.17,   848.33,   595.16
  728.76,   853.17,   716.62
  846.85,   599.65,   469.62
  850.28,   603.34,   593.77
  855.09,   606.41,   717.77
  846.12,   721.76,   469.41
  850.52,   725.73,   593.17
  855.14,   730.55,   715.56
  846.04,   846.94,   468.09
  850.75,   849.63,   592.72
  854.27,   854.73,   714.75
  599.29,   601.17,   598.92
  597.35,   597.95,   722.96
  595.80,   594.96,   847.15
  597.65,   724.33,   601.23
  595.86,   722.29,   724.82
  594.73,   720.97,   848.15
  595.81,   847.94,   603.31
  593.60,   846.81,   726.87
  592.00,   846.90,   851.26
  723.40,   602.68,   600.82
  722.24,   599.93,   724.49
  722.41,   596.38,   849.25
  722.16,   724.35,   604.08
  720.58,   724.09,   725.46
  718.93,   722.86,   848.39
  721.05,   847.34,   606.51
  719.39,   848.10,   727.88
  715.91,   847.85,   850.10
  847.99,   603.24,   602.18
  847.75,   602.04,   726.28
  847.35,   598.76,   852.19
  847.37,   725.76,   605.54
  846.79,   726.33,   727.88
  844.94,   724.02,   853.22
  846.72,   849.59,   609.17
  844.83,   850.63,   730.76
  841.28,   848.66,   854.62
