27, 125, pa2-debug-b-output1.txt
  190.87,   201.92,   197.22
  401.56,   395.51,   208.58
  101.36,    98.49,   101.00
  105.05,    97.84,   225.35
  108.95,    98.14,   350.45
   98.78,   223.04,   100.65
  102.50,   223.36,   225.89
  106.29,   223.47,   350.18
   96.17,   348.00,   100.96
  100.09,   347.88,   225.59
  103.88,   348.13,   350.57
  226.39,   100.53,    96.98
  230.40,   100.67,   222.62
  233.63,   101.14,   346.74
  224.02,   225.52,    97.10
  227.65,   225.78,   222.17
  230.60,   226.01,   346.71
  221.77,   351.10,    96.82
  224.78,   351.16,   221.88
  228.10,   350.67,   346.90
  351.53,   103.16,    93.69
  354.97,   103.45,   218.76
  358.44,   103.34,   343.71
  348.76,   227.97,    93.30
  352.00,   228.49,   218.77
  356.14,   228.59,   343.62
  346.62,   353.77,    93.92
  349.67,   353.34,   218.60
  353.00,   354.06,   343.24
  100.38,    99.98,   226.34
   99.42,    97.18,   350.89
  100.05,    93.19,   476.16
   97.32,   225.70,   229.98
   97.22,   222.18,   355.15
   96.98,   218.51,   479.31
   94.18,   350.16,   233.52
   93.92,   346.53,   357.88
   93.87,   343.77,   483.19
  224.61,   103.03,   226.16
  225.04,    99.43,   351.32
  225.31,    96.11,   476.78
  222.11,   228.16,   230.05
  222.32,   224.77,   354.80
  222.24,   221.70,   480.11
  219.51,   353.59,   233.54
  218.66,   350.07,   358.83
  218.69,   346.01,   483.23
  349.75,   106.44,   226.63
  349.64,   102.39,   351.18
  350.30,    98.88,   476.82
  347.26,   231.62,   230.02
  346.58,   227.54,   354.69
  347.32,   223.91,   479.75
  344.19,   356.17,   234.00
  343.80,   352.40,   358.05
  344.22,   348.99,   483.39
  100.51,    99.81,   351.40
  100.28,    97.35,   477.03
   98.79,    95.62,   601.83
  103.79,   223.88,   353.39
  103.31,   221.93,   478.97
  102.72,   220.80,   603.65
  106.38,   349.30,   355.30
  105.65,   347.22,   480.64
  105.49,   345.80,   605.39
  225.36,    96.77,   352.41
  224.96,    94.50,   477.47
  224.37,    92.70,   602.16
  228.47,   220.95,   354.02
  228.22,   219.29,   478.91
  227.50,   217.55,   603.78
  231.69,   345.95,   356.10
  230.75,   344.02,   481.57
  230.41,   342.44,   606.33
  350.38,    93.14,   352.80
  350.13,    90.99,   478.31
  349.01,    89.15,   603.02
  353.43,   218.37,   355.14
  353.02,   216.68,   479.59
  351.97,   213.96,   604.36
  356.61,   342.89,   356.74
  356.05,   341.27,   481.71
  355.08,   339.23,   606.52
  100.28,    98.89,   474.92
   96.66,    97.12,   599.29
   93.31,    95.97,   724.43
   97.55,   224.32,   476.60
   94.35,   222.62,   601.58
   91.10,   220.72,   726.71
   95.82,   348.94,   478.10
   92.62,   347.75,   602.68
   88.33,   345.86,   727.82
  225.14,   101.50,   477.63
  221.86,    99.23,   603.03
  218.40,    97.54,   728.15
  223.14,   225.85,   480.23
  219.03,   224.55,   604.83
  215.47,   222.42,   729.55
  220.15,   350.79,   481.89
  216.95,   349.12,   606.76
  213.70,   347.20,   731.93
  350.04,   103.74,   481.57
  346.44,   101.92,   606.40
  342.78,    99.39,   731.33
  347.42,   228.75,   483.09
  344.62,   226.49,   608.22
  341.21,   224.62,   732.97
  345.85,   353.12,   485.31
  341.82,   351.62,   610.22
  338.66,   350.05,   735.06
  102.36,    97.59,   600.81
   99.68,    97.78,   725.62
   98.06,    97.30,   851.27
  102.34,   223.01,   601.84
  100.53,   223.13,   726.54
   98.82,   222.24,   851.77
  102.33,   347.78,   601.74
  101.11,   347.14,   726.80
   98.96,   347.01,   852.00
  227.13,    97.45,   602.72
  225.01,    97.26,   727.65
  222.75,    96.65,   853.14
  227.54,   222.36,   603.59
  225.31,   221.72,   728.44
  223.86,   222.26,   853.76
  227.56,   347.70,   604.13
  225.56,   347.58,   729.00
  224.02,   346.49,   853.31
  352.22,    97.58,   604.58
  350.22,    96.89,   730.32
  347.73,    96.06,   854.75
  352.56,   222.26,   605.06
  350.73,   221.43,   730.18
  348.49,   221.31,   855.18
  352.76,   347.22,   605.80
  351.16,   346.91,   731.23
  348.72,   346.10,   855.37
  100.55,   225.74,    99.68
  103.08,   226.63,   224.77
  104.92,   227.55,   349.63
  104.38,   350.77,    98.95
  105.91,   351.39,   223.75
  107.58,   352.48,   348.46
  107.51,   475.68,    97.34
  109.57,   476.35,   222.28
  111.04,   477.17,   347.15
  225.45,   222.66,    97.81
  227.36,   223.32,   222.44
  229.53,   223.95,   347.01
  228.88,   347.93,    96.69
  231.24,   348.86,   221.38
  233.22,   349.41,   346.28
  232.40,   472.92,    95.34
  233.78,   473.73,   220.33
  236.77,   474.39,   344.93
  350.84,   219.32,    94.91
  352.14,   220.11,   220.16
  354.69,   221.10,   345.35
  353.33,   343.88,    94.77
  356.11,   345.08,   219.75
  358.23,   346.40,   344.29
  357.25,   469.13,    93.15
  359.26,   470.24,   218.35
  361.35,   471.13,   343.15
  101.11,   226.43,   224.39
   99.62,   228.51,   349.15
   98.68,   230.82,   473.72
   97.42,   351.15,   221.35
   97.00,   353.25,   346.49
   95.34,   356.16,   471.72
   94.40,   475.92,   218.84
   93.21,   478.59,   344.48
   92.49,   481.10,   469.49
  225.89,   229.32,   225.02
  224.60,   231.82,   349.90
  224.31,   233.78,   474.99
  222.05,   354.24,   222.53
  221.92,   356.25,   347.51
  220.51,   359.47,   472.69
  218.69,   478.77,   220.27
  218.05,   481.49,   344.95
  216.70,   483.72,   470.44
  350.95,   233.21,   226.19
  349.35,   234.81,   350.36
  349.19,   237.93,   475.77
  347.42,   357.55,   223.21
  346.56,   359.96,   348.25
  345.35,   362.93,   473.53
  343.80,   482.53,   221.33
  342.65,   484.50,   345.80
  342.19,   487.73,   470.98
   98.26,   226.27,   348.83
   97.19,   222.41,   473.53
   95.93,   218.96,   598.73
   97.48,   351.53,   352.45
   95.86,   347.40,   477.38
   94.95,   343.90,   602.26
   96.12,   476.84,   356.17
   95.04,   472.72,   480.91
   94.22,   469.09,   606.46
  223.39,   227.15,   349.96
  222.67,   223.65,   475.09
  221.35,   220.43,   600.27
  222.52,   352.85,   354.12
  221.50,   348.85,   478.29
  220.31,   344.68,   603.39
  221.69,   477.66,   357.34
  220.28,   473.48,   481.97
  219.46,   469.87,   607.64
  348.37,   228.76,   351.57
  347.35,   224.59,   476.70
  346.22,   220.95,   601.49
  347.62,   353.41,   354.72
  346.02,   349.51,   479.95
  345.39,   346.07,   604.44
  346.98,   478.10,   358.33
  345.41,   474.45,   484.07
  344.60,   470.74,   608.66
  100.78,   224.35,   473.24
   97.84,   221.71,   598.14
   96.01,   218.86,   723.42
   99.39,   349.46,   475.99
   96.56,   347.19,   600.77
   94.44,   344.16,   725.49
   97.31,   474.12,   479.05
   95.53,   471.54,   603.84
   92.50,   468.87,   728.88
  225.46,   226.37,   476.43
  222.90,   223.57,   600.94
  220.15,   220.49,   726.00
  224.60,   350.91,   479.18
  221.58,   348.38,   604.01
  218.92,   346.03,   728.47
  222.72,   475.72,   481.45
  220.53,   473.00,   606.02
  217.39,   470.41,   731.37
  351.15,   227.37,   478.74
  348.54,   225.04,   603.94
  345.88,   222.57,   728.73
  349.42,   351.98,   481.50
  346.37,   349.92,   606.54
  344.39,   347.67,   731.35
  347.88,   477.26,   483.59
  344.76,   474.45,   609.05
  341.92,   472.03,   733.84
  100.95,   224.69,   599.43
  103.12,   221.95,   724.96
  106.41,   218.47,   849.04
  101.40,   349.88,   602.43
  104.04,   346.70,   727.79
  106.17,   343.56,   852.97
  101.32,   474.67,   605.79
  103.92,   471.98,   731.06
  107.09,   468.31,   855.53
  225.79,   224.42,   596.93
  228.70,   221.51,   721.83
  231.09,   217.87,   846.86
  226.60,   349.14,   600.32
  228.39,   346.06,   724.57
  231.87,   343.35,   850.34
  226.82,   474.05,   603.34
  229.13,   471.54,   728.26
  231.59,   467.38,   853.19
  350.51,   223.98,   594.53
  353.82,   221.25,   718.95
  355.75,   217.35,   843.81
  350.71,   348.73,   597.40
  354.07,   345.41,   722.06
  356.05,   342.82,   847.57
  351.36,   474.45,   600.59
  354.19,   470.27,   726.00
  357.27,   467.56,   850.70
   98.99,   348.01,    98.44
   95.23,   351.33,   223.31
   91.23,   353.74,   348.48
   98.48,   472.63,    95.59
   94.47,   476.03,   220.03
   91.11,   478.35,   345.27
   98.23,   597.75,    93.02
   94.52,   600.73,   217.35
   90.66,   603.88,   342.17
  223.84,   348.63,   102.01
  219.90,   351.78,   226.79
  216.74,   354.42,   351.67
  223.74,   473.52,    98.59
  219.48,   476.59,   223.77
  216.20,   478.90,   349.00
  222.55,   598.87,    96.27
  219.40,   601.32,   220.77
  215.66,   604.51,   345.86
  348.48,   349.37,   105.08
  345.29,   351.96,   230.16
  341.58,   354.69,   355.31
  347.89,   474.27,   102.92
  345.01,   476.30,   227.37
  340.93,   480.03,   352.05
  347.85,   598.85,    99.42
  344.37,   601.73,   224.23
  340.39,   604.79,   349.16
  100.34,   351.55,   223.73
   96.64,   350.77,   348.88
   93.17,   351.15,   473.78
  102.37,   476.98,   224.72
   99.21,   475.70,   349.20
   95.49,   475.57,   474.34
  104.54,   601.30,   225.07
  100.34,   600.95,   349.77
   97.29,   600.58,   474.54
  225.17,   349.65,   227.83
  221.84,   349.69,   352.29
  218.78,   348.64,   477.88
  227.15,   474.76,   228.17
  223.83,   474.20,   353.52
  220.00,   474.11,   478.19
  229.03,   599.68,   228.84
  225.88,   599.44,   353.17
  221.55,   598.82,   478.57
  350.52,   348.38,   231.10
  346.87,   347.90,   355.70
  343.41,   346.64,   481.22
  352.16,   473.18,   232.20
  348.83,   473.04,   356.67
  345.59,   472.16,   481.33
  354.06,   598.11,   232.56
  350.05,   597.21,   357.23
  347.01,   597.43,   482.17
   98.37,   350.32,   349.68
   97.04,   352.46,   474.43
   96.47,   355.85,   599.47
   99.49,   474.91,   346.60
   97.79,   478.26,   471.81
   96.89,   480.60,   596.55
   99.16,   600.12,   344.20
   98.41,   602.42,   468.69
   97.14,   605.50,   593.79
  223.39,   349.89,   350.32
  222.79,   352.94,   475.87
  221.40,   355.62,   600.84
  223.95,   474.74,   348.13
  222.81,   477.95,   472.79
  221.24,   480.35,   597.79
  223.96,   599.92,   344.70
  222.93,   602.92,   469.84
  222.19,   605.12,   594.69
  348.51,   350.05,   351.62
  347.43,   352.85,   476.78
  346.15,   355.35,   601.47
  348.87,   474.56,   349.08
  347.95,   477.00,   473.63
  346.97,   479.70,   598.81
  348.99,   599.69,   346.33
  348.27,   601.98,   470.72
  346.81,   605.28,   596.03
   99.71,   350.14,   473.60
  100.82,   350.24,   598.07
  102.77,   351.76,   723.57
  101.10,   474.56,   472.06
  101.92,   475.95,   596.79
  103.82,   476.78,   722.00
  102.15,   599.20,   471.12
  103.05,   600.79,   596.58
  104.56,   602.05,   721.43
  225.49,   349.08,   472.46
  225.84,   349.19,   597.51
  227.58,   350.47,   722.56
  225.98,   473.49,   470.90
  227.10,   474.57,   596.46
  228.61,   475.92,   720.55
  226.90,   598.92,   470.22
  228.52,   599.40,   594.87
  229.41,   600.56,   720.45
  350.48,   347.70,   470.49
  351.66,   348.63,   596.42
  352.17,   349.84,   720.84
  351.27,   472.85,   470.34
  352.19,   474.04,   594.62
  353.51,   474.49,   720.12
  351.79,   597.62,   468.91
  353.71,   598.77,   594.17
  354.66,   599.75,   719.33
  101.90,   347.95,   598.72
   98.96,   348.41,   723.46
   96.23,   348.03,   848.61
   99.47,   473.62,   599.02
   97.79,   473.78,   723.99
   95.07,   473.57,   848.54
   98.51,   598.81,   598.98
   95.80,   598.45,   724.03
   93.24,   598.20,   848.66
  226.34,   349.82,   601.27
  224.43,   349.44,   725.91
  221.73,   350.11,   850.92
  224.81,   475.05,   601.33
  222.02,   474.74,   726.23
  219.74,   475.08,   850.84
  223.42,   600.16,   600.87
  220.81,   599.99,   726.20
  218.40,   599.56,   850.67
  351.88,   351.56,   603.00
  348.76,   351.79,   728.34
  346.27,   351.55,   853.13
  349.64,   476.20,   603.05
  347.40,   477.02,   728.95
  345.31,   476.63,   853.79
  348.44,   601.70,   603.56
  345.41,   601.67,   729.05
  343.59,   601.02,   853.91
  101.40,   475.03,    99.79
   99.16,   475.16,   224.17
   96.52,   476.65,   350.06
   98.89,   600.00,    98.53
   96.74,   600.09,   223.38
   93.49,   601.16,   348.36
   95.49,   724.30,    98.13
   93.81,   725.76,   222.68
   90.40,   726.45,   348.22
  226.47,   478.14,   101.87
  224.35,   479.01,   227.39
  221.53,   479.30,   351.74
  223.57,   602.47,   101.77
  221.40,   603.26,   226.57
  218.59,   604.27,   350.88
  221.20,   727.63,   100.85
  218.30,   728.80,   225.46
  215.76,   729.36,   350.38
  351.72,   480.58,   104.67
  349.29,   481.37,   229.56
  346.16,   482.47,   355.02
  349.19,   605.46,   103.75
  346.63,   606.32,   228.71
  343.93,   607.70,   354.32
  345.74,   730.38,   103.28
  343.60,   731.68,   228.43
  340.24,   732.38,   353.29
  100.74,   474.23,   225.38
  102.42,   475.19,   351.19
  103.59,   475.22,   475.78
  103.25,   599.05,   225.34
  103.85,   600.17,   349.78
  104.54,   600.62,   474.50
  104.42,   723.91,   223.80
  105.63,   724.83,   349.42
  106.77,   725.48,   473.85
  225.70,   471.92,   225.00
  227.25,   473.01,   350.27
  227.93,   473.65,   474.89
  227.81,   597.12,   223.53
  228.83,   597.52,   348.71
  230.03,   598.74,   474.17
  229.70,   722.54,   223.52
  230.80,   722.54,   347.95
  231.88,   724.01,   473.70
  351.60,   470.20,   224.24
  352.49,   471.59,   349.05
  353.22,   471.74,   473.54
  352.53,   595.10,   223.43
  353.49,   596.09,   348.39
  354.82,   597.06,   473.02
  354.56,   720.46,   222.54
  355.78,   721.63,   347.45
  356.24,   721.59,   472.74
  101.18,   475.90,   349.34
  104.27,   476.97,   474.64
  106.22,   477.46,   599.18
   98.23,   600.85,   349.68
  101.37,   601.60,   474.53
  103.48,   602.07,   598.98
   95.08,   725.99,   348.38
   98.00,   726.22,   473.71
  100.55,   727.30,   598.65
  226.24,   478.85,   347.28
  228.50,   479.61,   471.78
  231.73,   479.88,   596.84
  222.86,   604.29,   346.68
  226.20,   604.85,   471.57
  228.03,   605.15,   596.28
  220.21,   729.40,   346.32
  222.78,   729.15,   471.34
  224.99,   729.95,   595.83
  350.83,   482.03,   344.55
  353.64,   482.60,   469.93
  356.05,   482.76,   595.05
  348.60,   606.86,   344.27
  351.12,   607.94,   469.24
  352.89,   607.81,   594.38
  345.76,   732.36,   343.65
  347.88,   732.20,   468.77
  349.80,   732.59,   594.03
   97.95,   472.85,   475.93
  100.20,   476.72,   600.13
  100.61,   480.09,   725.98
   96.23,   598.32,   471.95
   96.91,   601.47,   596.79
   99.10,   604.78,   721.85
   93.21,   722.67,   469.16
   94.67,   726.01,   594.05
   96.04,   730.47,   718.95
  223.19,   475.45,   474.39
  224.23,   478.65,   598.97
  226.07,   482.33,   723.78
  220.71,   600.60,   471.21
  222.16,   604.28,   595.62
  223.23,   607.13,   720.64
  218.05,   725.84,   467.25
  219.64,   729.13,   592.23
  221.46,   732.68,   717.17
  347.89,   477.57,   473.06
  349.83,   481.10,   597.51
  351.04,   484.63,   723.12
  346.36,   602.43,   469.34
  347.71,   606.61,   594.66
  348.78,   610.14,   718.88
  343.61,   727.70,   466.30
  344.52,   731.30,   591.03
  346.09,   734.89,   715.81
  100.65,   475.01,   598.94
  102.22,   471.95,   724.08
  103.93,   469.82,   849.32
   99.81,   600.18,   602.13
  101.58,   597.20,   726.94
  103.19,   594.38,   851.92
   98.74,   725.46,   605.39
  100.98,   722.46,   729.94
  102.54,   719.27,   854.58
  225.99,   475.93,   597.76
  227.38,   472.99,   722.60
  228.43,   469.92,   847.79
  224.78,   601.22,   600.74
  226.77,   598.02,   725.23
  228.24,   595.62,   850.32
  223.99,   725.42,   603.45
  226.03,   722.73,   728.16
  227.86,   720.71,   853.32
  350.64,   476.43,   596.10
  351.97,   473.78,   720.84
  354.08,   470.84,   846.38
  350.36,   601.78,   599.04
  351.87,   598.86,   724.41
  352.94,   595.88,   849.18
  349.63,   726.84,   602.27
  350.59,   723.86,   726.61
  352.05,   721.21,   851.97
  102.13,   601.83,   101.03
  103.20,   604.02,   226.17
  105.13,   606.70,   350.22
  100.97,   726.44,    98.22
  102.08,   728.71,   223.07
  104.02,   731.42,   348.49
   98.99,   851.45,    95.81
  100.61,   854.11,   221.50
  102.65,   856.78,   345.98
  227.30,   602.78,    99.02
  228.72,   605.53,   223.82
  230.03,   608.14,   348.52
  225.45,   728.04,    96.68
  226.91,   730.05,   222.01
  228.77,   732.32,   346.89
  223.78,   852.91,    94.56
  226.21,   855.80,   219.90
  227.83,   858.20,   344.16
  352.43,   604.91,    97.48
  353.41,   607.19,   222.36
  355.10,   608.83,   347.46
  350.97,   729.30,    94.72
  351.77,   731.92,   220.08
  354.10,   734.30,   345.22
  349.29,   854.82,    92.36
  351.14,   857.07,   217.27
  352.67,   859.31,   343.11
  100.32,   600.92,   224.12
  103.42,   600.25,   348.65
  105.95,   598.53,   473.55
   98.63,   726.28,   225.61
  101.37,   724.88,   350.13
  103.84,   723.03,   474.69
   96.07,   851.02,   226.52
   99.21,   849.42,   351.85
  102.20,   848.35,   476.46
  225.42,   602.68,   221.17
  227.90,   601.36,   346.32
  230.48,   600.73,   471.07
  223.58,   728.22,   222.18
  226.04,   726.88,   346.96
  228.66,   725.01,   472.13
  221.84,   853.10,   224.06
  224.15,   851.59,   349.07
  227.45,   850.11,   474.12
  350.05,   605.21,   218.32
  352.68,   603.71,   343.76
  355.41,   602.82,   467.91
  348.12,   730.44,   219.42
  351.15,   728.59,   345.13
  353.90,   727.75,   469.76
  346.20,   855.16,   221.55
  349.35,   853.60,   345.87
  351.50,   852.47,   470.71
   98.48,   601.47,   351.72
  100.16,   601.43,   476.20
  101.77,   600.52,   601.65
   97.57,   726.08,   351.37
   99.42,   725.66,   476.98
  101.18,   726.37,   602.17
   98.26,   851.59,   351.74
   99.51,   850.73,   477.27
  101.55,   851.25,   602.09
  223.38,   601.20,   349.68
  224.53,   600.95,   474.86
  226.01,   601.39,   599.47
  222.55,   725.84,   350.46
  225.14,   725.95,   474.57
  226.64,   725.90,   599.67
  222.90,   851.59,   350.40
  224.71,   850.74,   475.34
  226.70,   851.38,   599.63
  348.50,   601.37,   348.47
  349.68,   601.32,   473.64
  351.47,   601.28,   598.25
  348.00,   725.96,   348.28
  349.76,   725.83,   473.68
  351.65,   725.76,   598.14
  348.06,   851.73,   348.65
  350.02,   851.51,   473.55
  350.79,   851.40,   598.40
   98.88,   601.26,   474.40
   96.19,   599.77,   599.55
   92.78,   599.23,   724.86
   96.22,   725.90,   474.97
   92.38,   725.01,   600.46
   89.11,   724.07,   725.02
   92.30,   850.63,   476.65
   89.80,   849.61,   601.44
   85.95,   849.49,   726.49
  224.02,   604.37,   477.85
  220.41,   603.13,   603.00
  217.39,   602.48,   727.55
  220.65,   729.57,   478.25
  218.01,   728.62,   603.74
  214.78,   727.46,   728.30
  217.96,   853.66,   479.12
  214.33,   853.22,   604.75
  211.30,   851.81,   729.19
  349.14,   607.38,   480.79
  345.95,   605.97,   606.09
  342.92,   605.76,   730.99
  345.39,   731.93,   481.57
  342.88,   731.47,   606.78
  339.67,   730.77,   731.90
  342.06,   857.44,   482.30
  338.98,   856.37,   607.30
  335.86,   854.88,   732.47
  100.04,   598.56,   599.87
   99.90,   597.70,   724.59
  100.41,   598.14,   850.40
  102.01,   723.81,   600.90
  103.02,   723.44,   725.74
  102.38,   722.97,   850.77
  105.10,   848.01,   601.16
  105.07,   848.30,   726.09
  105.57,   847.24,   850.95
  225.01,   596.34,   600.14
  224.79,   595.72,   724.39
  225.28,   594.86,   849.35
  227.38,   721.12,   600.00
  227.74,   720.53,   725.71
  227.49,   719.82,   850.23
  229.75,   846.32,   601.08
  230.42,   845.86,   725.55
  229.74,   845.14,   850.36
  349.49,   593.22,   599.23
  350.41,   592.71,   724.92
  350.62,   592.77,   849.52
  352.22,   718.65,   599.66
  352.30,   717.78,   724.67
  352.85,   718.09,   850.16
  355.13,   843.66,   600.97
  354.94,   842.74,   725.85
  354.90,   842.96,   850.18
  225.34,   100.56,    99.92
  221.28,    98.32,   225.15
  217.29,    96.84,   349.54
  222.71,   225.66,   101.52
  219.35,   224.20,   226.59
  215.28,   222.28,   351.75
  221.24,   350.43,   103.25
  217.63,   349.13,   227.65
  213.38,   346.84,   353.26
  349.49,   102.63,   103.47
  345.92,   100.87,   228.12
  342.91,    99.21,   353.56
  347.95,   227.58,   104.71
  344.65,   225.45,   229.86
  340.59,   224.64,   355.32
  345.85,   352.38,   106.07
  342.63,   350.21,   231.73
  338.33,   349.31,   356.29
  474.39,   103.68,   106.93
  471.15,   102.80,   232.36
  467.93,   100.77,   356.76
  472.45,   229.53,   108.67
  469.57,   227.43,   233.22
  465.92,   225.87,   358.24
  470.76,   354.05,   109.96
  467.13,   352.68,   235.47
  463.70,   350.88,   360.16
  224.51,    98.42,   224.90
  224.86,    99.41,   349.32
  224.25,   101.30,   475.07
  223.79,   223.33,   223.40
  224.39,   224.70,   348.57
  223.95,   225.97,   473.66
  223.50,   348.03,   222.11
  223.22,   349.36,   347.22
  222.80,   351.57,   472.31
  349.56,    98.84,   224.92
  349.83,   100.55,   349.30
  349.28,   102.31,   475.09
  349.19,   224.05,   223.20
  349.54,   225.59,   348.18
  349.11,   226.62,   473.87
  348.02,   349.72,   221.83
  348.55,   350.46,   346.88
  347.92,   351.77,   471.79
  474.34,   100.00,   224.80
  474.44,   101.24,   349.98
  474.44,   102.76,   474.81
  473.66,   225.07,   223.18
  473.68,   226.68,   348.70
  474.35,   227.71,   473.39
  473.43,   349.69,   222.41
  473.47,   351.75,   346.80
  473.15,   352.10,   471.94
  225.81,   101.17,   349.49
  226.37,    98.06,   474.58
  226.51,    95.07,   599.65
  221.76,   225.88,   352.16
  222.78,   223.31,   477.54
  222.18,   220.32,   602.05
  218.41,   350.87,   355.53
  219.04,   348.27,   480.91
  219.06,   345.20,   605.21
  350.27,   105.23,   348.97
  350.65,   101.76,   474.01
  350.77,    98.77,   599.53
  346.72,   230.19,   352.57
  346.89,   226.29,   477.42
  347.13,   223.19,   602.34
  343.21,   354.37,   355.86
  343.94,   351.57,   480.66
  344.38,   348.57,   604.96
  475.37,   108.59,   349.14
  475.89,   104.82,   473.90
  475.96,   102.01,   598.84
  472.60,   232.86,   352.11
  472.65,   229.84,   476.69
  472.87,   227.15,   602.33
  468.45,   358.11,   355.28
  468.69,   355.00,   480.40
  468.72,   352.21,   605.26
  224.80,    99.24,   475.42
  221.93,    96.20,   600.79
  218.17,    93.27,   725.83
  221.61,   223.87,   478.84
  218.30,   220.88,   603.30
  214.82,   217.93,   728.57
  218.20,   349.07,   481.03
  215.67,   346.14,   605.99
  212.22,   343.53,   731.04
  350.03,   102.01,   479.10
  346.75,    99.49,   603.69
  343.60,    96.16,   728.63
  346.17,   226.88,   481.55
  342.96,   224.13,   607.17
  340.46,   221.38,   732.05
  343.29,   351.62,   485.11
  339.89,   349.07,   610.13
  337.04,   346.40,   734.62
  474.88,   104.91,   482.74
  471.85,   101.96,   607.64
  468.45,    99.26,   732.02
  471.90,   229.79,   484.97
  468.17,   226.73,   610.52
  465.35,   224.53,   735.50
  467.98,   354.96,   488.39
  464.62,   352.53,   612.90
  461.54,   349.47,   737.71
  224.04,   100.62,   602.32
  221.44,   102.29,   726.42
  218.48,   102.64,   851.46
  224.93,   226.33,   601.35
  222.10,   226.49,   726.17
  220.38,   227.92,   850.97
  226.36,   350.80,   600.14
  224.28,   351.95,   724.65
  221.51,   352.51,   850.43
  349.12,    99.94,   604.86
  346.13,   100.71,   729.62
  343.22,   101.26,   854.05
  350.38,   224.53,   603.89
  347.29,   225.68,   728.75
  344.90,   226.11,   853.26
  350.99,   349.11,   603.04
  349.18,   350.22,   727.91
  345.82,   351.48,   852.85
  473.81,    97.93,   606.76
  471.06,    98.92,   732.40
  468.85,   100.68,   856.96
  474.57,   223.05,   606.54
  472.80,   223.91,   730.68
  470.09,   225.42,   855.82
  476.60,   348.74,   604.84
  474.08,   348.94,   730.03
  471.27,   350.64,   854.86
  225.14,   224.29,    99.58
  224.77,   222.02,   224.53
  223.21,   220.42,   350.31
  228.07,   349.04,   101.72
  227.20,   347.08,   226.95
  226.94,   344.57,   351.76
  231.13,   473.31,   103.50
  230.84,   471.70,   229.09
  229.49,   470.06,   353.40
  350.34,   220.72,   100.68
  349.61,   218.52,   225.54
  348.89,   216.60,   350.36
  353.64,   345.95,   102.96
  352.61,   344.17,   228.04
  351.11,   342.29,   352.19
  356.54,   470.91,   104.97
  355.76,   468.94,   229.11
  354.32,   466.35,   354.97
  474.99,   217.28,   101.34
  473.75,   215.39,   226.29
  473.88,   213.18,   351.29
  478.19,   342.67,   103.21
  477.77,   340.36,   228.36
  476.37,   338.85,   353.89
  481.00,   467.00,   105.66
  480.70,   465.15,   230.23
  479.31,   463.99,   355.73
  224.76,   225.79,   227.08
  221.63,   224.11,   351.45
  218.16,   222.28,   476.70
  227.22,   350.63,   228.12
  223.99,   348.93,   353.85
  221.45,   347.41,   478.16
  230.65,   475.57,   230.41
  227.07,   473.35,   354.97
  223.73,   471.85,   480.68
  350.03,   222.72,   229.92
  346.78,   220.30,   354.37
  342.69,   219.06,   479.83
  352.93,   347.32,   231.90
  349.49,   345.39,   356.65
  346.20,   343.98,   481.95
  355.22,   471.90,   233.85
  352.52,   470.29,   358.78
  349.20,   468.92,   483.90
  474.50,   218.94,   233.41
  471.23,   218.08,   358.49
  467.91,   215.44,   482.80
  477.58,   344.21,   234.83
  474.31,   342.28,   359.74
  470.82,   341.07,   484.80
  480.02,   469.17,   236.55
  476.98,   467.91,   362.15
  473.94,   465.44,   487.19
  224.68,   223.80,   349.09
  226.42,   220.29,   474.49
  227.48,   217.83,   599.01
  228.21,   348.64,   352.73
  229.28,   345.22,   478.07
  231.28,   342.39,   603.03
  230.60,   474.18,   356.50
  232.53,   471.04,   480.59
  233.82,   466.89,   605.78
  349.65,   220.74,   348.02
  351.06,   217.57,   472.55
  352.42,   214.04,   597.89
  352.85,   345.90,   350.86
  353.98,   342.18,   475.91
  356.36,   338.99,   601.19
  355.50,   470.79,   354.13
  357.18,   467.75,   479.32
  359.07,   464.45,   604.05
  474.18,   217.98,   346.43
  475.69,   214.22,   470.84
  477.78,   211.23,   596.40
  477.87,   342.83,   349.08
  479.04,   339.19,   474.70
  481.04,   335.59,   599.33
  480.96,   467.30,   353.02
  482.70,   464.29,   477.74
  484.31,   461.29,   603.10
  223.68,   225.33,   474.84
  223.01,   227.59,   600.08
  221.54,   230.20,   724.43
  227.40,   350.15,   471.90
  226.46,   352.52,   597.07
  225.45,   355.07,   722.30
  230.57,   475.11,   470.22
  230.11,   477.47,   594.83
  229.17,   480.17,   720.08
  349.11,   222.07,   475.51
  348.34,   224.56,   600.55
  347.05,   226.88,   725.99
  352.89,   347.03,   473.35
  351.03,   349.42,   598.45
  350.72,   351.66,   723.42
  355.39,   471.85,   471.12
  354.67,   474.94,   595.76
  354.13,   477.25,   721.17
  473.79,   219.01,   477.27
  472.90,   221.26,   602.01
  471.75,   223.39,   727.15
  477.54,   343.11,   474.89
  475.89,   345.79,   599.70
  475.52,   348.12,   724.28
  481.01,   469.02,   472.50
  479.29,   470.53,   597.29
  479.13,   473.05,   722.36
  224.04,   225.30,   599.13
  224.77,   228.85,   724.27
  225.29,   231.41,   848.67
  223.99,   350.84,   595.65
  224.83,   353.04,   720.76
  224.89,   356.49,   846.00
  223.63,   475.00,   592.74
  224.41,   477.97,   718.20
  225.49,   481.20,   843.16
  348.27,   224.98,   598.74
  348.88,   227.82,   723.64
  350.52,   231.21,   847.92
  348.96,   349.89,   594.93
  349.35,   353.59,   720.11
  350.02,   356.27,   845.67
  348.62,   474.79,   592.13
  349.40,   477.88,   717.19
  349.98,   481.28,   841.90
  473.32,   225.55,   597.18
  473.99,   227.71,   722.59
  475.26,   231.48,   847.43
  474.15,   350.31,   594.34
  474.05,   353.21,   719.35
  474.89,   356.49,   844.79
  473.51,   475.45,   591.88
  474.55,   478.36,   716.93
  475.28,   480.88,   841.40
  223.72,   350.21,    98.80
  224.97,   353.56,   223.55
  225.35,   356.91,   348.97
  221.39,   475.49,    95.53
  222.97,   478.58,   220.24
  223.88,   482.38,   344.96
  219.98,   600.55,    92.17
  221.43,   603.86,   216.56
  222.65,   606.82,   341.45
  348.27,   351.89,    97.32
  349.92,   354.71,   222.42
  350.87,   358.89,   347.27
  347.27,   476.35,    94.42
  347.97,   480.41,   219.52
  349.70,   484.00,   344.47
  345.16,   601.79,    90.20
  346.63,   605.37,   215.49
  348.09,   608.63,   341.00
  472.85,   353.34,    96.62
  474.37,   356.63,   221.53
  475.69,   360.09,   345.90
  472.25,   477.57,    92.79
  472.65,   481.62,   217.42
  474.27,   484.91,   342.77
  469.96,   602.98,    89.22
  471.12,   606.30,   214.65
  472.28,   609.97,   338.93
  225.13,   350.32,   224.86
  228.37,   347.92,   349.89
  232.52,   345.09,   474.62
  225.45,   474.42,   227.71
  228.97,   472.51,   352.31
  232.60,   470.03,   477.12
  226.12,   599.78,   229.85
  229.69,   597.14,   354.91
  233.67,   594.92,   479.79
  350.11,   348.95,   221.67
  353.73,   346.99,   346.68
  356.62,   344.53,   471.25
  351.01,   474.70,   223.92
  354.30,   471.79,   348.27
  358.27,   469.74,   473.85
  351.50,   599.70,   226.40
  355.11,   597.02,   350.69
  358.69,   594.59,   475.61
  475.25,   348.64,   218.10
  478.17,   346.22,   343.32
  481.64,   344.47,   468.09
  475.59,   473.21,   220.59
  478.87,   471.00,   344.76
  482.56,   468.98,   470.19
  476.31,   598.49,   222.38
  480.45,   596.17,   346.97
  483.58,   594.34,   471.97
  223.44,   351.18,   350.86
  225.86,   349.84,   476.74
  228.70,   349.11,   601.66
  221.83,   476.08,   351.55
  224.50,   475.20,   476.90
  226.38,   474.00,   602.01
  219.75,   600.70,   353.01
  222.28,   599.97,   477.34
  224.74,   599.84,   602.75
  347.88,   352.12,   348.34
  351.19,   352.07,   474.02
  353.46,   351.30,   598.65
  346.13,   477.49,   349.60
  349.39,   477.07,   474.57
  351.64,   476.19,   599.63
  345.02,   602.52,   349.93
  347.71,   601.24,   475.41
  349.79,   601.19,   599.83
  472.89,   354.39,   346.40
  475.42,   353.46,   471.67
  478.22,   352.46,   595.78
  471.38,   479.30,   347.35
  473.67,   478.50,   471.71
  476.81,   478.14,   597.30
  469.46,   604.20,   347.05
  472.43,   603.59,   472.23
  474.85,   602.99,   597.14
  226.38,   349.82,   476.28
  229.47,   350.80,   601.03
  232.43,   351.43,   725.26
  222.68,   474.69,   475.17
  226.40,   475.53,   599.82
  229.15,   476.56,   724.46
  219.18,   599.19,   473.49
  221.77,   601.12,   598.72
  225.42,   601.47,   723.76
  351.35,   353.28,   472.41
  354.33,   354.46,   597.48
  357.81,   355.51,   722.38
  347.42,   478.85,   471.53
  350.99,   479.67,   596.37
  354.11,   480.23,   721.27
  343.89,   603.70,   470.78
  347.15,   603.88,   595.57
  350.02,   604.95,   720.38
  476.17,   357.23,   470.02
  479.41,   357.76,   594.88
  482.37,   358.82,   719.46
  472.97,   481.88,   469.07
  475.44,   482.73,   593.11
  478.71,   484.11,   718.19
  468.85,   606.75,   467.30
  472.52,   608.20,   592.78
  474.75,   609.04,   717.59
  224.87,   349.75,   601.21
  226.58,   348.34,   726.09
  227.63,   346.28,   851.48
  223.77,   474.06,   602.80
  225.31,   472.90,   727.23
  227.01,   471.02,   852.14
  222.80,   599.40,   604.27
  224.60,   597.71,   728.76
  225.62,   596.35,   854.11
  350.30,   349.97,   599.65
  350.73,   348.96,   724.72
  352.98,   347.15,   849.34
  349.21,   475.70,   601.60
  350.67,   474.01,   725.71
  351.22,   472.31,   851.02
  347.68,   600.41,   602.69
  349.59,   598.94,   727.98
  350.21,   597.98,   853.09
  474.91,   350.93,   597.98
  476.40,   349.62,   722.99
  477.76,   348.38,   848.09
  473.82,   476.24,   599.91
  474.83,   474.93,   724.38
  476.59,   473.85,   850.16
  472.38,   601.20,   601.49
  474.41,   599.81,   726.67
  475.23,   598.03,   850.98
  225.78,   473.59,    99.55
  229.57,   476.33,   224.37
  232.28,   479.50,   349.50
  229.20,   597.89,    96.64
  232.86,   601.33,   221.62
  235.31,   604.18,   346.85
  232.79,   722.82,    93.71
  235.72,   726.24,   218.68
  238.80,   729.33,   343.94
  350.54,   470.38,    96.73
  354.00,   472.83,   221.95
  356.84,   476.22,   346.32
  354.57,   595.00,    94.02
  357.87,   597.61,   218.41
  361.06,   601.26,   343.76
  357.75,   719.74,    90.99
  360.46,   722.88,   215.90
  363.84,   725.63,   340.49
  476.17,   466.12,    93.75
  478.88,   469.04,   218.43
  481.90,   472.36,   343.36
  479.70,   591.83,    90.74
  481.93,   594.74,   216.13
  485.75,   597.86,   340.74
  482.57,   716.01,    87.52
  486.10,   719.39,   212.04
  488.59,   722.16,   337.34
  226.10,   474.87,   225.54
  225.51,   475.71,   350.61
  223.93,   475.88,   475.79
  227.35,   599.64,   224.69
  226.14,   600.79,   350.48
  225.86,   601.14,   475.03
  228.58,   724.25,   223.96
  227.33,   725.45,   349.23
  226.45,   726.33,   474.64
  351.32,   473.15,   227.08
  350.25,   474.47,   351.90
  349.80,   474.67,   476.61
  352.14,   598.62,   226.19
  350.83,   598.87,   351.23
  350.92,   600.32,   475.75
  353.11,   723.30,   225.17
  351.89,   723.97,   350.21
  351.61,   725.31,   475.34
  475.99,   472.51,   228.06
  475.42,   473.63,   352.20
  474.22,   474.00,   477.46
  477.03,   597.43,   226.69
  475.83,   597.84,   352.04
  475.34,   599.19,   476.24
  478.17,   722.25,   225.92
  477.52,   723.06,   350.79
  476.60,   723.89,   475.70
  223.94,   476.29,   351.54
  221.17,   475.84,   476.54
  218.15,   476.55,   601.27
  222.78,   601.07,   351.51
  220.31,   600.82,   476.30
  217.65,   601.60,   601.58
  221.73,   725.74,   351.74
  218.82,   726.04,   476.41
  215.93,   726.10,   601.28
  348.67,   476.47,   354.09
  345.64,   477.21,   479.20
  343.32,   477.50,   604.91
  348.16,   601.78,   354.05
  344.70,   602.08,   479.30
  342.33,   601.68,   603.92
  346.57,   726.56,   354.17
  343.79,   727.16,   479.10
  341.18,   727.06,   604.27
  473.94,   478.01,   357.41
  470.57,   478.14,   482.39
  467.86,   477.72,   607.36
  472.76,   603.11,   357.21
  469.71,   602.72,   482.25
  466.99,   602.94,   607.63
  471.52,   727.62,   356.67
  468.85,   728.16,   481.91
  466.23,   727.95,   607.03
  225.60,   477.35,   473.58
  227.86,   477.89,   599.18
  230.69,   478.25,   723.66
  226.71,   601.48,   473.03
  229.08,   602.26,   598.49
  231.62,   602.69,   723.09
  228.69,   726.63,   473.30
  231.30,   727.32,   597.44
  233.70,   727.77,   723.30
  350.42,   475.51,   471.65
  353.26,   476.19,   596.67
  355.96,   476.14,   720.96
  352.06,   600.24,   470.87
  354.42,   600.70,   595.75
  356.54,   601.07,   720.61
  352.96,   725.38,   470.00
  355.66,   725.70,   595.12
  358.83,   726.85,   720.78
  475.22,   473.80,   468.90
  478.43,   474.88,   593.99
  480.28,   475.43,   718.68
  476.87,   599.05,   468.65
  479.82,   599.08,   593.30
  481.65,   600.42,   717.99
  478.12,   724.48,   468.10
  480.62,   724.77,   593.44
  483.02,   724.89,   717.98
  226.70,   475.34,   599.11
  229.09,   479.53,   723.37
  231.42,   482.23,   848.48
  225.77,   601.14,   595.36
  228.03,   603.82,   720.65
  229.95,   607.35,   844.82
  225.16,   725.54,   591.98
  226.93,   729.23,   716.83
  228.93,   732.62,   841.55
  351.68,   476.62,   596.12
  353.96,   479.72,   720.95
  356.32,   483.22,   846.46
  350.28,   601.79,   593.01
  352.92,   605.06,   718.11
  355.02,   608.54,   842.42
  349.39,   726.46,   589.30
  351.92,   729.50,   714.26
  354.44,   733.36,   839.34
  475.86,   477.21,   593.93
  478.46,   480.43,   719.28
  480.53,   483.87,   843.54
  475.57,   602.42,   590.66
  477.89,   605.51,   715.85
  480.36,   608.91,   840.89
  474.77,   727.12,   587.39
  476.56,   731.00,   712.34
  479.32,   734.38,   837.27
  226.62,   601.12,    98.76
  223.28,   601.95,   222.96
  219.37,   601.83,   348.69
  223.10,   725.76,    97.48
  219.64,   726.45,   222.29
  216.22,   727.24,   347.67
  220.68,   851.00,    96.72
  216.85,   851.32,   222.17
  213.14,   852.38,   346.56
  351.42,   603.71,   102.00
  347.45,   604.81,   226.90
  343.92,   604.78,   351.84
  347.93,   728.75,   101.40
  344.69,   729.37,   225.72
  341.21,   729.79,   351.38
  345.73,   853.77,   100.79
  342.26,   854.80,   225.43
  338.70,   854.83,   350.70
  475.79,   606.90,   105.15
  472.44,   607.36,   230.62
  469.75,   608.23,   355.18
  473.62,   732.07,   104.38
  470.01,   732.27,   229.71
  466.15,   733.21,   354.05
  470.12,   856.77,   104.28
  467.24,   857.27,   228.85
  463.78,   858.13,   353.36
  225.89,   598.11,   226.43
  224.84,   602.25,   350.98
  224.04,   605.30,   476.17
  223.92,   723.11,   223.61
  222.04,   727.04,   347.67
  221.45,   730.00,   472.81
  220.77,   848.10,   219.80
  219.85,   851.22,   344.91
  218.44,   855.31,   469.41
  351.13,   601.08,   227.14
  349.74,   604.35,   352.44
  349.51,   607.82,   477.53
  348.76,   726.18,   223.69
  347.25,   729.53,   349.35
  346.76,   732.61,   474.45
  345.62,   851.32,   220.49
  344.77,   854.21,   345.90
  343.54,   857.80,   471.06
  475.92,   604.37,   228.61
  475.44,   607.83,   353.50
  473.94,   611.06,   478.14
  473.84,   729.36,   224.90
  471.95,   732.63,   350.38
  471.57,   735.48,   474.98
  470.53,   854.30,   221.19
  469.06,   857.05,   346.47
  468.92,   860.66,   471.61
  224.43,   599.56,   349.81
  221.96,   596.89,   475.04
  220.79,   592.87,   600.04
  224.09,   724.93,   353.08
  221.83,   721.73,   478.20
  219.78,   718.35,   603.27
  222.79,   849.82,   356.72
  221.25,   846.15,   481.91
  219.37,   843.13,   606.95
  349.06,   600.06,   351.35
  346.97,   596.63,   477.15
  345.61,   593.32,   601.97
  348.83,   724.75,   355.35
  347.22,   722.15,   479.92
  344.73,   718.21,   604.92
  348.26,   850.50,   358.15
  346.68,   847.09,   483.86
  344.50,   843.23,   608.44
  474.28,   600.48,   353.20
  472.06,   597.05,   478.27
  470.59,   593.69,   603.90
  473.83,   725.68,   356.51
  472.01,   721.89,   482.37
  469.70,   718.90,   606.90
  472.81,   850.05,   359.99
  471.71,   846.80,   485.34
  469.79,   843.42,   610.21
  226.45,   597.79,   474.15
  228.89,   594.91,   599.40
  231.43,   592.23,   724.16
  222.97,   723.36,   476.89
  226.10,   719.76,   602.22
  228.82,   717.16,   727.11
  221.01,   847.73,   480.02
  223.54,   845.42,   605.23
  226.10,   842.61,   729.23
  350.90,   600.59,   471.01
  353.32,   598.03,   595.87
  356.44,   595.11,   721.39
  348.45,   725.84,   474.33
  351.24,   723.04,   599.26
  354.31,   719.81,   723.71
  345.96,   850.23,   476.97
  348.10,   847.51,   602.44
  350.83,   845.07,   726.86
  476.07,   603.60,   468.93
  479.12,   600.65,   593.35
  481.40,   598.23,   718.67
  472.97,   728.84,   472.04
  476.35,   725.91,   596.17
  478.33,   722.77,   721.30
  471.12,   852.91,   474.60
  473.68,   850.83,   599.61
  475.98,   847.58,   724.59
  226.90,   601.68,   599.37
  228.35,   599.83,   724.51
  230.75,   598.78,   850.16
  224.06,   726.27,   601.34
  225.50,   725.31,   725.70
  227.24,   723.20,   850.85
  220.75,   851.51,   602.92
  222.91,   849.84,   727.30
  225.26,   848.56,   852.72
  351.41,   603.85,   597.82
  353.71,   602.34,   722.46
  355.57,   601.74,   847.75
  349.01,   729.33,   598.88
  351.17,   727.16,   724.01
  352.89,   726.61,   848.94
  345.89,   853.76,   601.07
  348.38,   852.54,   726.07
  349.80,   850.70,   850.77
  476.40,   606.99,   596.08
  478.39,   605.13,   720.74
  480.37,   604.42,   846.13
  473.68,   731.59,   597.11
  476.10,   730.31,   722.42
  477.33,   729.11,   847.73
  470.87,   856.73,   598.76
  473.34,   855.44,   724.27
  474.95,   854.37,   849.18
  350.34,    98.31,    98.40
  352.48,    97.56,   223.84
  355.63,    95.97,   349.07
  351.78,   223.31,   100.10
  354.82,   222.04,   224.35
  357.37,   221.38,   349.29
  352.99,   348.27,   100.48
  356.00,   347.62,   225.85
  358.99,   346.18,   350.92
  475.35,    96.42,    95.68
  478.27,    95.91,   220.76
  481.29,    94.61,   345.32
  476.30,   221.67,    96.74
  479.42,   221.10,   222.09
  482.45,   219.47,   346.69
  477.93,   346.96,    97.27
  480.80,   345.22,   222.32
  483.66,   345.07,   347.13
  600.17,    94.58,    92.48
  602.61,    93.77,   217.54
  605.34,    93.43,   343.04
  601.75,   219.69,    93.73
  604.11,   219.01,   218.75
  607.10,   218.27,   343.70
  603.47,   345.17,    94.81
  606.31,   344.53,   219.73
  609.42,   343.14,   344.92
  351.78,    99.88,   222.90
  354.16,   102.95,   348.23
  355.39,   104.89,   472.70
  352.14,   224.69,   220.17
  354.35,   227.23,   345.59
  355.87,   229.88,   470.42
  352.46,   349.43,   217.31
  354.65,   352.54,   342.30
  355.85,   354.83,   467.55
  476.92,    99.00,   221.37
  478.78,   102.62,   345.81
  480.05,   105.40,   471.30
  477.04,   224.72,   218.73
  479.07,   227.55,   343.29
  481.26,   229.61,   468.18
  477.37,   349.37,   215.97
  479.65,   351.87,   341.12
  481.09,   354.93,   466.05
  601.84,    98.62,   219.15
  603.38,   101.74,   344.40
  605.30,   104.16,   468.92
  602.09,   223.64,   216.19
  604.12,   227.22,   341.96
  605.31,   230.09,   466.44
  602.63,   348.63,   214.09
  603.86,   352.23,   339.30
  606.01,   354.70,   464.16
  351.48,    98.53,   349.24
  352.50,   100.72,   474.09
  353.93,   102.26,   599.04
  351.70,   223.01,   347.66
  353.47,   225.36,   471.76
  354.22,   226.89,   597.74
  352.44,   347.92,   345.67
  353.08,   349.76,   470.44
  354.31,   352.50,   595.60
  476.87,    97.98,   348.19
  478.11,   100.30,   472.97
  478.87,   102.11,   598.06
  476.40,   222.70,   345.97
  478.09,   225.21,   471.01
  479.05,   227.15,   595.96
  477.34,   348.22,   344.62
  478.73,   349.74,   469.26
  479.85,   351.45,   594.30
  601.27,    97.48,   346.45
  602.99,    99.85,   471.52
  603.72,   101.49,   596.60
  601.69,   222.35,   344.51
  602.93,   224.44,   469.71
  604.27,   226.75,   594.98
  602.62,   347.23,   342.62
  603.90,   349.88,   468.10
  604.90,   351.52,   592.73
  349.49,    99.69,   474.88
  352.95,    98.58,   599.05
  355.57,    96.34,   723.93
  348.32,   225.12,   475.85
  350.54,   222.70,   601.28
  354.35,   221.75,   726.06
  346.74,   349.44,   477.73
  349.99,   348.24,   602.77
  352.88,   346.04,   727.42
  474.30,   100.81,   471.56
  477.28,    99.55,   596.57
  479.98,    97.96,   721.07
  473.25,   225.70,   472.81
  476.41,   224.62,   598.46
  479.45,   222.84,   723.14
  471.88,   351.10,   475.02
  474.71,   349.20,   599.52
  477.71,   348.23,   724.51
  599.69,   103.06,   468.01
  601.93,   101.41,   592.99
  605.21,    99.23,   718.32
  597.50,   227.65,   470.38
  600.56,   226.36,   595.30
  604.03,   224.25,   720.40
  596.96,   352.41,   472.16
  599.20,   351.28,   596.31
  602.69,   349.65,   721.68
  350.84,    99.71,   601.27
  349.86,   101.71,   725.69
  349.26,   103.98,   850.92
  350.26,   224.69,   599.52
  349.52,   227.07,   724.00
  349.60,   228.63,   848.73
  350.26,   349.29,   597.24
  349.80,   351.68,   722.24
  349.43,   353.59,   846.86
  475.27,    99.75,   602.25
  474.68,   101.63,   726.26
  474.26,   103.78,   851.71
  475.54,   225.28,   599.28
  474.49,   226.78,   725.07
  474.52,   229.03,   850.00
  475.00,   349.92,   597.70
  474.22,   352.12,   722.55
  474.30,   353.74,   847.97
  600.40,    99.74,   602.59
  600.20,   102.45,   727.07
  599.70,   103.84,   852.04
  600.25,   224.79,   599.84
  599.66,   227.51,   724.98
  599.45,   229.45,   850.01
  599.87,   350.05,   598.57
  599.55,   351.76,   723.33
  598.69,   354.79,   848.32
  350.93,   226.76,   100.73
  350.54,   224.26,   225.26
  348.91,   221.79,   350.45
  347.69,   351.74,   103.41
  347.09,   349.22,   228.12
  345.70,   346.05,   352.74
  345.22,   476.17,   105.32
  344.01,   474.10,   230.18
  342.79,   471.49,   355.29
  476.17,   229.79,   101.09
  475.38,   227.70,   226.04
  474.29,   225.03,   351.20
  473.06,   354.78,   103.50
  472.46,   352.67,   229.24
  471.34,   349.88,   353.45
  469.73,   479.36,   106.91
  469.35,   477.05,   231.69
  467.62,   474.24,   356.59
  601.38,   232.51,   102.39
  600.14,   230.26,   227.32
  599.69,   227.42,   352.79
  597.69,   358.31,   105.22
  597.34,   355.20,   230.31
  595.79,   352.23,   354.92
  594.90,   483.01,   107.29
  593.99,   480.46,   232.90
  593.37,   477.44,   357.53
  349.94,   226.57,   227.10
  354.17,   229.36,   351.48
  357.41,   233.60,   476.37
  352.00,   351.06,   223.61
  355.51,   354.13,   347.86
  358.44,   358.54,   472.66
  352.60,   475.51,   219.10
  356.78,   479.39,   344.65
  359.37,   483.47,   469.10
  474.89,   224.25,   223.85
  479.10,   228.02,   348.23
  482.03,   232.17,   473.33
  476.39,   349.26,   220.27
  479.57,   353.72,   344.74
  483.62,   357.14,   469.56
  477.48,   474.33,   216.42
  481.51,   477.95,   340.84
  484.57,   482.11,   465.81
  600.74,   223.67,   220.28
  603.48,   227.01,   345.13
  606.67,   230.43,   469.79
  602.06,   348.67,   216.96
  605.17,   351.80,   341.68
  608.78,   355.49,   466.00
  602.71,   472.76,   213.36
  606.22,   476.95,   338.26
  609.18,   480.87,   462.88
  349.31,   227.15,   350.99
  350.14,   228.51,   475.70
  350.31,   229.46,   600.28
  352.24,   351.32,   349.00
  353.02,   352.96,   474.24
  353.58,   354.73,   598.75
  356.45,   476.27,   347.27
  356.22,   478.01,   472.83
  357.38,   479.96,   597.74
  474.20,   223.33,   349.85
  475.37,   225.02,   474.94
  475.08,   226.78,   600.07
  477.67,   348.49,   348.90
  478.44,   350.35,   474.07
  479.15,   350.97,   598.42
  481.50,   473.69,   347.17
  481.40,   475.35,   471.87
  481.78,   476.13,   597.44
  599.48,   220.29,   349.90
  600.27,   221.66,   474.29
  600.55,   223.27,   599.46
  602.89,   345.33,   348.55
  603.37,   346.96,   473.39
  603.49,   348.50,   597.69
  605.74,   470.30,   346.89
  606.27,   471.12,   471.98
  607.03,   473.39,   597.07
  350.79,   223.17,   475.09
  351.95,   220.27,   599.61
  352.81,   216.90,   724.56
  352.57,   348.19,   477.67
  353.81,   345.48,   602.49
  355.27,   342.21,   727.75
  354.64,   473.16,   480.94
  355.96,   470.62,   606.07
  356.80,   467.29,   730.56
  476.56,   221.65,   473.45
  477.50,   218.12,   598.85
  478.55,   215.82,   723.35
  478.32,   346.10,   476.74
  479.23,   343.39,   601.27
  479.97,   340.60,   726.80
  479.54,   471.50,   479.85
  480.54,   468.15,   604.22
  481.35,   465.67,   729.18
  601.26,   219.97,   472.55
  601.70,   216.64,   597.37
  602.71,   214.00,   722.03
  602.66,   344.31,   475.63
  603.97,   341.90,   600.10
  604.52,   338.80,   725.12
  604.83,   469.32,   478.82
  605.95,   466.51,   603.96
  607.01,   463.28,   728.82
  348.13,   223.57,   600.49
  351.48,   226.41,   725.90
  354.98,   228.32,   850.45
  346.14,   348.64,   599.08
  350.02,   350.70,   723.52
  353.34,   353.56,   848.77
  344.61,   474.08,   596.02
  348.43,   476.41,   721.33
  351.56,   477.86,   845.85
  472.98,   225.13,   597.78
  476.95,   227.99,   722.46
  479.65,   230.34,   847.64
  471.92,   350.27,   594.83
  474.96,   353.27,   720.49
  478.02,   355.43,   845.19
  469.53,   475.68,   592.94
  473.26,   478.14,   717.71
  476.77,   480.62,   842.69
  597.85,   227.38,   594.11
  601.61,   229.48,   719.19
  605.01,   231.98,   844.06
  596.69,   352.44,   591.66
  599.31,   354.56,   716.36
  602.86,   356.93,   841.70
  594.89,   477.77,   590.04
  597.67,   479.33,   714.46
  601.48,   481.71,   839.68
  350.31,   351.11,    99.19
  351.88,   348.30,   223.78
  353.83,   344.74,   348.81
  353.35,   475.59,   102.17
  355.15,   473.03,   227.17
  356.36,   469.83,   351.41
  355.96,   600.92,   105.17
  357.42,   598.01,   230.11
  359.69,   594.85,   355.21
  474.91,   348.18,    96.83
  477.07,   344.85,   221.52
  478.33,   341.80,   346.67
  477.49,   473.36,    99.64
  479.26,   469.82,   225.36
  481.23,   466.95,   350.29
  481.28,   597.70,   102.78
  483.07,   594.60,   227.66
  484.33,   591.57,   353.36
  599.53,   344.74,    95.01
  601.24,   342.39,   219.84
  602.86,   338.62,   344.90
  602.75,   469.88,    98.42
  604.59,   466.64,   222.94
  606.05,   464.38,   347.65
  605.63,   594.99,   101.47
  607.81,   591.81,   226.55
  608.93,   588.64,   350.97
  351.70,   350.18,   224.38
  351.13,   347.27,   349.20
  351.12,   344.83,   473.92
  352.01,   474.74,   226.40
  352.55,   472.37,   351.42
  352.45,   469.63,   476.64
  353.63,   599.40,   228.72
  352.97,   597.59,   354.40
  353.35,   594.73,   479.39
  476.31,   349.01,   224.92
  476.61,   346.47,   349.98
  476.18,   343.51,   474.16
  477.15,   473.69,   226.68
  477.84,   470.90,   351.58
  476.97,   468.92,   476.83
  478.77,   598.21,   228.91
  478.52,   596.63,   354.09
  478.65,   593.61,   478.96
  601.05,   348.00,   224.20
  601.37,   345.54,   349.94
  601.29,   343.07,   474.48
  602.81,   472.30,   227.18
  602.61,   470.43,   351.70
  602.28,   467.75,   476.89
  603.54,   598.02,   229.59
  603.43,   594.99,   354.84
  603.68,   592.94,   479.30
  348.55,   349.38,   351.17
  345.58,   352.07,   475.40
  342.27,   354.43,   600.79
  351.05,   474.63,   348.43
  347.52,   477.22,   473.07
  344.70,   480.14,   597.82
  352.90,   599.66,   346.19
  350.26,   602.51,   470.54
  346.97,   604.92,   595.46
  473.41,   347.52,   354.63
  469.91,   349.88,   479.32
  466.96,   353.14,   604.03
  475.37,   472.65,   351.82
  472.79,   474.86,   477.13
  468.78,   477.18,   601.37
  478.00,   597.50,   348.81
  474.54,   600.34,   474.16
  472.00,   602.76,   598.85
  598.08,   345.10,   357.83
  594.70,   347.41,   482.15
  591.78,   350.52,   607.65
  600.84,   470.12,   354.81
  597.07,   472.99,   480.52
  594.12,   475.04,   604.98
  603.52,   594.71,   352.05
  600.22,   597.15,   477.95
  596.44,   599.98,   602.21
  349.35,   350.35,   476.82
  346.62,   352.60,   601.54
  343.11,   355.52,   727.00
  346.32,   474.54,   473.68
  342.76,   477.75,   599.30
  339.31,   480.16,   724.47
  343.39,   600.19,   471.57
  340.35,   602.44,   596.06
  336.89,   605.96,   721.12
  474.81,   353.62,   480.77
  470.63,   355.64,   605.52
  467.83,   358.98,   730.28
  471.71,   477.86,   477.21
  468.54,   481.37,   602.33
  464.68,   483.32,   727.42
  468.89,   602.74,   474.54
  464.68,   605.67,   599.78
  461.46,   608.75,   724.70
  599.25,   356.11,   483.26
  596.41,   358.94,   608.40
  592.52,   361.48,   733.60
  596.57,   480.89,   480.65
  592.70,   483.91,   605.96
  589.56,   486.57,   731.11
  593.10,   606.31,   477.73
  589.67,   608.76,   603.25
  586.29,   611.99,   727.49
  349.34,   349.10,   601.28
  352.91,   347.71,   726.62
  356.07,   346.53,   851.80
  347.67,   474.71,   602.62
  351.96,   473.45,   728.21
  355.25,   471.58,   852.50
  347.10,   599.58,   604.01
  350.87,   597.90,   728.99
  354.19,   596.33,   854.32
  473.47,   350.18,   597.78
  477.70,   349.47,   722.99
  481.44,   347.54,   847.64
  472.72,   475.24,   599.77
  477.09,   473.68,   724.28
  479.77,   472.70,   848.77
  472.22,   599.90,   600.91
  475.71,   599.45,   725.54
  479.86,   597.87,   850.50
  598.72,   351.65,   594.46
  602.73,   349.70,   719.56
  606.03,   348.69,   844.48
  597.70,   475.97,   595.80
  601.22,   474.66,   720.90
  605.46,   473.25,   845.15
  597.06,   600.91,   596.64
  600.94,   599.53,   722.12
  603.96,   598.40,   846.92
  350.24,   474.00,   100.55
  348.19,   472.66,   224.93
  346.04,   470.47,   350.79
  347.66,   599.27,   102.64
  346.21,   597.21,   227.69
  344.29,   595.10,   352.34
  346.06,   724.20,   103.91
  343.61,   722.58,   229.01
  341.87,   719.82,   353.79
  475.12,   476.50,   101.92
  473.57,   474.33,   227.66
  471.47,   471.95,   352.12
  473.09,   601.12,   104.28
  471.38,   598.83,   228.88
  469.52,   597.77,   353.98
  470.85,   726.14,   106.06
  469.09,   724.03,   231.01
  467.35,   722.71,   356.52
  600.33,   478.57,   104.57
  598.46,   476.52,   229.10
  595.93,   474.54,   354.06
  598.31,   603.14,   106.43
  596.22,   600.99,   231.36
  594.06,   599.86,   356.47
  595.41,   728.78,   107.91
  593.71,   726.11,   233.06
  592.54,   723.91,   358.18
  348.55,   474.78,   225.64
  351.29,   474.26,   351.15
  354.80,   473.94,   475.70
  346.66,   600.05,   226.30
  349.84,   599.20,   351.43
  353.13,   598.84,   476.58
  345.55,   724.75,   227.07
  348.85,   723.96,   351.65
  351.89,   723.77,   476.59
  473.34,   476.27,   222.96
  476.21,   475.06,   347.59
  479.70,   475.46,   472.70
  471.87,   600.80,   222.57
  475.44,   600.39,   347.92
  478.81,   600.28,   473.01
  470.48,   725.90,   223.44
  474.11,   725.84,   348.38
  476.99,   725.36,   473.82
  597.79,   477.49,   218.86
  601.07,   476.89,   343.71
  604.40,   476.46,   469.22
  596.88,   602.23,   220.06
  599.92,   601.40,   344.19
  603.47,   601.25,   469.69
  595.66,   727.76,   219.93
  598.73,   726.65,   345.63
  602.43,   725.93,   470.26
  351.42,   473.44,   350.15
  349.92,   475.46,   474.63
  347.48,   477.09,   599.51
  351.65,   598.70,   347.67
  350.23,   600.29,   473.36
  348.31,   601.66,   597.81
  352.42,   723.34,   346.34
  350.95,   725.18,   470.78
  348.41,   727.40,   596.08
  476.56,   473.22,   351.97
  474.57,   475.16,   477.15
  473.12,   477.16,   601.40
  477.14,   598.00,   349.94
  475.39,   599.59,   474.99
  473.42,   601.86,   599.80
  477.64,   722.67,   347.96
  475.46,   724.49,   473.63
  473.96,   726.93,   597.98
  601.93,   472.12,   353.84
  599.77,   474.04,   478.52
  597.95,   475.94,   604.11
  601.85,   597.49,   352.29
  599.82,   599.04,   476.65
  598.13,   601.08,   602.05
  602.93,   722.53,   350.25
  600.62,   724.23,   474.99
  598.33,   726.08,   599.97
  351.19,   472.57,   475.18
  349.97,   470.98,   600.83
  348.13,   468.52,   725.23
  350.72,   598.00,   477.34
  349.90,   595.30,   602.89
  348.78,   593.19,   727.44
  351.02,   722.97,   480.66
  349.89,   720.57,   604.96
  349.60,   717.80,   730.12
  476.15,   472.63,   476.26
  474.70,   469.94,   601.44
  473.62,   467.97,   727.00
  476.16,   597.83,   478.71
  474.64,   595.72,   603.56
  473.33,   592.63,   729.30
  476.71,   722.59,   481.78
  474.90,   720.62,   606.71
  473.98,   718.28,   731.30
  600.20,   472.26,   477.76
  599.77,   470.37,   602.26
  598.77,   467.00,   727.78
  600.65,   597.69,   479.98
  599.74,   594.92,   605.20
  598.51,   592.63,   730.17
  600.94,   721.96,   482.56
  600.68,   719.81,   607.52
  599.47,   717.16,   732.64
  351.23,   475.53,   600.43
  353.97,   475.16,   725.98
  358.35,   475.65,   851.14
  351.35,   600.66,   601.07
  355.50,   600.33,   725.66
  359.20,   600.69,   851.02
  352.33,   726.08,   601.05
  355.63,   725.54,   725.60
  359.34,   725.08,   851.06
  475.91,   475.06,   597.36
  479.01,   474.46,   722.45
  482.59,   474.44,   847.25
  476.82,   599.84,   597.12
  479.99,   599.45,   721.85
  483.32,   600.14,   846.69
  477.12,   724.56,   597.07
  480.56,   724.55,   722.61
  484.66,   725.05,   846.67
  600.93,   474.34,   593.45
  603.95,   474.28,   719.00
  607.41,   473.85,   843.84
  601.70,   598.77,   593.40
  604.95,   598.98,   718.40
  608.65,   599.11,   843.56
  602.00,   723.79,   593.29
  605.35,   723.97,   719.00
  609.26,   723.89,   843.35
  352.02,   598.13,   102.01
  352.66,   598.62,   226.83
  353.57,   599.79,   351.80
  354.37,   723.47,   100.76
  355.31,   724.24,   225.85
  355.84,   724.45,   350.66
  357.61,   848.14,   100.20
  358.72,   849.10,   225.31
  358.80,   849.33,   350.20
  476.96,   596.03,   100.47
  477.20,   596.10,   225.81
  478.05,   596.96,   350.85
  480.22,   720.62,   100.85
  480.53,   721.28,   225.69
  481.67,   721.25,   350.62
  483.02,   845.87,   100.38
  483.63,   846.15,   225.06
  484.19,   846.28,   349.94
  601.55,   592.77,   100.18
  602.99,   593.29,   225.31
  603.41,   593.50,   350.02
  605.21,   717.33,    99.31
  605.78,   718.14,   225.07
  605.83,   718.53,   350.10
  608.09,   843.15,    98.79
  608.48,   843.30,   224.71
  609.30,   844.11,   349.68
  349.42,   600.04,   226.06
  345.56,   597.09,   350.67
  342.22,   593.95,   475.60
  349.28,   725.23,   229.18
  345.89,   721.75,   353.88
  343.25,   718.09,   478.96
  350.74,   849.69,   232.56
  346.82,   846.94,   357.35
  343.25,   843.42,   481.75
  473.77,   599.01,   229.11
  470.86,   596.02,   353.68
  467.51,   592.54,   478.91
  475.05,   724.54,   232.14
  471.40,   720.83,   357.68
  468.25,   718.27,   481.89
  475.30,   849.39,   235.50
  472.32,   845.62,   360.05
  468.15,   842.79,   485.84
  598.81,   598.33,   232.91
  595.59,   594.98,   357.76
  591.68,   592.62,   482.07
  599.64,   723.31,   235.64
  596.30,   720.76,   360.53
  592.43,   716.94,   485.52
  600.46,   848.23,   238.47
  596.44,   845.35,   363.66
  593.75,   842.20,   489.09
  349.79,   600.07,   348.87
  352.59,   598.86,   473.08
  355.70,   597.80,   598.73
  346.85,   724.49,   349.52
  350.04,   724.32,   474.21
  352.89,   722.77,   599.42
  344.17,   849.30,   350.87
  347.16,   849.14,   475.94
  349.73,   848.22,   600.63
  474.25,   602.71,   345.22
  477.95,   602.09,   470.97
  480.77,   600.55,   595.61
  471.77,   727.74,   346.77
  474.39,   727.29,   471.98
  477.89,   726.17,   596.64
  468.63,   852.70,   347.51
  471.26,   852.33,   472.28
  474.39,   851.02,   597.60
  599.54,   605.90,   342.19
  602.38,   604.71,   467.31
  605.42,   604.15,   592.28
  596.41,   730.44,   343.73
  599.36,   730.27,   468.29
  602.44,   728.80,   593.12
  594.02,   856.03,   344.39
  596.72,   854.81,   470.08
  599.48,   853.97,   594.54
  348.20,   601.58,   475.85
  349.28,   600.07,   600.62
  349.68,   598.49,   725.43
  350.43,   726.18,   477.88
  350.88,   725.11,   602.42
  350.86,   722.85,   726.92
  351.29,   851.32,   479.60
  352.08,   849.87,   604.56
  352.34,   848.31,   729.58
  473.46,   599.63,   475.20
  474.40,   598.81,   599.89
  474.81,   596.97,   725.20
  475.03,   725.06,   477.07
  475.92,   723.61,   601.63
  476.15,   721.22,   726.72
  476.65,   849.70,   478.31
  477.36,   848.45,   603.60
  477.33,   846.74,   728.41
  598.12,   598.84,   475.00
  598.78,   596.56,   599.78
  599.35,   595.13,   724.65
  600.17,   723.89,   476.12
  600.34,   721.36,   601.36
  601.15,   720.21,   725.85
  601.99,   848.68,   478.15
  602.29,   846.49,   603.06
  603.19,   844.57,   727.84
  350.56,   599.07,   601.20
  351.88,   602.56,   725.68
  353.88,   606.50,   850.76
  353.00,   724.48,   597.15
  354.81,   728.11,   722.11
  356.77,   731.25,   847.31
  356.66,   849.25,   593.93
  358.22,   852.86,   719.13
  359.71,   856.08,   843.63
  475.76,   596.23,   599.54
  477.20,   600.05,   724.29
  478.79,   603.10,   849.30
  478.88,   721.48,   596.49
  480.14,   725.06,   721.31
  481.27,   727.94,   846.05
  481.15,   845.80,   592.63
  483.07,   849.24,   717.14
  484.26,   852.74,   842.13
  600.75,   593.70,   598.16
  601.79,   597.10,   723.60
  603.47,   600.44,   848.04
  603.09,   717.82,   594.66
  605.18,   721.65,   719.67
  606.26,   725.20,   844.46
  606.24,   842.95,   591.51
  608.02,   846.00,   716.19
  609.13,   849.97,   841.03
  475.42,   101.88,    98.09
  476.67,   101.80,   223.18
  477.63,   102.14,   348.47
  473.90,   227.03,    98.64
  475.00,   226.35,   222.95
  475.99,   227.02,   348.38
  472.02,   352.14,    98.66
  473.14,   351.81,   223.68
  474.11,   351.70,   347.98
  600.90,   103.64,    96.73
  601.35,   103.24,   221.51
  602.35,   103.81,   347.35
  598.79,   228.73,    97.39
  599.56,   229.02,   222.12
  600.38,   228.09,   347.35
  597.24,   353.62,    97.21
  597.95,   353.60,   221.98
  599.16,   353.77,   347.17
  725.39,   105.17,    95.88
  726.83,   105.68,   220.95
  728.01,   105.69,   346.24
  723.71,   230.33,    96.04
  724.92,   230.64,   221.44
  725.89,   230.08,   346.08
  721.95,   355.06,    96.14
  722.87,   355.59,   221.40
  724.08,   355.26,   345.87
  473.65,    98.56,   226.20
  475.40,    97.11,   350.63
  477.32,    96.35,   475.83
  472.22,   223.97,   227.11
  474.07,   222.59,   352.19
  476.27,   221.23,   477.08
  471.75,   348.22,   228.17
  473.00,   347.78,   353.55
  474.83,   346.08,   478.42
  598.89,    99.73,   224.61
  600.64,    98.85,   348.91
  602.56,    98.07,   473.84
  597.74,   225.04,   225.27
  599.36,   223.48,   350.46
  601.19,   222.82,   475.52
  596.12,   349.57,   225.97
  597.93,   348.79,   351.47
  600.07,   348.06,   476.73
  723.48,   100.96,   222.63
  725.25,    99.82,   347.45
  727.42,    98.34,   472.33
  722.32,   225.71,   223.44
  724.77,   224.96,   348.07
  725.96,   224.05,   473.61
  721.21,   351.23,   223.92
  723.49,   350.14,   349.64
  724.67,   348.39,   474.39
  474.52,    98.13,   351.32
  472.78,    94.53,   475.96
  469.54,    90.78,   600.69
  477.11,   223.14,   354.83
  474.42,   219.84,   479.63
  471.93,   215.92,   604.27
  479.45,   347.88,   357.94
  476.89,   345.05,   483.32
  474.72,   340.56,   607.89
  599.95,    95.56,   353.51
  597.37,    92.05,   477.89
  594.52,    88.40,   602.98
  602.49,   220.39,   356.72
  599.81,   217.12,   481.61
  597.27,   214.00,   606.86
  604.46,   345.67,   360.74
  602.30,   341.81,   485.91
  599.65,   338.83,   610.40
  725.05,    93.31,   356.21
  722.24,    89.69,   480.86
  719.43,    86.38,   605.79
  727.42,   217.99,   359.61
  724.80,   214.34,   484.26
  721.71,   211.07,   609.45
  730.01,   343.28,   363.35
  726.85,   339.46,   488.00
  724.90,   336.30,   612.74
  474.91,   101.57,   476.08
  475.57,   100.22,   601.14
  476.34,    98.97,   725.90
  473.86,   226.68,   477.55
  475.24,   224.70,   602.70
  475.47,   223.18,   727.98
  473.34,   351.49,   479.04
  473.70,   350.38,   604.15
  474.73,   348.34,   729.00
  599.90,   102.61,   475.81
  600.69,   100.60,   600.74
  601.74,    99.19,   725.09
  599.64,   227.84,   477.11
  600.37,   226.19,   601.88
  600.52,   224.62,   727.32
  598.30,   352.68,   478.61
  599.36,   351.23,   603.19
  600.08,   349.42,   728.15
  725.17,   103.67,   475.02
  725.43,   101.60,   599.53
  726.84,   100.42,   724.79
  724.44,   228.23,   476.63
  724.47,   227.35,   601.70
  725.66,   224.99,   725.94
  722.84,   353.14,   477.84
  724.02,   352.44,   602.75
  724.56,   350.61,   727.46
  474.16,   100.63,   598.67
  473.63,   102.29,   723.65
  474.08,   103.60,   848.01
  475.76,   225.38,   596.53
  474.67,   227.35,   721.46
  475.34,   228.42,   846.54
  476.59,   350.02,   595.32
  476.70,   352.28,   719.79
  475.86,   354.08,   845.05
  599.16,    98.67,   598.91
  598.35,   100.53,   723.95
  598.83,   102.65,   848.28
  600.22,   223.69,   597.12
  599.76,   225.65,   722.24
  599.98,   227.38,   846.52
  601.48,   348.63,   595.63
  601.54,   350.74,   719.95
  601.16,   352.79,   845.10
  723.62,    98.01,   598.53
  724.05,    99.06,   723.33
  723.50,   101.16,   848.77
  724.86,   222.63,   596.99
  724.98,   224.68,   722.12
  724.98,   225.64,   847.37
  726.54,   348.05,   594.94
  726.53,   349.42,   720.22
  726.39,   350.94,   844.87
  474.59,   226.63,   100.81
  475.26,   226.36,   226.59
  474.70,   225.09,   350.99
  472.53,   351.40,   101.58
  472.22,   350.52,   226.60
  471.84,   350.14,   351.27
  469.69,   475.99,   101.74
  469.06,   475.44,   226.77
  468.90,   475.78,   351.74
  600.45,   229.14,   101.24
  599.89,   228.44,   226.24
  599.50,   228.02,   351.56
  597.05,   354.14,   102.21
  596.82,   353.49,   226.43
  596.36,   353.33,   351.31
  594.48,   479.23,   102.40
  594.37,   479.23,   226.90
  593.60,   478.57,   352.04
  725.40,   232.37,   101.13
  724.91,   231.21,   226.97
  724.05,   230.83,   351.73
  722.55,   356.84,   101.82
  721.48,   356.46,   226.94
  721.84,   356.34,   352.48
  719.44,   482.47,   102.31
  718.76,   481.22,   227.63
  718.58,   481.24,   352.79
  473.82,   225.79,   223.48
  473.82,   222.89,   347.91
  473.59,   220.56,   473.35
  471.21,   351.34,   225.80
  471.38,   347.87,   350.96
  471.36,   345.13,   475.82
  468.71,   476.07,   228.34
  469.51,   473.13,   353.80
  468.87,   470.91,   478.61
  598.85,   228.39,   222.52
  598.31,   225.54,   347.71
  598.75,   222.78,   473.26
  596.32,   353.50,   225.54
  596.58,   350.75,   350.33
  596.76,   347.97,   475.66
  593.68,   478.50,   228.41
  593.55,   475.83,   353.53
  594.40,   472.86,   478.97
  723.19,   230.58,   223.04
  723.48,   228.12,   348.12
  723.47,   225.27,   472.70
  720.88,   355.28,   225.61
  720.81,   352.26,   350.63
  721.30,   349.82,   475.94
  718.94,   480.53,   228.92
  719.04,   477.56,   353.33
  719.24,   474.91,   478.09
  475.29,   226.61,   351.70
  473.04,   226.85,   476.11
  469.89,   227.41,   601.60
  477.88,   351.15,   350.81
  474.36,   352.03,   476.11
  471.99,   352.18,   600.61
  480.02,   476.59,   351.16
  477.22,   477.09,   475.54
  474.15,   476.72,   601.08
  600.34,   224.06,   354.28
  597.86,   224.25,   478.89
  595.05,   225.42,   604.06
  602.21,   349.62,   353.98
  599.55,   349.91,   478.42
  597.39,   350.16,   603.89
  604.74,   474.63,   352.97
  601.58,   474.28,   478.00
  599.18,   474.47,   603.47
  725.72,   221.91,   356.68
  722.65,   222.19,   481.62
  720.33,   222.63,   606.55
  727.78,   346.94,   356.74
  724.77,   347.21,   481.80
  722.09,   348.19,   606.19
  729.16,   471.79,   356.28
  726.42,   472.07,   480.79
  723.71,   473.15,   606.60
  474.43,   223.23,   474.95
  471.92,   226.44,   600.14
  469.36,   229.54,   725.43
  476.30,   348.36,   471.88
  474.13,   351.15,   596.77
  471.49,   354.77,   722.18
  478.23,   472.66,   468.75
  476.17,   475.74,   593.56
  473.89,   479.92,   718.27
  599.26,   220.94,   477.80
  596.98,   224.52,   602.70
  594.23,   227.84,   727.21
  601.48,   345.39,   474.45
  598.79,   348.75,   599.47
  596.99,   352.26,   724.45
  603.07,   470.45,   470.80
  601.52,   474.48,   596.37
  599.21,   477.77,   720.99
  723.70,   218.52,   479.90
  721.64,   222.13,   604.58
  719.15,   224.92,   729.25
  726.66,   343.81,   476.99
  724.01,   346.98,   601.30
  721.42,   349.82,   726.73
  728.33,   468.55,   473.35
  726.60,   471.47,   598.03
  724.12,   475.58,   723.32
  473.33,   226.65,   600.51
  472.25,   228.86,   726.02
  471.74,   229.32,   850.88
  470.39,   351.80,   599.02
  469.57,   353.00,   724.71
  469.19,   354.45,   849.14
  467.17,   477.32,   598.23
  466.81,   478.14,   722.79
  466.29,   479.67,   847.88
  598.45,   229.65,   601.17
  597.10,   231.41,   726.38
  596.57,   232.75,   851.80
  595.12,   354.79,   599.52
  594.99,   356.33,   725.02
  594.01,   357.91,   849.63
  592.27,   479.54,   598.82
  591.61,   481.10,   723.70
  591.45,   482.09,   848.70
  723.37,   232.30,   601.79
  722.67,   234.38,   726.52
  721.99,   235.74,   852.06
  719.93,   357.34,   600.30
  719.88,   359.34,   726.00
  719.09,   360.66,   850.62
  717.75,   482.14,   599.19
  716.33,   484.08,   724.11
  716.37,   485.78,   849.14
  477.45,   350.60,   101.62
  480.17,   347.62,   225.81
  482.98,   344.59,   351.31
  473.82,   475.25,   104.31
  477.07,   472.64,   229.71
  480.96,   469.08,   353.86
  471.55,   599.90,   107.90
  475.04,   596.93,   232.35
  477.96,   594.07,   357.73
  601.57,   353.30,    98.14
  605.52,   349.75,   223.25
  608.23,   346.48,   347.86
  598.97,   477.99,   101.02
  602.24,   475.37,   226.08
  605.88,   472.04,   351.14
  596.20,   603.01,   104.43
  599.86,   599.82,   229.72
  602.24,   596.74,   354.22
  727.14,   355.58,    94.66
  729.86,   353.18,   219.76
  732.86,   349.90,   344.60
  724.08,   481.31,    98.07
  727.61,   477.32,   222.87
  730.08,   474.28,   347.89
  721.81,   605.55,   101.29
  724.94,   603.09,   225.92
  727.52,   600.04,   351.02
  475.01,   351.96,   227.29
  474.60,   353.74,   351.81
  473.92,   356.25,   476.44
  477.47,   476.32,   224.72
  477.10,   479.14,   349.18
  477.12,   481.84,   474.94
  479.98,   602.23,   222.17
  480.00,   604.19,   347.51
  479.18,   606.81,   471.84
  599.97,   349.84,   227.94
  600.10,   352.08,   352.14
  599.46,   353.98,   477.44
  602.92,   474.58,   225.07
  601.93,   476.43,   350.44
  601.85,   478.88,   475.57
  605.45,   599.56,   222.84
  604.34,   601.26,   348.26
  603.71,   603.89,   473.06
  725.53,   346.66,   228.40
  724.28,   349.52,   353.28
  723.96,   351.73,   478.27
  727.43,   472.21,   225.37
  727.31,   474.37,   350.95
  726.67,   476.90,   475.95
  729.86,   597.16,   223.29
  729.52,   598.78,   348.62
  728.85,   601.27,   473.72
  473.26,   348.14,   348.87
  477.06,   349.63,   474.11
  480.35,   350.49,   599.12
  472.13,   473.98,   348.71
  475.66,   474.80,   473.27
  478.73,   475.44,   598.73
  470.67,   598.08,   347.70
  473.94,   598.93,   472.90
  476.47,   600.43,   597.67
  598.91,   349.90,   345.72
  602.07,   351.32,   471.29
  604.97,   351.37,   596.03
  597.30,   475.29,   345.62
  600.56,   475.88,   470.02
  603.75,   476.66,   595.13
  595.19,   600.09,   344.11
  598.17,   600.44,   469.57
  602.06,   601.47,   594.02
  723.88,   351.65,   343.17
  727.09,   352.64,   467.96
  730.16,   353.46,   592.63
  722.28,   476.35,   342.39
  725.05,   477.35,   466.72
  728.74,   478.34,   592.27
  719.97,   602.11,   340.77
  723.46,   602.45,   466.32
  727.10,   602.91,   590.68
  475.04,   348.54,   475.14
  478.96,   345.29,   600.15
  482.41,   342.75,   724.68
  474.35,   473.83,   478.34
  478.02,   470.70,   603.56
  481.17,   467.33,   728.18
  473.14,   598.74,   481.06
  476.92,   595.82,   606.19
  480.39,   592.40,   731.50
  600.39,   349.76,   471.15
  603.88,   347.18,   596.32
  607.33,   343.85,   720.95
  599.50,   474.88,   475.08
  602.78,   472.08,   599.86
  606.89,   468.16,   724.79
  598.04,   599.32,   477.80
  601.57,   597.10,   602.87
  605.73,   594.02,   728.02
  725.47,   350.89,   468.17
  728.73,   347.45,   592.82
  732.22,   344.54,   717.19
  723.80,   475.83,   470.79
  728.16,   473.05,   595.87
  731.85,   469.62,   720.95
  723.81,   601.21,   474.20
  726.60,   597.66,   598.99
  730.64,   594.31,   724.03
  476.26,   349.08,   600.32
  479.89,   347.07,   725.49
  483.16,   344.68,   850.28
  479.43,   473.83,   602.47
  482.94,   472.16,   727.67
  485.54,   469.62,   852.87
  482.04,   598.35,   604.49
  485.51,   597.03,   729.29
  488.03,   594.35,   854.53
  601.13,   346.70,   596.98
  604.45,   344.10,   722.09
  607.56,   342.44,   846.92
  604.12,   471.19,   599.19
  607.84,   468.73,   724.42
  610.14,   467.05,   848.66
  606.52,   596.03,   601.07
  610.42,   594.38,   726.48
  613.86,   592.09,   850.80
  726.54,   343.14,   594.28
  729.23,   341.48,   719.32
  732.47,   339.73,   843.35
  728.77,   468.31,   596.34
  732.36,   465.93,   721.22
  735.41,   464.31,   845.39
  732.29,   593.13,   598.21
  734.69,   591.43,   722.77
  738.74,   589.13,   847.59
  476.71,   476.60,   100.01
  472.57,   476.31,   224.68
  469.23,   475.07,   349.46
  479.48,   601.75,   100.23
  475.73,   601.10,   225.31
  472.65,   600.72,   350.15
  482.83,   726.38,   101.52
  479.44,   725.95,   226.12
  474.88,   725.27,   350.99
  601.95,   473.77,   103.81
  598.10,   473.25,   228.30
  593.89,   471.79,   353.54
  604.62,   598.68,   104.02
  600.64,   598.11,   228.91
  596.87,   597.08,   353.67
  607.44,   723.16,   104.75
  604.07,   722.36,   229.48
  600.40,   722.38,   354.55
  726.84,   470.79,   107.11
  723.17,   470.07,   231.67
  718.86,   469.64,   357.48
  729.46,   595.82,   108.07
  726.12,   594.31,   232.78
  722.17,   594.47,   357.35
  733.02,   720.12,   109.12
  729.25,   720.17,   233.21
  725.65,   719.08,   358.65
  474.52,   475.56,   225.74
  476.88,   476.00,   351.16
  479.23,   476.38,   475.58
  473.07,   600.83,   225.12
  475.56,   601.15,   350.49
  478.09,   600.91,   475.83
  472.36,   725.65,   225.75
  474.05,   725.55,   350.58
  476.41,   726.58,   475.30
  599.68,   476.77,   223.06
  602.41,   477.02,   348.64
  604.98,   477.84,   472.82
  598.51,   602.14,   223.64
  600.89,   602.55,   348.20
  602.81,   603.04,   473.40
  596.91,   727.56,   222.88
  599.08,   727.63,   348.27
  602.04,   727.41,   473.02
  724.94,   478.14,   221.30
  727.17,   478.90,   345.83
  729.85,   479.01,   471.29
  723.43,   603.58,   220.59
  726.24,   604.03,   345.48
  727.99,   604.39,   470.31
  722.27,   728.33,   220.68
  724.42,   728.22,   345.00
  726.97,   728.48,   470.12
  475.59,   472.64,   349.96
  472.41,   471.12,   474.39
  469.46,   469.15,   599.23
  473.75,   598.13,   351.10
  471.22,   596.01,   476.23
  468.84,   594.47,   601.50
  472.27,   723.26,   352.93
  469.59,   721.34,   477.89
  466.86,   719.81,   602.46
  600.81,   474.45,   352.85
  597.32,   473.36,   477.49
  594.47,   471.41,   602.70
  598.95,   599.08,   353.66
  596.42,   597.52,   479.26
  592.92,   596.60,   603.74
  597.04,   724.69,   355.71
  594.26,   722.56,   481.07
  592.02,   721.45,   606.07
  725.30,   476.58,   355.21
  722.71,   474.74,   480.45
  720.08,   472.70,   605.05
  723.80,   601.22,   357.43
  720.70,   599.50,   482.05
  717.81,   597.34,   607.40
  722.61,   726.53,   358.67
  719.68,   724.53,   483.75
  716.63,   722.80,   608.51
  474.80,   473.59,   473.35
  471.40,   473.26,   598.83
  468.54,   472.16,   724.05
  474.22,   598.28,   474.97
  471.07,   598.28,   599.82
  468.04,   597.18,   724.56
  474.38,   724.03,   475.38
  470.44,   722.73,   600.38
  467.32,   722.53,   725.23
  599.62,   473.89,   477.17
  597.07,   473.78,   602.05
  593.67,   473.16,   726.84
  599.62,   599.44,   477.41
  595.72,   598.44,   602.27
  592.99,   598.07,   728.14
  598.52,   724.42,   478.20
  595.98,   723.44,   603.12
  592.13,   722.53,   728.16
  724.76,   474.35,   480.66
  721.63,   473.77,   605.22
  717.90,   473.47,   730.13
  724.39,   599.24,   480.91
  720.83,   599.24,   606.05
  717.91,   598.65,   730.57
  723.57,   725.17,   481.96
  720.98,   724.07,   606.75
  716.73,   722.89,   731.26
  474.25,   473.11,   601.93
  477.79,   470.34,   727.15
  480.92,   467.04,   851.62
  474.71,   597.79,   605.41
  478.35,   594.84,   729.60
  480.39,   592.10,   854.91
  475.72,   723.09,   608.24
  478.22,   719.59,   732.61
  481.39,   717.24,   858.27
  599.71,   472.44,   598.50
  602.93,   469.66,   723.54
  605.72,   466.33,   849.05
  599.75,   597.82,   601.68
  602.67,   594.71,   726.81
  605.53,   591.73,   852.11
  600.61,   722.33,   605.62
  603.03,   720.01,   730.17
  606.08,   716.24,   855.05
  724.22,   472.15,   596.15
  727.82,   469.86,   720.89
  730.06,   466.35,   845.80
  725.15,   597.89,   599.07
  727.37,   594.78,   724.04
  730.78,   591.70,   849.42
  724.73,   722.47,   602.42
  727.73,   718.97,   726.81
  730.60,   716.68,   852.21
  473.58,   600.31,    99.67
  475.45,   597.93,   224.71
  476.93,   595.92,   349.15
  473.02,   725.26,   100.99
  474.69,   722.71,   225.91
  476.14,   720.95,   351.05
  472.06,   849.55,   102.98
  474.42,   848.13,   228.73
  475.44,   845.56,   352.95
  598.90,   600.73,    97.77
  600.71,   599.14,   222.96
  602.42,   596.34,   348.17
  597.94,   725.50,    99.82
  600.14,   723.24,   224.85
  601.67,   721.32,   349.59
  597.05,   850.50,   101.77
  599.13,   848.43,   226.26
  601.07,   846.47,   351.18
  723.56,   601.92,    96.44
  725.81,   599.62,   221.18
  726.71,   597.74,   345.90
  722.94,   726.51,    98.35
  725.04,   724.08,   223.63
  726.75,   722.56,   348.61
  722.21,   851.39,   100.34
  723.65,   849.43,   225.56
  725.98,   847.49,   349.60
  475.33,   599.13,   224.21
  477.52,   597.27,   349.25
  479.30,   595.60,   473.81
  476.02,   724.30,   226.09
  477.90,   722.67,   350.71
  479.36,   721.54,   475.90
  476.29,   849.10,   227.70
  477.90,   847.63,   352.35
  480.09,   846.01,   477.35
  600.13,   599.02,   221.67
  602.41,   597.73,   347.27
  604.64,   595.43,   472.47
  600.58,   724.18,   223.61
  602.81,   722.80,   348.65
  604.96,   721.24,   473.54
  601.11,   849.40,   224.83
  603.27,   847.10,   350.19
  605.27,   845.80,   475.36
  725.61,   599.10,   219.69
  727.86,   596.87,   345.13
  729.08,   595.06,   470.07
  725.84,   724.01,   221.62
  727.95,   722.49,   346.48
  729.71,   720.51,   471.30
  726.45,   848.43,   223.22
  727.86,   846.71,   348.56
  729.64,   845.03,   473.57
  473.35,   601.00,   351.79
  473.32,   604.58,   476.42
  474.32,   607.97,   602.20
  474.59,   726.46,   347.91
  474.66,   729.53,   473.77
  474.55,   733.06,   597.98
  474.37,   851.18,   345.13
  474.56,   854.73,   469.67
  474.72,   858.32,   594.30
  598.93,   600.32,   352.06
  598.60,   603.73,   477.08
  599.01,   607.64,   601.38
  599.28,   725.24,   348.00
  599.40,   729.01,   472.73
  599.82,   732.55,   597.67
  599.77,   850.71,   344.77
  599.96,   854.12,   469.66
  600.35,   858.06,   594.40
  723.60,   600.28,   351.51
  723.80,   603.37,   476.37
  724.09,   606.76,   601.21
  723.97,   725.12,   347.91
  724.23,   728.49,   473.30
  724.66,   732.34,   597.68
  724.69,   849.66,   344.84
  725.33,   853.34,   469.11
  725.30,   857.10,   594.43
  475.33,   599.79,   476.00
  478.76,   600.30,   600.47
  481.47,   602.25,   725.87
  478.40,   724.22,   474.95
  481.94,   725.49,   599.81
  484.39,   726.72,   724.58
  481.72,   849.06,   473.22
  484.66,   850.57,   598.57
  487.71,   851.78,   723.47
  600.00,   596.09,   473.01
  603.00,   598.13,   597.97
  606.17,   598.87,   722.83
  603.52,   721.95,   471.27
  606.33,   722.43,   597.05
  608.95,   723.46,   721.29
  606.29,   846.41,   470.75
  609.21,   847.44,   595.75
  612.42,   848.27,   720.82
  724.92,   593.29,   469.41
  727.90,   594.62,   594.83
  731.32,   596.01,   720.03
  728.33,   718.12,   468.61
  731.62,   719.59,   593.34
  734.36,   720.51,   718.71
  731.06,   843.39,   467.40
  733.85,   844.85,   592.73
  737.06,   846.09,   717.53
  474.05,   601.04,   597.90
  477.46,   601.67,   723.12
  481.10,   603.34,   848.36
  472.89,   725.38,   596.27
  477.19,   727.49,   722.19
  481.05,   728.84,   846.42
  472.76,   850.98,   595.52
  476.09,   852.05,   720.43
  479.97,   853.25,   845.23
  598.79,   600.91,   594.25
  602.37,   602.25,   719.11
  606.43,   603.53,   844.49
  598.55,   726.36,   592.94
  602.17,   727.91,   717.67
  605.77,   728.48,   842.59
  597.49,   850.74,   591.27
  601.40,   852.10,   716.19
  604.86,   854.43,   841.23
  723.25,   601.03,   590.51
  727.20,   602.51,   716.20
  730.75,   604.35,   840.91
  722.74,   726.38,   589.28
  726.83,   728.25,   714.30
  730.11,   729.14,   839.76
  722.39,   851.68,   588.29
  726.65,   853.11,   713.33
  729.72,   854.13,   838.14
  599.20,   100.30,    99.99
  600.80,    97.18,   224.43
  602.34,    94.45,   349.88
  599.61,   224.96,   102.46
  600.58,   222.52,   227.52
  602.15,   218.78,   353.02
  599.40,   349.87,   106.03
  600.48,   346.59,   230.63
  602.32,   344.09,   355.35
  724.23,   100.22,    98.69
  725.81,    97.34,   223.22
  727.30,    94.17,   347.99
  724.29,   224.89,   100.93
  725.62,   222.30,   226.23
  726.81,   218.50,   351.06
  724.33,   349.94,   104.13
  725.75,   346.52,   229.53
  727.30,   344.02,   354.46
  848.84,    99.30,    97.33
  850.30,    96.59,   221.95
  851.73,    93.48,   346.88
  849.57,   224.41,    99.68
  850.59,   222.00,   225.32
  852.51,   218.90,   350.01
  849.47,   349.56,   103.26
  851.21,   346.33,   228.36
  851.88,   343.99,   352.90
  597.87,    98.86,   223.87
  595.10,    95.49,   349.23
  592.55,    93.59,   473.85
  595.63,   223.84,   226.99
  593.05,   220.64,   352.01
  590.13,   218.12,   476.85
  593.81,   348.58,   228.74
  590.39,   345.42,   354.03
  587.53,   343.10,   478.66
  723.31,   101.03,   227.43
  719.95,    98.56,   351.86
  717.46,    95.25,   476.79
  720.90,   225.60,   229.66
  717.40,   222.70,   354.58
  714.94,   220.72,   479.57
  718.23,   350.39,   232.36
  715.13,   348.32,   357.57
  712.41,   345.76,   481.73
  848.24,   102.95,   229.85
  845.30,   100.33,   355.10
  842.36,    98.23,   479.57
  846.30,   227.67,   232.46
  842.97,   225.73,   357.25
  839.91,   222.58,   482.19
  843.68,   353.25,   234.93
  840.62,   350.70,   359.85
  837.08,   347.95,   485.70
  599.02,   100.21,   349.99
  601.38,    97.98,   474.84
  602.68,    95.82,   599.99
  598.00,   225.53,   352.38
  599.78,   223.03,   476.90
  600.82,   219.94,   601.84
  596.17,   350.77,   354.54
  597.33,   347.68,   479.77
  599.18,   345.65,   604.99
  724.55,   102.27,   347.69
  726.24,    99.22,   473.02
  727.09,    97.48,   598.19
  722.99,   226.63,   350.08
  724.72,   224.92,   475.80
  726.20,   222.07,   600.56
  721.06,   351.92,   353.03
  722.28,   349.07,   478.43
  724.13,   346.78,   602.50
  848.81,   103.27,   346.38
  850.41,   101.48,   471.77
  852.81,    98.62,   596.07
  847.97,   228.24,   348.68
  849.11,   226.07,   473.68
  850.55,   223.69,   599.26
  845.90,   353.41,   351.10
  847.53,   351.48,   476.23
  848.91,   348.90,   601.26
  600.20,    99.05,   474.44
  601.33,   102.55,   599.99
  602.48,   105.33,   724.83
  597.22,   224.39,   471.30
  598.13,   227.61,   597.13
  599.34,   230.04,   721.93
  594.26,   349.23,   468.24
  595.35,   352.55,   593.86
  596.14,   355.45,   718.80
  725.15,   102.13,   473.99
  726.03,   105.95,   599.06
  727.65,   108.34,   723.48
  722.26,   227.63,   470.58
  723.65,   230.21,   595.37
  724.30,   233.16,   720.45
  719.25,   352.49,   467.24
  719.52,   355.21,   592.75
  720.62,   358.30,   717.51
  850.56,   105.25,   472.55
  851.51,   109.11,   597.08
  852.91,   111.68,   722.39
  847.18,   230.45,   469.20
  848.11,   233.77,   594.80
  848.90,   236.68,   719.25
  844.25,   355.67,   466.12
  845.31,   359.05,   591.59
  845.50,   361.39,   716.24
  599.14,   100.18,   597.76
  599.44,    98.06,   722.52
  599.05,    95.72,   847.65
  599.71,   225.06,   600.22
  600.76,   223.18,   725.02
  600.98,   221.27,   850.44
  601.79,   350.55,   602.63
  602.27,   348.05,   727.42
  602.05,   345.56,   852.08
  723.59,    98.87,   597.22
  723.76,    96.38,   722.67
  724.84,    94.21,   847.68
  724.82,   223.33,   599.80
  725.64,   221.68,   724.54
  725.54,   219.12,   849.33
  726.52,   348.71,   601.49
  726.88,   347.10,   726.49
  727.39,   344.07,   851.75
  848.95,    96.98,   597.11
  848.99,    95.46,   722.27
  849.79,    93.64,   846.86
  850.32,   222.78,   599.32
  850.49,   220.61,   723.89
  850.34,   218.40,   849.01
  851.56,   346.98,   601.62
  852.19,   345.24,   726.03
  852.54,   342.95,   851.31
  599.94,   224.84,   100.83
  598.02,   222.35,   226.42
  596.14,   219.42,   351.51
  599.73,   349.43,   103.91
  598.49,   347.01,   229.05
  596.24,   344.48,   353.34
  599.57,   474.44,   106.75
  597.44,   472.26,   231.43
  596.33,   469.49,   356.22
  724.98,   225.47,   103.25
  723.01,   222.94,   228.09
  721.36,   219.52,   352.51
  724.65,   349.86,   105.79
  722.68,   347.31,   230.52
  721.26,   344.77,   355.08
  724.78,   474.94,   107.70
  723.24,   472.25,   233.29
  720.98,   469.83,   358.36
  850.09,   224.81,   104.97
  847.78,   223.03,   229.55
  846.31,   220.35,   354.89
  849.59,   349.91,   107.76
  847.69,   347.73,   231.96
  846.65,   344.92,   357.61
  849.28,   475.21,   110.28
  847.49,   472.15,   235.06
  846.34,   470.51,   359.58
  600.12,   224.08,   224.81
  598.16,   226.66,   349.61
  594.65,   228.25,   473.85
  602.07,   349.71,   222.56
  599.39,   351.40,   347.21
  596.50,   353.48,   471.97
  603.94,   474.39,   220.59
  600.88,   476.44,   345.92
  598.10,   478.47,   470.88
  725.68,   222.39,   227.48
  722.75,   225.02,   352.56
  719.61,   226.61,   477.37
  727.70,   347.37,   225.10
  724.55,   349.94,   350.73
  721.74,   351.49,   475.00
  729.19,   473.02,   223.59
  725.94,   474.26,   348.84
  723.31,   476.86,   472.96
  850.56,   220.80,   230.42
  848.02,   222.98,   355.36
  844.62,   224.73,   480.28
  852.73,   345.71,   228.06
  849.24,   347.64,   353.07
  847.08,   349.41,   478.03
  854.33,   471.32,   226.70
  851.18,   472.68,   350.87
  848.39,   474.96,   476.08
  598.61,   224.02,   349.61
  598.04,   224.47,   474.95
  597.07,   223.93,   600.44
  600.32,   349.80,   350.27
  599.15,   349.00,   474.61
  598.70,   349.23,   599.76
  601.71,   474.50,   349.81
  601.18,   474.67,   474.95
  600.45,   473.94,   600.06
  723.79,   223.23,   351.50
  722.94,   222.92,   475.85
  721.84,   223.05,   601.25
  725.83,   347.55,   351.36
  724.02,   347.91,   476.01
  723.53,   347.81,   601.56
  726.72,   472.31,   350.78
  726.30,   473.33,   476.37
  724.70,   473.26,   600.89
  848.87,   221.02,   352.38
  847.69,   221.09,   477.64
  846.47,   221.30,   602.26
  850.60,   346.72,   352.38
  849.74,   345.99,   477.54
  848.42,   346.22,   601.81
  852.50,   471.24,   352.45
  851.25,   471.57,   477.25
  850.33,   471.70,   601.70
  601.31,   225.89,   474.92
  599.23,   228.37,   599.64
  596.01,   230.78,   725.33
  602.68,   351.28,   472.74
  600.01,   353.00,   597.39
  597.58,   355.89,   722.70
  604.20,   476.02,   469.91
  600.83,   478.07,   595.45
  598.27,   480.51,   720.24
  726.94,   225.01,   477.89
  724.36,   227.40,   603.02
  721.48,   229.86,   727.68
  727.48,   350.17,   474.94
  725.32,   351.87,   600.07
  721.79,   354.69,   725.33
  728.39,   475.02,   472.95
  726.20,   476.79,   597.50
  723.18,   479.93,   722.45
  851.83,   223.44,   480.24
  848.39,   226.25,   605.55
  846.37,   228.91,   730.57
  853.03,   348.89,   477.84
  850.28,   351.40,   603.30
  846.82,   353.68,   727.97
  853.31,   473.59,   476.13
  850.93,   476.03,   600.72
  847.83,   478.66,   726.10
  601.39,   224.63,   601.22
  599.77,   223.81,   726.66
  599.41,   221.67,   851.49
  602.09,   349.68,   602.64
  601.08,   348.29,   728.20
  600.29,   347.18,   852.48
  603.91,   474.40,   604.18
  603.11,   473.25,   729.63
  602.21,   472.02,   854.37
  725.60,   223.69,   602.60
  724.80,   221.95,   726.99
  723.66,   220.51,   852.22
  727.54,   348.08,   603.31
  726.55,   346.47,   729.04
  725.11,   345.36,   853.40
  729.01,   472.89,   605.69
  727.57,   472.07,   729.78
  727.09,   470.03,   855.71
  851.35,   222.14,   603.72
  849.71,   220.56,   727.78
  848.95,   218.84,   853.34
  852.26,   346.96,   604.79
  851.43,   345.26,   729.40
  850.41,   344.18,   855.07
  853.88,   472.25,   605.78
  852.93,   470.09,   731.49
  851.71,   468.92,   856.59
  598.44,   351.49,   100.46
  601.34,   351.26,   225.38
  605.46,   351.64,   350.90
  600.76,   476.17,   100.16
  604.86,   477.09,   225.41
  608.18,   476.77,   350.68
  603.66,   601.20,   100.03
  607.61,   601.62,   225.45
  610.17,   601.14,   350.86
  723.40,   348.37,    97.39
  726.33,   349.22,   222.62
  729.54,   348.55,   347.73
  726.36,   473.51,    97.61
  729.53,   474.17,   221.90
  732.68,   473.43,   347.63
  729.28,   599.26,    97.00
  732.55,   598.63,   221.81
  735.73,   598.59,   347.10
  848.14,   346.41,    94.14
  851.28,   346.10,   219.49
  855.31,   346.17,   343.81
  850.56,   471.13,    94.06
  854.65,   471.38,   218.69
  857.45,   471.19,   343.82
  853.94,   596.50,    94.14
  856.83,   596.03,   218.60
  860.69,   596.49,   343.37
  598.93,   349.59,   226.18
  597.11,   349.84,   351.65
  596.54,   349.59,   476.31
  597.45,   474.27,   225.56
  595.90,   474.61,   350.76
  594.43,   474.93,   476.13
  595.93,   599.42,   225.89
  594.53,   599.10,   350.52
  593.76,   599.42,   475.70
  723.28,   350.66,   227.62
  721.82,   350.42,   352.22
  721.58,   350.97,   477.12
  721.82,   475.37,   226.90
  720.82,   475.67,   352.15
  719.58,   476.01,   477.53
  720.88,   600.13,   226.90
  719.83,   600.49,   351.86
  718.13,   600.95,   476.79
  848.10,   351.56,   228.84
  847.41,   352.55,   353.42
  846.64,   353.05,   478.76
  846.99,   476.56,   227.77
  845.56,   477.74,   353.11
  844.44,   477.74,   478.29
  845.67,   601.67,   227.57
  844.70,   602.63,   352.45
  843.50,   602.41,   478.00
  600.48,   351.70,   348.07
  601.14,   354.68,   473.82
  600.52,   358.52,   598.46
  600.09,   476.93,   345.31
  599.24,   479.60,   470.09
  599.95,   483.18,   595.62
  598.76,   601.38,   341.80
  598.52,   605.22,   467.51
  598.29,   607.88,   592.42
  725.59,   353.30,   348.09
  725.72,   356.50,   473.80
  725.68,   359.55,   598.64
  725.28,   478.33,   345.31
  724.92,   480.64,   470.89
  724.64,   483.69,   595.25
  724.34,   602.91,   342.36
  723.26,   605.92,   467.09
  723.44,   609.28,   592.44
  850.53,   353.63,   348.60
  850.25,   357.15,   473.58
  850.52,   360.28,   598.62
  850.35,   479.27,   346.05
  849.36,   481.92,   470.79
  849.88,   485.52,   595.30
  848.97,   603.92,   342.85
  849.00,   606.77,   467.13
  848.87,   610.12,   592.57
  601.50,   350.54,   473.33
  598.76,   348.84,   598.72
  596.35,   346.33,   723.40
  602.89,   475.64,   475.28
  600.99,   473.96,   600.45
  598.67,   472.03,   725.75
  604.28,   600.97,   477.93
  602.57,   598.69,   602.65
  599.97,   596.50,   727.28
  725.93,   348.66,   475.26
  724.19,   346.53,   600.87
  721.18,   344.91,   725.84
  727.99,   474.12,   477.51
  725.84,   471.64,   602.90
  723.13,   469.72,   727.98
  729.69,   599.19,   479.80
  727.01,   597.14,   604.90
  725.06,   595.19,   729.44
  851.41,   347.65,   477.69
  849.20,   345.06,   602.35
  846.77,   343.02,   727.68
  852.91,   472.08,   479.40
  850.55,   470.29,   605.10
  848.68,   467.90,   730.27
  854.25,   596.85,   481.63
  852.18,   595.47,   606.57
  850.39,   592.64,   732.37
  600.81,   352.09,   598.93
  597.68,   354.86,   723.97
  594.26,   358.01,   848.23
  603.10,   476.88,   595.61
  600.24,   480.10,   721.01
  596.82,   482.71,   845.67
  606.09,   602.06,   592.97
  602.33,   604.35,   718.37
  599.89,   608.00,   843.06
  725.81,   348.98,   602.10
  722.20,   351.91,   727.09
  719.16,   354.67,   852.11
  727.90,   474.64,   598.72
  725.06,   477.30,   724.14
  721.94,   480.11,   849.24
  730.81,   598.66,   595.89
  727.86,   601.85,   721.54
  724.03,   605.15,   846.04
  850.55,   347.04,   605.54
  846.83,   349.70,   729.87
  843.83,   352.90,   855.39
  853.14,   471.66,   601.89
  850.06,   475.04,   727.02
  847.03,   477.28,   852.04
  856.12,   596.24,   599.03
  852.25,   599.49,   724.60
  848.84,   602.70,   849.28
  601.31,   474.89,   101.98
  602.42,   471.07,   226.72
  602.70,   467.57,   351.58
  603.71,   599.82,   105.42
  604.51,   596.35,   230.62
  604.07,   593.16,   355.06
  604.95,   725.53,   109.44
  605.40,   721.26,   234.21
  606.08,   718.00,   358.81
  727.04,   473.92,   101.45
  727.02,   469.93,   225.82
  727.43,   465.62,   351.26
  728.74,   597.87,   104.72
  728.64,   594.29,   230.10
  729.61,   590.70,   354.94
  730.03,   723.77,   108.57
  730.35,   719.89,   233.71
  731.72,   716.28,   358.31
  851.93,   472.12,   100.81
  852.17,   468.02,   225.44
  852.24,   463.87,   350.30
  853.51,   596.32,   104.83
  854.49,   593.20,   229.48
  854.19,   589.61,   354.57
  854.84,   721.11,   108.59
  855.92,   718.05,   233.30
  856.60,   714.15,   357.95
  598.92,   473.60,   223.26
  601.12,   471.50,   348.44
  603.65,   469.82,   472.93
  596.15,   598.54,   225.50
  598.23,   596.33,   349.94
  600.17,   595.42,   474.95
  592.67,   723.45,   227.27
  594.76,   721.22,   351.38
  596.77,   719.79,   477.13
  723.95,   476.62,   220.96
  725.96,   474.42,   345.97
  728.63,   473.64,   471.13
  720.47,   600.90,   222.82
  722.60,   600.14,   348.16
  725.00,   598.14,   472.71
  717.78,   726.04,   224.45
  719.57,   725.13,   349.24
  722.15,   722.80,   474.43
  848.37,   479.14,   219.27
  851.17,   478.50,   343.61
  852.98,   476.30,   469.37
  846.00,   604.78,   220.40
  847.93,   603.21,   346.05
  850.28,   601.20,   470.22
  842.66,   729.26,   222.03
  844.66,   727.98,   347.27
  847.10,   726.68,   472.68
  599.28,   476.17,   349.96
  602.79,   477.08,   474.60
  606.20,   477.70,   599.88
  599.91,   601.55,   349.76
  603.61,   602.39,   474.87
  606.97,   602.13,   599.18
  600.62,   726.75,   349.43
  604.18,   726.52,   473.75
  607.90,   727.61,   599.21
  724.08,   476.25,   345.79
  727.37,   476.56,   471.10
  730.41,   476.29,   596.41
  724.33,   600.92,   345.60
  728.38,   600.87,   471.17
  731.98,   601.73,   595.69
  725.84,   725.89,   345.48
  728.62,   726.43,   470.76
  732.65,   726.26,   595.75
  848.37,   474.60,   342.75
  852.72,   475.45,   467.38
  855.53,   475.14,   592.80
  849.11,   599.47,   342.50
  853.45,   600.38,   466.81
  856.68,   600.59,   591.70
  850.78,   725.27,   342.23
  854.44,   724.73,   467.30
  857.37,   725.60,   592.05
  601.68,   474.88,   473.36
  601.38,   474.42,   598.63
  601.87,   474.75,   723.82
  603.79,   599.93,   473.40
  603.44,   599.33,   598.18
  603.37,   600.38,   723.26
  605.59,   724.62,   472.63
  605.33,   724.74,   598.42
  605.16,   724.56,   723.24
  726.44,   472.80,   473.94
  726.52,   472.73,   598.17
  726.18,   473.00,   723.31
  728.46,   598.20,   473.01
  728.68,   598.27,   598.59
  728.50,   597.70,   723.03
  730.24,   723.18,   472.88
  729.76,   723.20,   598.09
  729.68,   723.40,   722.98
  852.00,   471.26,   474.01
  851.57,   470.94,   598.78
  851.43,   471.18,   723.46
  853.05,   595.68,   473.51
  853.65,   596.76,   598.37
  853.05,   596.63,   724.07
  854.99,   720.82,   473.36
  855.11,   720.85,   598.12
  854.54,   721.02,   723.91
  600.31,   476.19,   599.93
  603.36,   475.10,   724.82
  606.43,   474.23,   849.17
  596.61,   601.29,   600.34
  599.88,   599.78,   725.50
  603.37,   598.95,   850.67
  593.42,   726.35,   601.56
  597.12,   725.28,   726.72
  600.58,   724.44,   851.45
  724.74,   479.70,   596.36
  728.10,   478.49,   721.52
  732.24,   476.95,   846.44
  721.26,   604.54,   597.02
  724.96,   603.12,   722.09
  728.73,   602.44,   847.47
  718.64,   729.10,   598.09
  721.82,   728.11,   723.49
  724.69,   727.59,   848.07
  850.25,   483.14,   592.97
  853.13,   481.41,   717.81
  856.38,   480.29,   843.06
  846.94,   607.52,   594.02
  849.59,   606.97,   718.85
  853.20,   605.50,   843.59
  843.35,   732.35,   594.86
  847.00,   732.10,   719.94
  850.01,   731.03,   845.03
  601.91,   599.39,   101.66
  599.70,   600.04,   226.41
  597.20,   600.54,   351.91
  600.07,   724.04,   100.51
  598.28,   724.75,   225.49
  595.10,   725.54,   350.47
  599.06,   849.48,   100.81
  596.31,   849.95,   225.15
  594.38,   849.85,   349.92
  726.36,   600.59,   104.41
  724.68,   601.14,   228.92
  721.85,   601.23,   353.62
  725.08,   726.06,   102.91
  723.08,   726.11,   228.81
  720.26,   726.99,   352.97
  723.63,   850.57,   102.51
  721.33,   851.00,   227.31
  719.38,   851.45,   353.18
  851.58,   601.77,   106.44
  848.87,   602.76,   231.00
  846.32,   603.27,   356.65
  850.11,   726.70,   105.43
  847.67,   727.40,   230.97
  845.01,   728.25,   355.93
  848.63,   852.02,   105.24
  846.61,   852.25,   229.97
  843.94,   853.50,   354.93
  601.41,   598.47,   226.54
  599.79,   599.25,   350.90
  599.44,   599.12,   476.54
  603.17,   724.03,   225.87
  601.47,   724.22,   350.52
  600.55,   724.54,   476.21
  604.30,   848.31,   226.13
  603.30,   849.30,   350.57
  602.26,   849.67,   475.37
  726.26,   596.85,   227.35
  725.30,   597.51,   352.21
  724.40,   598.21,   477.14
  727.51,   722.62,   227.39
  726.86,   722.82,   351.79
  725.67,   723.28,   477.08
  729.98,   847.24,   226.89
  728.02,   848.06,   351.39
  726.76,   848.03,   476.78
  851.26,   595.50,   228.43
  850.58,   595.96,   353.50
  849.35,   596.14,   479.02
  852.58,   720.30,   228.71
  851.47,   721.13,   353.73
  850.98,   721.72,   478.66
  854.57,   845.27,   228.20
  853.38,   846.07,   353.06
  851.81,   846.37,   478.20
  601.38,   598.56,   351.34
  598.28,   599.98,   476.56
  595.51,   601.91,   601.69
  599.80,   723.03,   349.29
  597.25,   725.07,   475.00
  593.60,   726.76,   600.04
  597.69,   848.11,   348.09
  595.11,   849.63,   472.51
  591.49,   851.89,   598.41
  727.12,   600.33,   354.05
  723.95,   601.98,   479.11
  720.33,   602.97,   604.10
  725.25,   724.93,   353.20
  721.83,   726.54,   478.08
  718.32,   727.98,   602.33
  723.24,   849.97,   351.21
  720.37,   851.51,   476.30
  716.56,   852.87,   600.98
  851.96,   601.45,   357.36
  848.49,   603.02,   482.70
  844.88,   605.13,   607.60
  849.88,   726.69,   355.54
  846.82,   728.86,   480.71
  843.35,   730.04,   606.26
  848.08,   852.12,   354.69
  845.02,   853.86,   479.14
  841.99,   854.88,   604.49
  601.18,   599.57,   476.29
  601.01,   602.56,   602.13
  601.05,   605.91,   726.24
  602.72,   725.11,   473.65
  602.53,   727.80,   598.72
  602.87,   731.01,   723.48
  604.09,   849.66,   471.60
  604.13,   852.80,   596.47
  603.91,   855.05,   721.05
  726.20,   598.65,   476.36
  725.91,   601.47,   601.90
  725.54,   603.74,   726.88
  727.59,   723.25,   474.28
  727.33,   725.82,   598.97
  727.61,   729.15,   724.35
  729.14,   848.11,   471.30
  729.14,   851.36,   596.37
  728.88,   853.74,   720.92
  850.55,   596.67,   477.02
  850.52,   599.36,   601.57
  851.25,   602.62,   726.92
  852.54,   722.00,   474.02
  852.52,   724.20,   599.00
  852.97,   727.15,   724.10
  853.81,   846.03,   471.33
  854.57,   848.98,   596.52
  853.93,   852.53,   720.91
  597.92,   598.93,   598.41
  596.64,   600.96,   723.77
  595.03,   604.26,   848.56
  598.30,   723.23,   596.23
  596.49,   726.53,   720.90
  594.09,   729.34,   845.48
  597.88,   848.24,   592.85
  596.01,   851.52,   717.69
  593.83,   853.99,   842.60
  722.93,   599.12,   599.88
  721.60,   601.31,   724.86
  719.87,   603.98,   849.80
  722.50,   723.52,   597.36
  721.64,   727.07,   722.79
  719.43,   729.57,   847.26
  722.28,   848.51,   594.99
  721.20,   851.26,   719.43
  718.95,   854.51,   844.53
  847.78,   599.02,   601.92
  845.97,   601.63,   727.28
  844.36,   604.62,   851.87
  847.49,   723.83,   599.06
  845.89,   726.45,   723.80
  844.76,   729.54,   849.14
  848.12,   848.85,   596.93
  845.74,   851.92,   721.41
  843.89,   854.76,   846.13
