200 PA4-K-Unknown-Output.txt 0
    2.05    19.34     4.14         2.04    19.35     4.14     0.003
  -22.02   -18.22    -6.39       -22.02   -18.22    -6.36     0.033
   -1.48   -20.38   -33.53        -1.48   -20.38   -33.53     0.007
  -31.33     0.98   -42.31       -31.35     1.01   -42.34     0.046
   11.05    22.23    40.58        11.10    21.91    40.51     0.330
   18.87     7.25   -26.48        18.86     7.24   -26.49     0.026
   17.83    -5.12    36.27        17.71    -4.86    36.26     0.289
   19.70    21.24   -27.80        19.72    21.25   -27.84     0.048
   23.70    -3.52    24.72        23.72    -3.55    24.73     0.032
  -21.28   -32.62   -29.78       -21.28   -32.70   -29.78     0.083
  -12.49   -14.65    -3.67       -12.51   -14.73    -3.58     0.118
  -29.41   -29.56   -34.50       -29.44   -29.62   -34.52     0.073
  -26.49   -24.51   -43.12       -26.48   -24.48   -43.08     0.051
  -36.93   -25.95   -27.34       -36.91   -25.94   -27.34     0.026
  -34.31     7.69   -25.32       -34.29     7.66   -25.32     0.039
  -37.37     0.68   -15.64       -37.37     0.68   -15.64     0.003
   22.36    13.66    42.68        22.29    13.62    42.67     0.085
  -22.38     4.98   -13.83       -22.39     5.00   -13.81     0.027
   23.74    -1.82    30.95        23.68    -1.76    30.94     0.084
  -33.24   -12.30    -7.36       -33.25   -12.30    -7.35     0.012
   -5.74    -7.97    19.35        -5.69    -7.92    19.34     0.071
  -39.64   -21.20   -18.88       -39.62   -21.19   -18.90     0.026
  -30.98   -27.79   -16.36       -30.97   -27.77   -16.38     0.032
   10.74    22.51    30.94        10.74    22.48    30.93     0.027
  -34.01     4.26   -37.40       -33.99     4.23   -37.37     0.045
   31.80     9.94    15.33        31.81     9.95    15.34     0.012
   35.34    -4.66   -14.03        35.23    -4.61   -14.03     0.121
   30.09    13.67    15.75        30.06    13.65    15.74     0.031
  -22.88   -20.76   -46.50       -22.88   -20.75   -46.49     0.012
    4.55    -0.03    63.34         4.55    -0.03    63.34     0.000
  -35.09    -6.82    -9.13       -35.03    -6.90    -9.27     0.164
   -1.92    16.03    54.69        -1.99    16.12    54.71     0.113
   13.39    27.39     1.20        13.39    27.39     1.20     0.002
   18.83     0.59    62.18        18.77     0.64    62.10     0.109
   34.36    -4.29    -4.83        34.39    -4.32    -4.82     0.043
   25.27    -5.62    14.62        25.26    -5.57    14.62     0.049
   33.15     3.99    14.48        33.18     3.99    14.50     0.039
   -8.44   -28.32   -30.97        -8.53   -28.18   -30.95     0.170
  -35.35    -3.54   -11.29       -35.40    -3.50   -11.20     0.112
   12.50    -2.94   -22.05        12.50    -2.94   -22.05     0.001
    1.26    20.16    42.16         1.25    20.31    42.19     0.150
   19.68    20.06    31.84        19.73    20.11    31.84     0.071
   19.17    -0.72    58.94        19.13    -0.69    58.93     0.053
  -11.56    23.42    30.20       -11.60    23.52    30.23     0.111
   37.62     6.05   -12.69        37.58     6.04   -12.68     0.048
   26.21    -7.19     9.43        26.21    -7.18     9.42     0.016
  -28.88   -15.89   -47.15       -28.88   -15.89   -47.13     0.013
  -39.52     2.44   -22.83       -39.47     2.41   -22.85     0.067
  -28.59   -22.33   -44.16       -28.62   -22.41   -44.25     0.121
   15.49    -7.43    16.52        15.50    -7.49    16.53     0.055
   -3.88     4.02   -25.52        -3.80     4.11   -25.56     0.129
   -3.21     3.10   -25.78        -3.11     3.19   -25.85     0.152
   17.76    -6.98    16.47        17.79    -7.10    16.49     0.130
  -27.49   -29.88   -35.31       -27.51   -29.93   -35.34     0.061
    5.23    -6.92    49.23         5.24    -7.08    49.23     0.162
    5.71    14.30    63.13         5.71    14.30    63.11     0.016
   29.51   -10.01    -5.18        29.44    -9.92    -5.17     0.113
   -3.63    23.70    31.64        -3.65    23.62    31.60     0.091
  -20.25     9.94   -36.35       -20.25     9.88   -36.30     0.082
   16.11    -9.61   -20.90        16.11    -9.61   -20.90     0.003
   25.88    -7.14     9.21        25.88    -7.25     9.24     0.109
    4.40    -7.29    59.33         4.39    -7.40    59.33     0.111
  -21.65    -4.27   -47.88       -21.63    -4.31   -47.80     0.095
   10.27    20.02    60.64        10.34    19.89    60.54     0.179
   24.05    -4.73    19.17        24.11    -4.83    19.20     0.119
   18.13    22.81    22.67        18.10    22.70    22.66     0.121
   13.09    22.43    33.71        13.09    22.39    33.70     0.041
  -41.00   -13.51   -16.07       -41.02   -13.51   -16.06     0.014
   -3.77   -12.65     2.12        -3.77   -12.61     2.11     0.038
   -0.54   -14.91   -35.08        -0.50   -14.91   -35.08     0.034
   29.70    12.66    17.30        29.66    12.65    17.28     0.051
   24.38     6.97    39.20        24.32     6.97    39.19     0.057
   14.29    -7.85    15.68        14.29    -7.85    15.69     0.005
   31.27    19.32     6.81        31.26    19.31     6.81     0.006
   17.49    -1.29   -22.56        17.51    -1.29   -22.54     0.027
   35.96    -1.14    10.37        35.98    -1.15    10.39     0.023
   -1.57    18.06    46.32        -1.65    18.21    46.31     0.162
   -0.12    -5.52    63.51        -0.12    -5.52    63.49     0.021
   28.61    21.99    -6.01        28.62    22.00    -6.01     0.007
   20.64    14.33    50.82        20.62    14.32    50.82     0.027
    6.07    21.82    34.65         6.08    21.67    34.62     0.148
   40.29     2.72    -4.12        40.28     2.72    -4.12     0.005
  -12.27   -27.43   -38.43       -12.26   -27.45   -38.45     0.032
   14.53     9.40   -17.08        14.58     9.39   -17.05     0.055
    3.56     8.17    63.43         3.56     8.17    63.42     0.015
   32.18     2.68    15.80        32.23     2.68    15.83     0.062
   21.89    -7.26    11.73        21.89    -7.25    11.73     0.008
   30.63     8.11   -27.85        30.72     8.12   -27.91     0.108
  -36.26     0.99   -14.30       -36.23     0.97   -14.33     0.050
   -3.11     9.05   -11.37        -3.11     9.04   -11.37     0.008
    8.83   -13.44   -19.03         8.83   -13.45   -19.03     0.015
   21.27    25.46   -12.47        21.27    25.44   -12.46     0.017
  -21.83    -6.41    -4.58       -21.86    -6.39    -4.54     0.055
   -3.63    -3.98    57.82        -3.57    -3.93    57.82     0.083
   27.03    -4.43    16.18        27.01    -4.40    16.17     0.038
  -14.85    19.91    21.59       -14.96    19.96    21.54     0.128
   -4.12    19.70    12.29        -4.09    19.67    12.35     0.073
   26.24    23.73     1.39        26.19    23.62     1.38     0.119
   -1.62    -3.78   -29.47        -1.62    -3.78   -29.47     0.004
  -34.49     4.31   -36.94       -34.46     4.28   -36.91     0.052
    3.82    -7.31    52.09         3.85    -7.07    52.11     0.247
   -6.97   -25.87   -34.64        -6.98   -25.87   -34.64     0.005
   10.80    -8.02    19.19        10.79    -7.82    19.13     0.206
   -7.07    -6.48    20.90        -7.01    -6.43    20.89     0.089
   18.85   -16.57   -13.82        18.84   -16.61   -13.83     0.038
  -26.90    10.87   -29.08       -26.93    10.96   -29.10     0.102
    6.66     8.84    63.29         6.66     8.84    63.24     0.052
  -14.48    20.36    20.89       -14.46    20.34    20.91     0.031
   30.18    17.65   -21.37        30.23    17.68   -21.41     0.070
    6.58    -6.78    38.25         6.59    -6.86    38.25     0.080
   10.38   -12.89   -19.01        10.35   -12.80   -18.94     0.124
   19.94   -11.08     2.43        19.92   -11.05     2.41     0.035
  -32.11   -29.33   -23.63       -32.19   -29.47   -23.61     0.161
    1.10   -18.74   -18.99         1.18   -18.85   -19.01     0.137
    5.13    -7.42   -24.22         5.14    -7.41   -24.23     0.010
   -6.19    -7.42   -43.32        -6.21    -7.43   -43.30     0.025
   35.29     9.43   -18.53        35.37     9.46   -18.55     0.084
   -7.65     3.26    30.73        -7.71     3.25    30.74     0.059
    0.31    17.40    58.68         0.32    17.37    58.68     0.029
  -13.30    12.14    31.42       -13.32    12.11    31.44     0.042
   19.91    13.88    59.25        19.89    13.87    59.24     0.022
   25.99    -4.92    16.51        25.95    -4.84    16.48     0.099
   -1.98     5.16   -22.41        -1.99     5.14   -22.39     0.021
  -16.10    10.03   -35.78       -16.10    10.03   -35.78     0.000
   -1.28   -21.38   -19.07        -1.32   -21.35   -19.08     0.050
  -41.35   -12.90   -16.23       -41.29   -12.88   -16.26     0.081
  -10.18     9.56   -22.86       -10.25     9.45   -22.83     0.133
   10.97   -13.22     4.36        10.97   -13.23     4.37     0.012
   11.01    21.51    42.84        10.99    21.57    42.84     0.069
  -36.20    -7.81   -43.58       -36.16    -7.83   -43.53     0.069
    4.59    20.28    45.77         4.63    20.08    45.76     0.205
  -21.56   -13.28    -5.15       -21.55   -13.25    -5.19     0.051
  -42.24   -12.41   -18.17       -42.29   -12.41   -18.15     0.049
   15.18     0.86   -21.49        15.20     0.86   -21.45     0.049
   25.51    23.72     2.33        25.57    23.83     2.34     0.129
   -5.72    -7.94    18.67        -5.74    -7.96    18.67     0.028
  -19.88   -14.45   -48.71       -19.88   -14.46   -48.78     0.067
   37.33    12.55     6.70        37.22    12.50     6.66     0.131
  -18.78   -23.98   -44.43       -18.79   -23.96   -44.40     0.038
   18.99    16.55    49.89        19.12    16.65    49.91     0.157
   -6.95     8.06    46.47        -6.79     8.05    46.46     0.162
   20.96     2.49    55.74        21.07     2.47    55.75     0.117
   38.33    -0.45     4.08        38.25    -0.42     4.09     0.087
  -16.44    11.15   -32.19       -16.43    11.18   -32.20     0.035
  -27.59    -0.69   -45.58       -27.58    -0.71   -45.54     0.040
  -28.85     5.69   -39.71       -28.86     5.72   -39.73     0.037
  -29.54   -10.36   -47.61       -29.52   -10.36   -47.55     0.059
  -43.85    -7.49   -25.87       -43.92    -7.47   -25.89     0.073
    8.84    26.03     7.45         8.87    25.97     7.44     0.069
   14.67    20.63    50.18        14.77    20.77    50.21     0.174
   29.53    19.23    10.84        29.53    19.23    10.84     0.000
    1.52     8.53   -14.98         1.52     8.59   -15.01     0.071
  -29.70    -6.06    -8.33       -29.70    -6.11    -8.42     0.104
   19.74    22.24    19.57        19.81    22.47    19.63     0.251
    6.86    21.73    34.50         6.85    21.76    34.51     0.027
   -3.32     1.63   -27.87        -3.36     1.61   -27.83     0.060
  -12.64    -4.38     7.48       -12.75    -4.44     7.53     0.136
   -5.29    11.45    57.84        -5.50    11.56    57.82     0.234
  -24.23   -10.64   -49.36       -24.21   -10.62   -49.32     0.050
    0.15    19.67    43.98         0.15    19.68    43.98     0.013
   23.57     2.49    41.80        23.33     2.58    41.76     0.256
  -17.38    -7.83   -48.34       -17.39    -7.83   -48.32     0.025
   25.43    13.59   -29.08        25.41    13.55   -29.02     0.067
    2.62    -6.84    43.24         2.62    -6.88    43.24     0.047
    6.22    -6.28    63.09         6.21    -6.30    63.16     0.069
  -12.39    10.52    28.71       -12.42    10.49    28.72     0.050
  -11.63   -19.93   -44.97       -11.63   -19.88   -44.98     0.056
  -12.27    10.58    18.64       -12.24    10.59    18.64     0.031
   17.91    26.33    -8.08        17.91    26.31    -8.07     0.021
   36.80    -0.76     9.12        36.87    -0.79     9.16     0.083
  -24.73   -32.53   -22.68       -24.72   -32.39   -22.71     0.144
   -1.34    17.23    49.31        -1.34    17.24    49.31     0.003
   35.01    14.14     8.48        34.99    14.13     8.47     0.023
   32.10     5.04   -25.80        32.14     5.03   -25.82     0.050
   -0.43   -11.70     7.59        -0.41   -11.56     7.57     0.151
  -39.15   -20.60   -34.20       -39.18   -20.62   -34.21     0.037
   10.50    23.80    22.38        10.50    23.82    22.38     0.022
   -7.59   -28.04   -24.11        -7.60   -28.04   -24.11     0.004
  -13.77     4.36    -1.13       -13.78     4.37    -1.13     0.018
  -32.34   -28.36   -33.94       -32.30   -28.29   -33.91     0.084
    4.05    20.54    42.60         4.07    20.39    42.58     0.159
   -9.20     6.04    27.77        -9.26     6.02    27.79     0.060
  -37.96    -0.49   -38.23       -37.91    -0.52   -38.20     0.063
  -32.08   -22.27   -10.45       -32.07   -22.26   -10.46     0.015
   11.80   -16.77    -4.94        11.80   -16.81    -4.93     0.039
   17.27   -12.72   -18.42        17.28   -12.69   -18.40     0.038
  -37.93     4.25   -28.01       -37.98     4.29   -28.02     0.077
  -38.67   -19.42   -15.68       -38.72   -19.46   -15.64     0.074
  -39.46    -0.60   -35.37       -39.47    -0.59   -35.38     0.024
   -4.41    18.22    42.26        -4.48    18.35    42.31     0.152
    3.77    18.50    61.65         3.72    18.64    61.65     0.148
   17.47    26.73     4.53        17.45    26.64     4.52     0.097
   25.77    -7.02    10.20        25.76    -6.99    10.19     0.033
   16.07    -6.22    25.29        16.08    -6.30    25.29     0.083
   -1.46   -21.92   -23.97        -1.35   -22.00   -23.96     0.139
   -8.12   -12.15     1.55        -8.11   -12.14     1.54     0.012
  -11.67   -29.56   -33.95       -11.71   -29.48   -33.93     0.086
   24.11    21.80    14.26        24.14    21.85    14.28     0.051
   14.54   -12.26   -18.43        14.54   -12.28   -18.46     0.037
   17.61    26.29     5.57        17.65    26.49     5.59     0.199
