75 PA4-A-Debug-Output.txt 0
  -35.05     3.35   -37.36       -35.05     3.35   -37.36     0.000
  -19.41   -18.10    -6.44       -19.41   -18.10    -6.44     0.000
  -27.75   -18.69    -7.20       -27.75   -18.69    -7.20     0.000
   25.93     3.17    31.18        25.93     3.17    31.18     0.000
   -3.65    -4.54   -38.69        -3.65    -4.54   -38.69     0.000
   20.64     0.07    51.19        20.64     0.07    51.19     0.000
   15.19    19.22    55.62        15.19    19.22    55.62     0.000
   -9.73   -19.56    -8.48        -9.73   -19.56    -8.48     0.000
   -6.80     3.50    51.88        -6.80     3.50    51.88     0.000
   16.50    18.25    55.47        16.50    18.25    55.47     0.000
    2.60    -5.38   -25.63         2.60    -5.38   -25.63     0.000
   -1.53     8.44   -15.92        -1.53     8.44   -15.92     0.000
   -4.06    -5.71   -40.18        -4.06    -5.71   -40.18     0.000
   22.98     4.21    45.05        22.98     4.21    45.05     0.000
  -11.29    -4.25   -46.23       -11.29    -4.25   -46.23     0.000
  -38.93     0.54   -34.86       -38.93     0.54   -34.86     0.000
   14.80    21.87    38.50        14.80    21.87    38.50     0.000
   14.94   -17.36    -9.22        14.94   -17.36    -9.22     0.000
   13.50    22.08   -27.23        13.50    22.08   -27.23     0.000
   29.33    12.98    17.69        29.33    12.98    17.69     0.000
    3.12   -12.18     5.67         3.12   -12.18     5.67     0.000
   17.01   -10.87   -19.81        17.01   -10.87   -19.81     0.000
   11.33    -6.36    50.64        11.33    -6.36    50.64     0.000
   -1.47    -5.18   -30.03        -1.47    -5.18   -30.03     0.000
    8.07    22.98    27.98         8.07    22.98    27.98     0.000
   15.39    24.84    14.12        15.39    24.84    14.12     0.000
  -23.20   -24.41    -9.22       -23.20   -24.41    -9.22     0.000
   34.99    -5.05   -14.38        34.99    -5.05   -14.38     0.000
  -24.88     3.35   -13.52       -24.88     3.35   -13.52     0.000
   -4.24    13.89     6.35        -4.24    13.89     6.35     0.000
  -21.46     6.55   -15.35       -21.46     6.55   -15.35     0.000
   12.99    27.36     3.57        12.99    27.36     3.57     0.000
  -31.09    -8.31    -7.00       -31.09    -8.31    -7.00     0.000
  -28.54   -31.38   -28.39       -28.54   -31.38   -28.39     0.000
  -12.06    -1.84    11.39       -12.06    -1.84    11.39     0.000
   28.59    20.57    10.06        28.59    20.57    10.06     0.000
   26.20    -7.24     9.20        26.20    -7.24     9.20     0.000
  -14.48     3.21     1.42       -14.48     3.21     1.42     0.000
   -7.96   -26.10   -17.19        -7.96   -26.10   -17.19     0.000
   33.67    14.23   -17.28        33.67    14.23   -17.28     0.000
   -6.99   -20.39   -10.16        -6.99   -20.39   -10.16     0.000
  -32.20     4.65   -14.72       -32.20     4.65   -14.72     0.000
    2.58   -18.01   -11.57         2.58   -18.01   -11.57     0.000
  -13.16    23.34    23.86       -13.16    23.34    23.86     0.000
    1.53    -6.87    53.09         1.53    -6.87    53.09     0.000
   22.22     1.90    46.14        22.22     1.90    46.14     0.000
   11.75    19.15   -19.83        11.75    19.15   -19.83     0.000
    9.97    19.18   -10.84         9.97    19.18   -10.84     0.000
   11.24   -13.70     3.17        11.24   -13.70     3.17     0.000
   -1.91    19.99    40.70        -1.91    19.99    40.70     0.000
    7.76     4.18   -18.14         7.76     4.18   -18.14     0.000
  -34.15   -25.25   -37.15       -34.15   -25.25   -37.15     0.000
   21.64     2.83    52.58        21.64     2.83    52.58     0.000
  -25.84   -26.34   -11.10       -25.84   -26.34   -11.10     0.000
   -9.47   -28.57   -32.41        -9.47   -28.57   -32.41     0.000
   14.30    23.11    25.82        14.30    23.11    25.82     0.000
   22.64   -13.86    -4.30        22.64   -13.86    -4.30     0.000
   -2.86   -18.93   -37.33        -2.86   -18.93   -37.33     0.000
  -14.35   -27.85   -14.99       -14.35   -27.85   -14.99     0.000
   38.14    -0.42     2.89        38.14    -0.42     2.89     0.000
   -7.75    22.63    17.92        -7.75    22.63    17.92     0.000
  -30.98    -8.26    -6.90       -30.98    -8.26    -6.90     0.000
    0.96   -15.14   -27.87         0.96   -15.14   -27.87     0.000
  -28.73   -28.90   -36.61       -28.73   -28.90   -36.61     0.000
   17.96    25.79   -11.39        17.96    25.79   -11.39     0.000
   20.67    21.62    22.60        20.67    21.62    22.60     0.000
    1.04    -9.66   -28.31         1.04    -9.66   -28.31     0.000
  -29.18   -30.19   -19.58       -29.18   -30.19   -19.58     0.000
  -17.91     5.79   -41.72       -17.91     5.79   -41.72     0.000
  -27.52   -30.59   -18.71       -27.52   -30.59   -18.71     0.000
   11.08   -15.30     0.07        11.08   -15.30     0.07     0.000
   14.48    -5.83    39.86        14.48    -5.83    39.86     0.000
   21.38     0.38    47.01        21.38     0.38    47.01     0.000
    9.59     9.29    63.15         9.59     9.29    63.15     0.000
  -39.71   -15.38   -14.46       -39.71   -15.38   -14.46     0.000
