200 PA4-F-Debug-Output.txt 0
   -1.91   -11.52   -37.39        -1.89   -11.52   -37.40     0.018
   -8.69   -24.87   -14.73        -8.67   -24.90   -14.72     0.029
   -5.11    12.46     5.08        -5.11    12.46     5.08     0.001
   -8.82     8.39    32.56        -8.87     8.35    32.59     0.074
   29.16   -11.60   -16.39        29.13   -11.54   -16.38     0.063
   -5.87     2.13   -32.58        -5.90     2.12   -32.58     0.030
  -30.66     6.75   -36.90       -30.64     6.73   -36.89     0.036
   35.10     1.97   -20.62        35.14     1.97   -20.63     0.038
  -29.67   -30.43   -31.93       -29.66   -30.40   -31.92     0.026
  -12.16   -27.44   -15.78       -12.15   -27.52   -15.74     0.089
  -23.25     3.76   -43.56       -23.25     3.79   -43.59     0.039
   -6.98     3.34    52.40        -6.84     3.35    52.41     0.141
   18.71    21.23    30.28        18.74    21.25    30.29     0.039
  -13.11   -12.05   -47.67       -13.10   -12.05   -47.67     0.009
   -9.39    24.66    29.31        -9.40    24.56    29.28     0.105
  -22.96    -8.14   -48.90       -22.96    -8.12   -48.94     0.043
  -14.39   -26.99   -13.58       -14.40   -26.97   -13.59     0.028
   -5.20     9.27    -5.23        -5.19     9.25    -5.22     0.020
    6.89    -7.38    56.63         6.88    -7.29    56.63     0.088
  -15.03   -15.46   -47.88       -15.04   -15.45   -47.83     0.048
    9.89    24.13    -5.52         9.92    24.10    -5.50     0.052
   20.71    16.23    42.25        20.81    16.29    42.28     0.112
   11.51    -2.72    63.26        11.51    -2.72    63.23     0.034
   -7.25    -8.79   -44.73        -7.32    -8.80   -44.67     0.091
    2.86     8.42   -15.47         2.86     8.40   -15.46     0.029
   -3.12   -21.26   -15.32        -3.10   -21.27   -15.31     0.020
   -7.82     1.91    28.74        -7.91     1.90    28.76     0.093
   -4.83    11.23     0.78        -4.78    11.17     0.80     0.069
   -7.54    15.59    12.85        -7.62    15.66    12.77     0.130
    1.53    -2.39   -25.19         1.54    -2.38   -25.21     0.025
   -1.82    -8.34   -34.23        -1.87    -8.36   -34.23     0.054
    5.71    -2.98    63.42         5.71    -2.98    63.38     0.048
   -9.35   -27.90   -34.56        -9.37   -27.88   -34.55     0.036
   16.25    19.49    50.02        16.25    19.49    50.02     0.001
  -11.86     4.49   -40.74       -11.90     4.45   -40.70     0.074
   -0.28   -20.69   -25.35        -0.31   -20.68   -25.34     0.035
   24.78    -5.80    13.94        24.80    -5.84    13.94     0.044
   -8.10    -5.92    17.59        -8.02    -5.87    17.57     0.093
  -20.52    12.22   -29.13       -20.52    12.25   -29.13     0.032
   26.26    23.54    -6.21        26.28    23.60    -6.21     0.065
    9.68    16.78    -9.76         9.71    16.78    -9.74     0.034
  -10.81   -26.22   -14.89       -10.82   -26.20   -14.90     0.022
  -14.95    -5.02     3.70       -14.88    -4.99     3.65     0.084
    2.71    21.82    34.55         2.71    21.74    34.53     0.086
  -18.82     8.89   -18.13       -18.82     8.85   -18.15     0.045
   10.36     9.04   -13.87        10.35     8.97   -13.81     0.088
  -34.68   -26.97   -20.42       -34.71   -27.00   -20.41     0.050
   -5.40    -8.67    17.43        -5.38    -8.63    17.42     0.044
   -9.42     8.77   -21.41        -9.36     8.89   -21.40     0.134
   26.37     7.68   -30.28        26.37     7.68   -30.29     0.002
   -4.79    13.54     6.51        -4.73    13.46     6.55     0.110
   -2.03    -9.50    20.90        -2.03    -9.39    20.88     0.102
   16.41     7.02   -20.88        16.31     7.02   -20.90     0.101
   -8.89     8.26   -13.66        -8.88     8.13   -13.67     0.126
  -31.70    -6.30    -8.51       -31.69    -6.31    -8.54     0.034
   -8.90   -23.38   -12.55        -8.90   -23.39   -12.55     0.002
  -25.45   -19.39    -6.84       -25.44   -19.39    -6.86     0.026
   19.12     1.60   -23.95        19.12     1.60   -23.94     0.004
    5.49    20.60    42.55         5.49    20.60    42.55     0.001
   38.54     4.37     8.03        38.52     4.36     8.01     0.030
  -37.86   -21.17   -36.79       -37.74   -21.10   -36.72     0.148
  -31.27   -29.08   -19.17       -31.26   -29.06   -19.18     0.024
   23.26    23.41    10.55        23.23    23.34    10.53     0.074
   11.62     8.50    63.05        11.62     8.50    63.02     0.026
  -16.07    15.60    30.03       -16.07    15.60    30.03     0.001
   20.22    -1.98    44.52        20.23    -2.00    44.52     0.021
   24.97   -14.57   -13.63        24.88   -14.46   -13.64     0.144
   26.33   -12.19    -4.45        26.33   -12.18    -4.45     0.010
   33.88    15.52   -15.80        33.69    15.42   -15.71     0.235
   29.14    -8.62     2.87        29.13    -8.60     2.86     0.028
  -40.08   -10.64   -35.94       -40.14   -10.65   -35.94     0.060
    1.15    19.04     4.89         1.22    19.00     4.94     0.097
    5.83    19.46    -3.34         5.80    19.47    -3.36     0.038
   -7.55     7.38    40.10        -7.30     7.40    40.05     0.247
   22.10     0.09    41.05        22.15     0.06    41.05     0.061
   17.42    11.89    63.24        17.42    11.89    63.18     0.059
  -24.36     1.18   -45.48       -24.36     1.18   -45.48     0.001
   23.98    17.25   -27.70        23.99    17.25   -27.71     0.011
  -25.04     2.51   -44.00       -25.06     2.58   -44.09     0.119
  -25.51   -29.86   -36.30       -25.53   -29.93   -36.34     0.077
  -14.44    13.75    19.25       -14.39    13.76    19.29     0.061
  -26.47    -2.68    -9.84       -26.41    -2.75    -9.94     0.130
   38.36     0.02    -1.41        38.34     0.03    -1.41     0.019
    0.35   -14.53   -29.61         0.39   -14.53   -29.62     0.043
    6.97    20.13    55.76         7.01    20.03    55.76     0.108
   38.40    10.82     0.39        38.46    10.86     0.39     0.077
    8.32    20.22    59.62         8.32    20.21    59.62     0.006
  -29.35     7.34   -36.78       -29.35     7.36   -36.79     0.025
  -18.18   -12.41   -48.88       -18.17   -12.42   -48.90     0.027
  -22.97    -3.05   -47.48       -22.97    -3.05   -47.46     0.026
   26.44     4.75    30.23        26.31     4.76    30.20     0.135
    0.92   -13.78   -28.43         0.91   -13.77   -28.43     0.008
   14.30    23.76    19.61        14.33    23.89    19.63     0.141
   24.49    -3.60   -26.58        24.49    -3.58   -26.54     0.043
   -3.06     4.18   -24.21        -3.04     4.19   -24.22     0.028
    2.22    -9.09    22.08         2.22    -9.08    22.07     0.018
  -11.80   -24.24   -11.77       -11.78   -24.26   -11.72     0.060
   30.49     4.17   -28.45        30.40     4.15   -28.32     0.161
  -10.06    -3.70    14.03       -10.02    -3.67    14.01     0.049
  -17.69   -13.88   -48.63       -17.68   -13.88   -48.68     0.050
  -34.92   -26.09   -18.26       -34.91   -26.08   -18.26     0.011
  -21.18   -30.56   -16.46       -21.18   -30.60   -16.43     0.055
    0.72    -6.80    54.25         0.75    -6.71    54.26     0.097
   15.06    10.21   -17.56        15.10    10.19   -17.53     0.047
   -4.39    24.27    28.91        -4.38    24.27    28.91     0.003
    0.27    -5.66    63.44         0.27    -5.66    63.49     0.047
   10.84    22.00    34.97        10.84    22.00    34.97     0.001
   -0.99    -5.66    49.96        -1.03    -5.73    49.95     0.081
   -4.68     8.62   -13.80        -4.70     8.69   -13.81     0.080
   -1.26    -5.60    63.04        -1.28    -5.64    63.05     0.050
  -33.43   -27.40   -18.47       -33.43   -27.40   -18.48     0.011
  -28.32    -9.10    -7.33       -28.31    -9.07    -7.25     0.084
   -4.79    16.65    10.23        -4.76    16.60    10.27     0.067
   22.63    24.89   -16.53        22.63    24.90   -16.53     0.008
   29.58    -3.64   -26.01        29.57    -3.64   -26.09     0.085
    8.27    14.96    63.22         8.27    14.96    63.19     0.026
   16.79   -13.39     0.68        16.83   -13.51     0.73     0.132
   33.09    -6.60   -10.30        33.09    -6.61   -10.30     0.008
  -22.84   -11.31   -49.24       -22.84   -11.29   -49.21     0.034
  -22.07   -17.18   -47.86       -22.07   -17.21   -47.93     0.066
  -31.23   -29.25   -19.39       -31.20   -29.20   -19.41     0.055
  -30.68    -5.96   -46.56       -30.71    -5.94   -46.60     0.059
   -3.80   -20.85   -36.89        -3.85   -20.82   -36.86     0.067
   28.06    17.55   -23.86        28.08    17.57   -23.88     0.029
  -12.25    -7.34   -47.53       -12.26    -7.34   -47.49     0.039
   31.15     1.79    17.21        31.11     1.80    17.18     0.048
   14.66   -10.06   -20.56        14.66   -10.05   -20.56     0.006
   -8.39    -4.67   -44.16        -8.43    -4.70   -44.12     0.064
   -8.13   -12.77     0.49        -8.12   -12.69     0.45     0.088
  -37.85   -22.90   -17.86       -37.80   -22.85   -17.89     0.069
   -0.46    24.11    24.29        -0.47    24.02    24.29     0.092
   20.75     6.38   -28.74        20.73     6.37   -28.77     0.032
   -1.21    10.38    -7.34        -1.21    10.39    -7.34     0.014
   27.53    -4.46    15.70        27.45    -4.37    15.67     0.131
   11.38    -6.41    40.99        11.38    -6.39    40.99     0.024
  -27.30   -11.05    -6.74       -27.30   -11.03    -6.65     0.092
   -6.51     9.03    57.89        -6.54     9.04    57.89     0.029
    6.59   -16.05   -16.67         6.59   -16.05   -16.67     0.001
  -26.44     3.17   -13.42       -26.44     3.15   -13.46     0.040
  -11.74    23.72    29.46       -11.72    23.68    29.45     0.052
   40.06     2.59    -3.04        40.03     2.61    -3.05     0.037
    0.64    -9.98   -29.11         0.59    -9.99   -29.07     0.058
   -5.95    10.91    56.31        -5.75    10.81    56.33     0.221
   22.25     9.19   -30.13        22.25     9.18   -30.15     0.021
  -40.33     1.37   -26.75       -40.33     1.37   -26.75     0.010
   -4.35    22.68    16.37        -4.33    22.63    16.41     0.065
   12.26     5.10   -17.47        12.27     5.06   -17.42     0.064
   30.96    19.96     1.84        31.06    20.04     1.83     0.127
  -25.39   -24.50   -43.19       -25.39   -24.49   -43.18     0.019
   -1.06    24.16    21.31        -1.07    24.08    21.31     0.081
   -6.37   -27.14   -24.32        -6.32   -27.23   -24.31     0.100
    4.56     3.36   -20.02         4.58     3.39   -20.06     0.052
   36.70     3.97    10.13        36.78     3.97    10.20     0.101
   13.95    21.41   -29.31        13.96    21.39   -29.27     0.049
    9.45    24.05    -5.13         9.53    23.97    -5.08     0.122
    7.82    22.56    31.27         7.82    22.37    31.25     0.192
   -3.49   -10.56   -40.52        -3.48   -10.56   -40.53     0.009
   27.36    -2.98    18.72        27.44    -3.07    18.76     0.123
   37.13    -1.90     7.89        37.08    -1.85     7.87     0.068
   37.35    -2.02     6.21        37.33    -2.01     6.21     0.022
  -14.22    19.36    19.87       -14.32    19.42    19.82     0.127
    7.14     2.35   -19.94         7.15     2.35   -19.94     0.002
    0.32   -17.69   -28.86         0.27   -17.68   -28.85     0.056
   -6.93    -5.95   -43.55        -6.91    -5.93   -43.57     0.032
   -7.85   -21.66   -11.07        -7.82   -21.71   -11.04     0.065
   -0.50    19.44    44.20        -0.50    19.44    44.20     0.005
  -13.65   -19.03   -45.71       -13.64   -19.04   -45.73     0.024
    7.58    25.65     8.04         7.64    25.43     8.03     0.226
    0.24     9.37   -12.54         0.23     9.41   -12.55     0.041
   -6.46    18.84    13.18        -6.45    18.83    13.20     0.017
   -6.40     9.02    59.30        -6.56     9.07    59.29     0.168
   31.02     2.31    17.62        30.99     2.31    17.60     0.034
  -13.98   -19.99   -45.28       -13.97   -20.00   -45.28     0.004
   22.85    18.73    26.05        22.81    18.70    26.04     0.048
  -35.26   -22.32   -13.37       -35.23   -22.28   -13.40     0.064
  -26.16     6.73   -39.55       -26.16     6.72   -39.55     0.011
  -10.11     8.03   -13.03       -10.10     8.00   -13.04     0.035
  -37.37     3.99   -31.55       -37.37     3.98   -31.55     0.009
   23.19    -0.55    35.15        23.28    -0.63    35.19     0.126
   -3.40     7.45   -19.15        -3.41     7.37   -19.12     0.090
   24.47   -14.71   -14.65        24.49   -14.75   -14.65     0.037
  -29.48   -26.98   -13.71       -29.49   -27.00   -13.70     0.027
   11.02    23.45    24.17        11.02    23.45    24.17     0.001
   -6.63     1.08    57.31        -6.36     1.17    57.31     0.284
   -8.43    -2.82    23.25        -8.38    -2.80    23.24     0.053
  -30.11   -27.20   -14.60       -30.09   -27.18   -14.61     0.036
   28.21    -7.04     8.92        28.22    -7.11     8.94     0.076
    8.88    -6.70    38.06         8.87    -6.60    38.06     0.103
  -29.43     9.36   -31.77       -29.43     9.33   -31.76     0.026
  -32.14   -12.41   -46.65       -32.14   -12.41   -46.65     0.003
  -40.05    -6.14   -36.27       -40.22    -6.14   -36.27     0.170
   -0.18    16.37     3.85        -0.23    16.45     3.81     0.103
    7.65    -8.35    19.37         7.61    -8.24    19.34     0.113
  -13.73    -8.92   -47.81       -13.72    -8.91   -47.86     0.048
   26.88     8.75    27.67        26.91     8.75    27.68     0.027
   22.01     4.34    52.88        21.90     4.36    52.86     0.118
    0.19   -12.42   -31.45         0.16   -12.44   -31.45     0.038
    4.30    23.31    26.52         4.29    23.26    26.51     0.052
    7.45    -7.11    52.80         7.45    -7.16    52.80     0.049
    9.45    -7.32    23.86         9.44    -7.23    23.86     0.092
