200 PA4-J-Unknown-Answer.txt 0
  -12.08     5.35     7.99       -12.07     5.34     7.99     0.016
   -1.62    -9.66   -36.33        -1.62    -9.66   -36.33     0.000
    4.88    -7.64    55.97         4.89    -7.41    55.97     0.229
  -31.38   -11.07    -6.71       -31.43   -11.07    -6.65     0.074
   21.11    20.63    25.67        21.14    20.68    25.67     0.054
  -31.88     8.63   -29.96       -31.96     8.75   -29.98     0.153
   21.44     2.52    52.51        21.51     2.49    52.52     0.075
   -1.59    18.45    45.41        -1.59    18.46    45.42     0.013
    3.73    14.00    -5.74         3.77    13.95    -5.69     0.081
    7.51    21.62    -4.96         7.53    21.61    -4.95     0.021
  -37.46     0.87   -16.01       -37.46     0.87   -16.01     0.002
   14.03    21.24   -29.33        14.03    21.26   -29.36     0.035
   -8.60   -28.23   -30.47        -8.56   -28.29   -30.48     0.066
  -19.08   -18.98   -47.24       -19.07   -18.99   -47.28     0.038
   39.38     7.72     4.43        39.39     7.72     4.43     0.010
  -10.40   -28.28   -17.93       -10.41   -28.25   -17.94     0.030
  -34.88     2.74   -38.17       -34.91     2.78   -38.20     0.058
  -18.82     5.67   -13.66       -18.84     5.72   -13.61     0.077
  -14.54    21.89    27.81       -14.51    21.87    27.80     0.043
  -27.41    11.23   -24.41       -27.40    11.19   -24.42     0.040
  -11.38   -19.99   -44.83       -11.38   -19.86   -44.85     0.136
    2.21    -6.61    51.18         2.19    -6.83    51.18     0.220
    9.44    -4.07   -22.06         9.44    -4.07   -22.07     0.004
    6.20    20.37    45.64         6.20    20.36    45.64     0.011
  -15.92    15.58    30.25       -16.00    15.58    30.27     0.079
  -21.86     5.01   -42.31       -21.86     5.01   -42.31     0.004
   10.76    26.63     7.05        10.80    26.43     7.04     0.203
    5.69    18.97    -3.27         5.64    18.98    -3.29     0.064
  -10.74   -26.50   -15.17       -10.76   -26.46   -15.21     0.066
   11.49    26.80     4.65        11.51    26.75     4.64     0.048
   -2.51    18.46    44.74        -2.51    18.46    44.74     0.000
  -11.41    -4.72   -46.49       -11.36    -4.69   -46.55     0.082
   -6.81     2.72    38.67        -6.73     2.73    38.67     0.086
   21.20     0.38    49.05        21.13     0.41    49.04     0.072
   21.16    -6.20    18.14        21.11    -6.06    18.12     0.148
   36.63     7.43   -15.29        36.67     7.44   -15.29     0.042
   10.96    20.76    55.72        10.95    20.69    55.72     0.066
   26.51    14.37    23.88        26.25    14.24    23.79     0.303
  -24.60    -4.33   -47.29       -24.61    -4.36   -47.23     0.058
   -2.15    12.44    62.70        -2.15    12.44    62.72     0.022
   28.39     5.35    23.44        28.45     5.34    23.46     0.060
  -30.10     4.57   -40.28       -30.10     4.56   -40.27     0.018
  -36.49     5.81   -25.77       -36.52     5.84   -25.77     0.049
  -11.18    24.02    21.98       -11.17    23.96    22.00     0.066
  -17.73   -16.65   -47.89       -17.76   -16.57   -47.71     0.192
   -8.59    21.16    16.52        -8.63    21.22    16.45     0.099
  -31.53   -20.44   -43.93       -31.56   -20.47   -43.97     0.065
   28.50    -9.73   -21.26        28.52    -9.77   -21.28     0.053
   32.74     4.71   -24.62        32.79     4.70   -24.65     0.052
   34.26    -5.21     5.19        34.26    -5.21     5.19     0.006
   -7.84    11.08    39.30        -7.77    11.09    39.29     0.076
  -34.73     6.54   -31.45       -34.69     6.50   -31.44     0.058
  -10.03    22.32    34.21       -10.01    22.27    34.18     0.064
  -39.91    -8.08   -38.67       -39.90    -8.08   -38.66     0.015
  -34.01   -20.42   -10.66       -33.95   -20.37   -10.73     0.100
  -29.32   -30.55   -31.69       -29.34   -30.59   -31.70     0.049
   14.32   -13.76   -17.02        14.35   -13.64   -16.92     0.155
  -43.13   -16.14   -26.51       -43.11   -16.13   -26.51     0.027
   20.94    -2.00    42.23        20.82    -1.88    42.21     0.165
    1.00   -13.00     1.29         1.01   -12.90     1.27     0.103
   -7.94   -26.11   -17.59        -7.84   -26.20   -17.53     0.152
   -7.78   -25.90   -17.13        -7.80   -25.89   -17.15     0.028
  -37.50   -21.85   -36.33       -37.51   -21.85   -36.33     0.004
   11.34    25.83    -3.69        11.37    25.78    -3.69     0.059
  -13.60     3.52     3.88       -13.47     3.45     3.82     0.162
  -22.92   -31.17   -18.54       -22.95   -31.26   -18.50     0.105
  -28.37     0.31   -12.44       -28.38     0.34   -12.39     0.061
   19.23   -12.77     0.05        19.21   -12.71     0.02     0.071
   33.59    -5.28    -3.35        33.61    -5.29    -3.35     0.025
   -0.06   -17.13   -32.01        -0.07   -17.13   -32.01     0.011
  -18.90    11.50   -32.37       -18.89    11.56   -32.38     0.055
   24.54    15.37    27.79        24.43    15.31    27.76     0.118
    3.31    11.65    -8.46         3.30    11.68    -8.47     0.037
   -6.08    -8.98    12.79        -6.10    -9.00    12.80     0.028
  -15.20    -0.37     4.24       -15.18    -0.37     4.23     0.017
  -13.17   -30.27   -20.63       -13.16   -30.31   -20.62     0.042
  -27.91   -28.40   -14.85       -27.93   -28.47   -14.82     0.081
  -33.46    -1.91    -9.93       -33.49    -2.12   -10.00     0.222
  -43.48    -6.64   -22.42       -43.58    -6.64   -22.42     0.092
   33.30    -5.98     5.87        33.34    -6.03     5.87     0.071
   10.57    22.52    31.41        10.57    22.43    31.40     0.085
  -21.72   -12.73    -4.88       -21.70   -12.69    -4.94     0.070
  -10.25     8.60     7.81       -10.19     8.55     7.83     0.081
   -5.89     1.77   -32.69        -5.76     1.82   -32.68     0.137
   -3.50   -21.65   -15.21        -3.54   -21.61   -15.24     0.054
   -4.48    -1.38   -37.12        -4.50    -1.39   -37.12     0.024
   29.99    19.22   -19.60        30.06    19.26   -19.63     0.083
   10.50    24.35    18.73        10.50    24.39    18.74     0.037
   16.07   -10.87   -19.70        16.07   -10.86   -19.68     0.027
   13.17     5.02    63.03        13.18     5.01    62.99     0.035
  -21.61   -26.76   -41.91       -21.58   -26.62   -41.79     0.178
  -26.07   -31.90   -30.86       -26.08   -31.95   -30.87     0.045
   21.63   -13.65    -3.41        21.64   -13.67    -3.39     0.033
   -9.53   -11.04   -46.64        -9.55   -11.04   -46.62     0.025
   30.98    -7.67     6.44        30.88    -7.50     6.36     0.212
  -21.20   -32.39   -24.20       -21.19   -32.60   -24.19     0.202
   -7.91   -13.58    -0.89        -7.90   -13.55    -0.91     0.039
   23.46    20.54    18.65        23.52    20.60    18.68     0.093
   -2.71    -0.38   -28.35        -2.71    -0.38   -28.35     0.004
  -40.01   -17.25   -34.66       -39.95   -17.27   -34.66     0.065
    7.60    21.71    34.85         7.59    21.75    34.86     0.046
   20.44    14.23    51.88        20.49    14.26    51.89     0.058
   26.82    10.03   -30.11        26.82    10.02   -30.08     0.033
   -2.05    16.11     6.46        -2.12    16.18     6.42     0.116
   -5.25    -1.69    53.63        -5.26    -1.69    53.63     0.008
    3.38    -7.22    34.22         3.38    -7.21    34.22     0.011
   -5.09   -26.61   -27.16        -5.16   -26.53   -27.14     0.112
   11.82    25.47    12.89        11.83    25.42    12.88     0.043
  -13.80    22.84    25.80       -13.86    22.91    25.80     0.088
  -20.37    12.25   -25.50       -20.38    12.15   -25.52     0.107
   -6.71    11.18    44.52        -6.64    11.16    44.52     0.078
   -0.26   -19.97   -15.63        -0.32   -19.88   -15.66     0.113
  -39.30     1.91   -21.36       -39.32     1.92   -21.36     0.018
   16.89    -4.58    42.60        17.02    -4.80    42.61     0.260
   -9.61    -3.41    16.19        -9.64    -3.42    16.20     0.035
   16.56    24.86   -16.28        16.47    25.01   -16.30     0.174
   14.89    22.93    25.75        14.90    23.04    25.76     0.105
  -28.98   -12.49   -47.64       -28.95   -12.48   -47.58     0.066
  -39.46   -11.11   -13.06       -39.45   -11.11   -13.07     0.010
   21.66     8.62    56.86        21.70     8.62    56.86     0.046
    4.64   -12.77   -23.27         4.63   -12.77   -23.26     0.018
   33.38    -5.57    -6.79        33.33    -5.52    -6.80     0.073
   17.35    -5.48    30.13        17.42    -5.68    30.13     0.215
   -9.34     1.10    21.54        -9.46     1.08    21.57     0.126
   -6.34   -23.79   -37.11        -6.33   -23.80   -37.11     0.017
   34.23    -5.34     5.18        34.18    -5.28     5.17     0.081
   26.77    -5.96    12.59        26.77    -5.98    12.59     0.015
   -3.39   -10.71     8.13        -3.42   -10.86     8.17     0.157
   21.52     8.78    58.00        21.55     8.78    58.01     0.028
   20.66    -4.84    26.83        20.66    -4.83    26.83     0.004
    6.14     1.90   -20.53         6.15     1.93   -20.57     0.050
    1.15   -10.76   -28.28         1.18   -10.76   -28.30     0.035
   20.42     3.75   -26.97        20.53     3.81   -26.92     0.136
   -0.88    14.76     1.80        -0.90    14.78     1.79     0.027
   31.89    -6.99     4.38        31.99    -7.11     4.38     0.160
   -0.21   -13.99    -1.35        -0.22   -13.92    -1.38     0.076
   -6.40     7.31   -20.75        -6.37     7.41   -20.76     0.104
   10.10    24.50    -5.52        10.20    24.40    -5.45     0.156
    2.32   -10.56    15.67         2.30   -10.47    15.65     0.096
   19.49    -5.66    24.22        19.52    -5.77    24.24     0.121
  -41.83    -2.71   -31.78       -41.76    -2.73   -31.75     0.075
  -40.30   -10.54   -14.11       -40.27   -10.53   -14.13     0.036
   21.81   -11.04     1.27        21.75   -10.88     1.21     0.183
    9.67    20.79    46.21         9.63    20.95    46.23     0.161
   -9.50     7.47    -9.82        -9.48     7.42    -9.82     0.050
  -13.94   -26.83   -13.65       -13.94   -26.86   -13.64     0.029
   11.55    26.27     8.31        11.52    26.43     8.33     0.163
   12.67    26.82     8.30        12.70    26.62     8.28     0.206
   -4.35    -3.22    47.79        -4.24    -3.15    47.80     0.129
   -3.19   -16.11    -4.95        -3.19   -16.10    -4.96     0.013
   -2.64    -9.51   -39.75        -2.69    -9.50   -39.70     0.071
  -17.10    -4.45     0.48       -17.17    -4.46     0.52     0.082
   17.53    -9.52   -21.35        17.57    -9.43   -21.25     0.142
   33.35    12.44   -21.67        33.26    12.41   -21.63     0.108
   25.47   -12.70    -6.92        25.61   -12.87    -6.92     0.217
   -7.92    -7.02    14.64        -7.91    -7.01    14.64     0.012
  -31.41    -8.63   -46.93       -31.43    -8.61   -46.97     0.046
  -22.73    12.15   -25.98       -22.73    12.18   -25.98     0.028
   -9.70    11.23    12.05        -9.80    11.27    12.01     0.112
  -23.81    -3.32   -47.54       -23.80    -3.32   -47.56     0.027
    1.36   -18.20   -24.23         1.25   -18.12   -24.17     0.150
  -33.69   -14.92    -8.12       -33.70   -14.93    -8.05     0.066
    0.97    23.97    16.07         1.00    23.83    16.10     0.141
   -7.27   -26.27   -34.57        -7.30   -26.25   -34.56     0.034
   -0.87    -5.92    48.34        -0.82    -5.82    48.33     0.111
    7.24   -10.56    12.33         7.24   -10.59    12.34     0.033
   10.23    24.09    -6.17        10.28    24.05    -6.14     0.069
  -40.00   -16.32   -32.73       -40.07   -16.33   -32.77     0.083
   -4.05     7.47    63.35        -4.05     7.47    63.33     0.023
  -28.91   -18.30   -46.32       -28.91   -18.30   -46.31     0.012
   21.61    11.11    53.64        21.54    11.09    53.63     0.076
   22.34    16.75    33.10        22.28    16.71    33.08     0.073
   -0.96   -21.41   -23.45        -0.86   -21.52   -23.46     0.156
  -12.36    -0.67    11.26       -12.37    -0.67    11.26     0.009
    6.15     8.56   -14.49         6.15     8.52   -14.42     0.077
  -10.47     5.98    22.40       -10.54     5.96    22.42     0.079
   14.67   -17.00    -5.02        14.67   -17.10    -5.00     0.102
    0.20   -15.33    -4.42         0.19   -15.30    -4.43     0.033
   12.03    20.88   -15.47        12.04    20.88   -15.47     0.016
   29.59   -11.00   -13.65        29.57   -10.97   -13.66     0.040
  -19.34     6.44   -14.65       -19.34     6.43   -14.66     0.015
   17.86   -17.72    -9.57        17.84   -17.61    -9.59     0.120
   12.66    22.91   -15.08        12.71    22.84   -15.06     0.084
   11.10   -14.08     2.39        11.10   -14.02     2.37     0.069
    3.81    22.13     4.22         3.83    22.11     4.23     0.029
  -27.01    -3.36   -47.25       -27.01    -3.35   -47.27     0.021
  -32.09    -0.89   -43.56       -32.06    -0.94   -43.50     0.084
  -19.49   -11.89    -3.91       -19.48   -11.87    -3.94     0.037
  -12.58    -7.67   -47.67       -12.60    -7.67   -47.63     0.046
  -10.84   -29.52   -31.36       -10.84   -29.54   -31.37     0.017
    7.15   -15.99    -5.88         7.17   -15.92    -5.89     0.075
   -6.00    12.76     7.31        -6.01    12.78     7.31     0.027
   -5.27     9.32    -5.28        -5.22     9.23    -5.26     0.112
  -39.90   -18.37   -16.65       -39.90   -18.37   -16.65     0.000
   12.09    17.59   -27.60        12.06    17.58   -27.61     0.026
    2.43   -11.02   -26.20         2.42   -11.02   -26.19     0.011
   -8.18   -20.69    -9.94        -8.15   -20.72    -9.89     0.069
    2.56    11.90    63.20         2.56    11.90    63.27     0.066
   10.19    17.76   -10.41        10.17    17.75   -10.44     0.034
    1.96    19.47     4.40         1.94    19.48     4.38     0.035
