200 PA4-E-Debug-Answer.txt 0
   -9.94    22.40    18.40        -9.94    22.40    18.40     0.010
  -11.83     2.89    14.80       -11.86     2.89    14.80     0.030
  -10.16    24.43    28.38       -10.20    24.55    28.41     0.123
    0.10   -19.09   -27.57         0.12   -19.09   -27.57     0.021
   28.77    -9.38     1.01        28.78    -9.42     1.02     0.037
  -39.70   -22.56   -28.24       -39.67   -22.54   -28.24     0.027
   20.06   -11.79   -20.78        20.08   -11.78   -20.76     0.024
    0.88    19.99     6.33         0.95    19.92     6.38     0.111
   11.94    22.07    36.01        11.95    22.00    36.00     0.071
   22.12    10.66    50.60        22.15    10.67    50.61     0.029
   32.81     9.84   -24.67        32.68     9.80   -24.61     0.148
  -16.50   -31.62   -32.11       -16.49   -31.63   -32.11     0.010
    6.07    18.19    -4.64         6.05    18.19    -4.66     0.026
   -3.52   -20.12   -11.63        -3.56   -20.03   -11.69     0.114
    2.48    19.77    44.43         2.47    19.82    44.44     0.049
   -2.83    19.69    11.24        -2.86    19.72    11.21     0.054
   -3.54    19.41    11.57        -3.51    19.38    11.60     0.052
    2.37    20.84     5.24         2.41    20.80     5.27     0.067
   13.97    13.51   -17.06        14.06    13.56   -17.04     0.098
   -6.84     5.76    56.93        -7.12     5.76    56.94     0.282
  -16.14    -9.83    -0.70       -16.09    -9.80    -0.76     0.083
  -32.13   -23.63   -41.14       -32.10   -23.59   -41.10     0.068
   16.68    -6.10    25.26        16.69    -6.21    25.27     0.109
  -13.77   -11.28    -0.78       -13.81   -11.35    -0.72     0.103
  -10.35    16.71    15.32       -10.35    16.71    15.32     0.000
   -5.68   -24.60   -34.85        -5.70   -24.57   -34.84     0.044
   -2.04    15.28    60.13        -2.19    15.49    60.16     0.260
    6.13    20.05    -3.83         6.19    20.02    -3.80     0.071
   33.73    17.25     4.54        33.68    17.21     4.54     0.062
  -18.47    -4.42   -47.74       -18.47    -4.42   -47.76     0.018
  -16.36    15.57    22.02       -16.33    15.58    22.03     0.032
    5.78    19.94    -3.50         5.96    19.85    -3.42     0.218
   27.01    -3.30    19.08        27.00    -3.30    19.08     0.003
   12.59   -15.12   -13.76        12.59   -15.22   -13.81     0.111
   23.79     3.11    40.57        23.71     3.12    40.56     0.077
  -37.36    -0.18   -38.72       -37.34    -0.19   -38.70     0.030
    2.26    19.32    47.15         2.24    19.40    47.16     0.080
  -42.04   -18.04   -27.96       -42.15   -18.10   -27.96     0.128
   -5.59    11.01    51.28        -5.84    11.10    51.28     0.266
   20.84    18.90    33.73        20.76    18.86    33.70     0.089
    3.12    -3.02   -24.48         3.11    -3.04   -24.44     0.046
   32.02    -7.03     4.31        32.05    -7.06     4.31     0.044
   -8.66   -15.39   -44.44        -8.60   -15.41   -44.50     0.090
   33.58    13.02   -20.38        33.54    12.99   -20.35     0.055
  -40.15    -6.43   -14.56       -40.19    -6.43   -14.54     0.041
  -18.02   -21.46    -7.87       -18.03   -21.45    -7.89     0.024
   -6.81     7.72    52.49        -6.77     7.71    52.49     0.039
   -2.93    24.18    21.08        -2.93    24.12    21.09     0.061
   -0.20   -12.26   -33.67        -0.32   -12.31   -33.63     0.134
   -1.76   -10.22   -37.00        -1.78   -10.22   -37.00     0.021
   29.84    -7.18     8.05        29.81    -7.06     8.01     0.123
   30.99     0.30    16.75        30.96     0.31    16.73     0.035
   -7.68    -6.41    16.88        -7.77    -6.50    16.91     0.120
   16.29    20.85    42.94        16.31    20.89    42.94     0.047
    3.69    14.17    63.14         3.69    14.17    63.14     0.003
  -19.88   -14.83   -48.73       -19.88   -14.81   -48.67     0.065
   12.75    24.73    -9.39        12.76    24.71    -9.38     0.017
   13.43    22.20    45.88        13.47    22.05    45.86     0.154
   -8.55   -23.44   -12.94        -8.53   -23.46   -12.92     0.028
  -18.78   -23.07    -8.73       -18.79   -23.03    -8.79     0.065
    7.71    24.69    16.44         7.72    24.62    16.44     0.064
  -28.76   -27.37   -39.01       -28.79   -27.42   -39.04     0.066
  -24.04    10.59   -33.09       -24.08    10.77   -33.15     0.189
   22.73   -14.93   -16.23        22.76   -15.04   -16.28     0.121
    9.06    14.43    -9.52         9.05    14.43    -9.54     0.019
   10.92    -6.21    38.81        10.93    -6.33    38.80     0.124
   16.51    -3.39    59.19        16.64    -3.51    59.20     0.170
   -4.33    -5.92    31.33        -4.37    -5.97    31.34     0.067
   28.48    21.33     8.17        28.48    21.34     8.18     0.010
    8.44    16.59    63.18         8.44    16.59    63.22     0.037
    3.42     4.32   -19.68         3.48     4.42   -19.79     0.164
    9.77     7.22   -15.33         9.77     7.19   -15.28     0.067
   28.97    21.50    -2.64        29.08    21.64    -2.64     0.183
   28.95    -4.75   -26.10        28.96    -4.75   -26.08     0.021
   17.79    23.98    16.10        17.79    23.99    16.10     0.004
   -4.14    14.16    57.26        -4.01    14.06    57.25     0.163
  -43.44   -14.33   -24.65       -43.43   -14.33   -24.65     0.017
   16.50    -9.15   -21.28        16.50    -9.17   -21.30     0.033
   33.83    16.99     4.80        33.85    17.00     4.80     0.018
  -14.38     3.97    -3.55       -14.36     3.95    -3.55     0.025
   26.29    23.86    -1.25        26.27    23.82    -1.25     0.045
   19.49    -6.29    19.80        19.49    -6.26    19.79     0.024
   -6.56    -5.24   -42.96        -6.60    -5.27   -42.91     0.068
    2.04    -1.10    63.35         2.04    -1.10    63.35     0.005
   18.84    16.77    49.47        18.98    16.89    49.49     0.181
    8.07    -2.07   -22.35         8.08    -2.06   -22.36     0.012
   33.27    10.29    12.79        33.28    10.29    12.79     0.010
   12.18    23.58   -11.58        12.23    23.50   -11.54     0.096
   10.44    15.89    63.20        10.44    15.89    63.15     0.052
  -14.75    12.81    30.46       -14.67    12.87    30.42     0.104
  -32.53    -2.46   -10.02       -32.50    -2.46    -9.95     0.072
   34.48    -5.80   -15.86        34.48    -5.80   -15.86     0.003
   -3.13   -24.43   -22.97        -3.15   -24.41   -22.97     0.023
   20.76    14.21    50.52        20.74    14.20    50.51     0.026
  -16.67   -30.86   -19.15       -16.67   -30.86   -19.15     0.002
   -1.87    15.48     4.60        -1.87    15.48     4.60     0.004
    2.93    -8.91    22.50         2.91    -8.81    22.48     0.105
   19.53    25.60   -14.79        19.53    25.60   -14.79     0.008
  -28.50     9.36   -32.60       -28.47     9.32   -32.59     0.045
   11.00    -6.52    32.69        10.99    -6.45    32.69     0.070
   -4.32   -21.15   -12.92        -4.36   -21.07   -12.95     0.104
   20.99    18.31    33.94        21.01    18.32    33.95     0.022
   25.96    10.72    29.38        25.95    10.72    29.38     0.009
  -10.62     3.70   -40.24       -10.61     3.70   -40.25     0.005
  -11.30     0.00    14.12       -11.34    -0.01    14.14     0.044
  -40.10   -15.78   -32.91       -40.07   -15.78   -32.89     0.039
  -16.36    -9.88   -48.56       -16.35    -9.87   -48.62     0.055
  -27.10    11.28   -24.01       -27.10    11.27   -24.01     0.008
  -35.09     0.22   -12.75       -35.10     0.22   -12.74     0.016
   24.53    -3.72    22.52        24.52    -3.69    22.51     0.028
   15.31    -4.87    52.38        15.31    -4.88    52.39     0.009
   34.59    -0.58    12.26        34.61    -0.58    12.27     0.018
    5.15    -7.16    52.93         5.15    -7.26    52.92     0.100
   -6.47     8.87    51.43        -6.52     8.88    51.43     0.049
  -25.74     6.19   -40.45       -25.75     6.21   -40.47     0.028
  -33.80   -20.93   -41.82       -33.82   -20.94   -41.83     0.022
   30.88     0.95    17.43        30.76     0.99    17.35     0.143
   11.95    25.95    11.48        11.97    25.85    11.45     0.101
    6.20     0.63    63.38         6.20     0.63    63.36     0.022
    0.95    24.21    18.81         1.00    23.98    18.80     0.239
   23.13    12.82    39.41        23.19    12.84    39.42     0.062
  -26.30   -29.43   -15.91       -26.29   -29.42   -15.93     0.024
  -14.55    10.74   -29.93       -14.56    10.73   -29.93     0.017
  -37.24   -25.09   -29.49       -37.32   -25.17   -29.50     0.109
  -12.23    10.31   -22.92       -12.21    10.34   -22.91     0.035
   -7.80   -11.95   -44.98        -7.81   -11.94   -44.97     0.008
  -13.74   -18.45   -45.99       -13.70   -18.50   -46.08     0.113
    4.30   -12.98   -23.67         4.24   -12.94   -23.62     0.087
   -0.99    23.99    21.90        -0.99    24.10    21.90     0.114
  -31.19     4.69   -39.66       -31.15     4.65   -39.61     0.080
  -37.70     1.67   -35.55       -37.80     1.74   -35.59     0.129
  -30.60     6.11   -38.08       -30.61     6.12   -38.08     0.008
  -11.79   -25.50   -40.71       -11.81   -25.48   -40.69     0.037
   19.84    14.04    59.65        19.75    13.97    59.63     0.119
   -8.76    -6.57    12.71        -8.84    -6.63    12.73     0.103
   15.69    24.81    14.48        15.68    24.72    14.46     0.090
   -5.07    19.57    13.03        -5.14    19.63    12.91     0.141
   23.91    24.54     1.29        23.99    24.71     1.31     0.196
  -25.35   -17.22   -47.50       -25.35   -17.22   -47.51     0.007
   -6.84   -12.50     1.01        -6.86   -12.59     1.06     0.109
    2.97    -5.70    63.43         2.97    -5.70    63.47     0.038
   31.28     3.46    17.13        31.33     3.46    17.17     0.062
   -7.86    -5.91    17.56        -7.94    -5.97    17.59     0.104
   21.90     2.62    50.91        21.84     2.64    50.90     0.068
   33.09     6.72    14.14        33.13     6.73    14.17     0.051
   24.97    24.30    -7.64        24.91    24.16    -7.63     0.154
   -8.18     5.77    30.48        -8.25     5.75    30.49     0.067
   36.26    14.54     4.70        36.23    14.52     4.70     0.035
    1.67    -7.00    35.59         1.67    -7.07    35.60     0.068
   11.12   -15.72    -0.87        11.13   -15.63    -0.89     0.097
   22.35    -3.24    28.37        22.42    -3.34    28.40     0.128
    1.78    -6.87    38.79         1.78    -6.89    38.79     0.028
  -13.88     5.12    -8.18       -13.93     5.22    -8.17     0.114
   27.30     4.69    27.33        27.15     4.71    27.29     0.155
    6.24    -9.92    15.37         6.21    -9.80    15.34     0.130
   19.96    17.27    42.03        20.01    17.31    42.05     0.062
  -43.88    -9.93   -23.76       -43.96    -9.94   -23.74     0.089
   37.87     5.74   -12.18        37.93     5.77   -12.21     0.073
  -28.69   -30.99   -22.81       -28.77   -31.16   -22.77     0.186
   14.44    -5.85    39.17        14.42    -5.78    39.18     0.074
    1.96    -4.49   -25.87         1.94    -4.50   -25.84     0.039
   -1.68   -10.73    12.67        -1.68   -10.76    12.67     0.031
  -26.90   -14.76   -47.73       -26.90   -14.76   -47.70     0.025
  -12.61   -30.37   -32.67       -12.64   -30.27   -32.65     0.108
   -8.69    -5.42    15.03        -8.82    -5.48    15.06     0.153
   19.28   -11.13   -20.55        19.31   -11.11   -20.53     0.046
   20.53    24.18    11.12        20.55    24.23    11.13     0.054
   -2.32   -15.44   -38.22        -2.28   -15.45   -38.24     0.050
   -4.15    -3.73    41.28        -4.24    -3.80    41.27     0.110
   -9.05    -0.99   -42.48        -9.00    -0.96   -42.52     0.068
   33.86    -0.25    13.08        33.89    -0.26    13.12     0.054
   29.42     3.69    20.75        29.38     3.70    20.73     0.041
  -31.17   -29.47   -20.20       -31.15   -29.45   -20.20     0.030
   -5.74    -0.26    48.86        -5.85    -0.29    48.87     0.114
    9.14    19.64    -9.32         9.12    19.65    -9.33     0.024
   36.74    12.31   -10.12        36.69    12.29   -10.09     0.067
   15.36   -11.64     5.33        15.36   -11.63     5.33     0.004
   -1.04    -6.02    46.17        -0.98    -5.87    46.16     0.159
   -4.39    17.85    44.33        -4.30    17.70    44.27     0.186
  -15.70   -11.30    -1.85       -15.62   -11.18    -1.95     0.180
  -39.08   -22.89   -30.10       -39.10   -22.91   -30.11     0.026
  -18.70   -23.75   -44.50       -18.69   -23.78   -44.53     0.035
   11.99    18.51   -17.87        12.00    18.52   -17.87     0.014
   39.11     1.95     6.09        39.16     1.94     6.10     0.049
   20.95    -5.53   -24.38        20.93    -5.53   -24.41     0.029
  -42.42    -4.35   -18.58       -42.36    -4.38   -18.59     0.073
    5.75    23.52     4.06         5.69    23.61     4.02     0.122
  -15.75   -28.04   -14.38       -15.75   -28.04   -14.39     0.004
    8.82   -12.77   -20.06         8.79   -12.71   -20.02     0.080
   -0.56   -19.80   -30.65        -0.60   -19.78   -30.64     0.045
   25.06    21.61    13.46        25.04    21.57    13.45     0.043
   -5.08   -17.68    -7.59        -5.08   -17.68    -7.59     0.002
    7.62   -13.35     3.18         7.62   -13.37     3.19     0.021
  -22.56   -12.91    -5.40       -22.58   -12.95    -5.34     0.072
  -43.88    -6.80   -25.15       -43.93    -6.79   -25.16     0.053
    1.04    -5.80   -27.21         1.06    -5.79   -27.22     0.020
   -5.90    -8.33    17.09        -5.86    -8.29    17.08     0.056
  -34.89   -19.23   -10.91       -34.89   -19.24   -10.91     0.005
   11.05    19.07   -13.34        11.15    19.10   -13.31     0.102
  -18.58    -4.06   -47.57       -18.56    -4.04   -47.62     0.049
