200 PA4-C-Debug-Output.txt 0
   27.50    22.98    -2.23        27.50    22.98    -2.23     0.000
   11.06    -8.65    15.15        11.06    -8.65    15.15     0.000
   -1.83   -22.73   -24.22        -1.83   -22.73   -24.22     0.000
   22.50     7.91    50.64        22.50     7.91    50.64     0.000
    4.82   -11.44    11.45         4.82   -11.44    11.45     0.000
  -21.35    12.12   -29.46       -21.35    12.12   -29.46     0.000
  -22.69    -1.14   -47.13       -22.69    -1.14   -47.13     0.000
   24.19   -14.97   -13.80        24.19   -14.97   -13.80     0.000
   -7.76     9.94     4.32        -7.76     9.94     4.32     0.000
  -22.25     9.78   -36.52       -22.25     9.78   -36.52     0.000
  -21.88     1.07   -45.60       -21.88     1.07   -45.60     0.000
  -10.01    16.81    38.08       -10.01    16.81    38.08     0.000
   25.34     7.01    34.06        25.34     7.01    34.06     0.000
  -28.02   -24.97   -10.48       -28.02   -24.97   -10.48     0.000
   22.57     0.82    41.09        22.57     0.82    41.09     0.000
  -29.05     8.48   -17.93       -29.05     8.48   -17.93     0.000
   22.62     4.88    48.05        22.62     4.88    48.05     0.000
   21.82    15.28    39.93        21.82    15.28    39.93     0.000
  -32.99    -2.99   -44.00       -32.99    -2.99   -44.00     0.000
   -0.24   -10.95    12.17        -0.24   -10.95    12.17     0.000
   33.89    11.26   -21.01        33.89    11.26   -21.01     0.000
   19.12    -1.00    56.75        19.12    -1.00    56.75     0.000
   20.63   -12.13    -0.15        20.63   -12.13    -0.15     0.000
  -24.84     4.06   -13.76       -24.84     4.06   -13.76     0.000
   -3.20    -3.46    63.22        -3.20    -3.46    63.22     0.000
  -22.36    -4.36   -47.60       -22.36    -4.36   -47.60     0.000
   18.61    -5.40    27.77        18.61    -5.40    27.77     0.000
  -37.85   -23.35   -33.31       -37.85   -23.35   -33.31     0.000
   28.98     6.77   -29.23        28.98     6.77   -29.23     0.000
   -0.95    18.90    44.98        -0.95    18.90    44.98     0.000
  -36.31    -0.86   -40.62       -36.31    -0.86   -40.62     0.000
   36.79    13.08     6.79        36.79    13.08     6.79     0.000
    8.28    -6.70    34.88         8.28    -6.70    34.88     0.000
  -10.25    -3.91   -45.17       -10.25    -3.91   -45.17     0.000
  -34.31    -0.35   -41.97       -34.30    -0.35   -41.97     0.000
   10.53    -8.41   -21.84        10.53    -8.41   -21.84     0.000
   -8.35     6.34   -31.76        -8.35     6.34   -31.76     0.000
   12.43    11.38   -12.64        12.43    11.38   -12.64     0.000
    5.89    -8.72    19.41         5.89    -8.72    19.41     0.000
  -15.66   -13.39   -48.47       -15.66   -13.39   -48.47     0.000
  -16.40    16.05    21.85       -16.40    16.05    21.85     0.000
  -29.29    -8.04    -7.57       -29.29    -8.04    -7.57     0.000
  -40.70   -16.90   -31.33       -40.70   -16.90   -31.33     0.000
   32.32    -6.66   -21.13        32.32    -6.66   -21.13     0.000
  -24.82    -7.72    -6.24       -24.82    -7.72    -6.24     0.000
    3.63    20.73     2.59         3.63    20.73     2.59     0.000
   -6.94    24.27    31.01        -6.94    24.27    31.01     0.000
  -29.15   -24.42   -10.60       -29.15   -24.42   -10.60     0.000
   20.80    21.76    21.81        20.80    21.76    21.81     0.000
  -26.22   -26.55   -41.00       -26.22   -26.55   -41.00     0.000
   15.95     5.88   -20.47        15.95     5.88   -20.47     0.000
   17.19    24.89   -23.34        17.19    24.89   -23.34     0.001
   -5.72    17.93    12.16        -5.72    17.93    12.16     0.000
   -1.21   -11.21     9.42        -1.21   -11.21     9.42     0.000
   -4.43    15.64     8.84        -4.43    15.64     8.84     0.000
   -9.94   -19.75   -44.10        -9.94   -19.75   -44.10     0.000
  -14.97    -5.57     3.26       -14.97    -5.57     3.26     0.000
   -6.91   -25.00   -16.95        -6.91   -25.00   -16.95     0.000
  -12.90     9.96    22.15       -12.90     9.96    22.15     0.000
  -28.14     8.79   -35.16       -28.14     8.79   -35.16     0.000
   -6.94   -24.38   -37.18        -6.94   -24.38   -37.18     0.000
   -3.66    21.42    14.27        -3.66    21.42    14.27     0.000
   23.75     8.40    42.28        23.75     8.40    42.28     0.000
    1.79    -7.09    62.36         1.79    -7.09    62.36     0.000
   11.23   -12.50   -18.87        11.23   -12.50   -18.87     0.000
   -9.91     8.56    29.79        -9.91     8.56    29.79     0.000
   -6.98     4.38    57.41        -6.98     4.38    57.41     0.000
  -26.87   -31.77   -21.84       -26.87   -31.77   -21.84     0.000
   -1.36    -6.53    35.65        -1.36    -6.53    35.65     0.000
   27.43    10.24   -29.91        27.43    10.24   -29.91     0.000
   28.41    20.87     9.67        28.41    20.87     9.67     0.000
  -11.26   -27.72   -37.26       -11.26   -27.72   -37.26     0.000
   31.10    12.58   -25.01        31.10    12.58   -25.01     0.000
    6.37    25.03     9.01         6.37    25.03     9.01     0.000
    2.67     0.24    63.40         2.67     0.24    63.40     0.000
   -3.71    -3.82    47.46        -3.71    -3.82    47.46     0.000
   -7.39    24.49    29.34        -7.39    24.49    29.34     0.000
    6.66    -8.22    20.51         6.66    -8.22    20.51     0.000
  -16.49     3.09    -6.78       -16.49     3.09    -6.78     0.000
   -7.34   -17.01    -5.97        -7.34   -17.01    -5.97     0.000
  -31.77     4.14   -39.51       -31.77     4.14   -39.51     0.000
   12.92    18.10   -29.98        12.92    18.10   -29.98     0.000
  -36.88     5.45   -28.15       -36.88     5.45   -28.15     0.000
   20.89    -7.64    11.34        20.89    -7.64    11.34     0.000
   -0.58    -0.30    63.40        -0.58    -0.30    63.40     0.000
    4.45    -9.37    18.45         4.45    -9.37    18.45     0.000
  -14.26     8.63   -37.19       -14.26     8.63   -37.19     0.000
   -2.40    11.53    62.89        -2.40    11.53    62.89     0.000
    5.17    21.44    36.59         5.17    21.44    36.59     0.000
   -4.93    -0.69   -37.24        -4.93    -0.69   -37.24     0.000
    5.09    -8.49    21.60         5.09    -8.49    21.60     0.000
   23.12   -14.33   -17.52        23.12   -14.33   -17.52     0.000
  -17.63     5.11   -42.30       -17.63     5.11   -42.30     0.000
   25.91    23.97    -3.38        25.91    23.97    -3.38     0.000
   18.90    -0.91   -23.33        18.90    -0.91   -23.33     0.000
   11.94    20.14   -18.57        11.94    20.14   -18.57     0.001
  -27.67   -22.58   -44.39       -27.67   -22.58   -44.39     0.000
  -39.72   -17.63   -35.11       -39.72   -17.63   -35.11     0.000
  -15.80    -2.42     3.06       -15.80    -2.42     3.06     0.000
  -18.94   -30.31   -16.35       -18.94   -30.31   -16.35     0.000
  -40.88   -19.41   -30.01       -40.88   -19.41   -30.01     0.000
   12.74    24.90    15.42        12.74    24.90    15.42     0.000
  -18.49    -1.95   -47.25       -18.49    -1.95   -47.25     0.000
   -8.70     1.21    24.81        -8.70     1.21    24.81     0.000
   31.97    14.53    12.24        31.97    14.53    12.24     0.000
  -39.50     1.72   -31.18       -39.50     1.72   -31.18     0.000
   26.50   -12.08    -7.11        26.50   -12.08    -7.11     0.000
   18.33    -1.79    57.74        18.33    -1.79    57.74     0.000
   -5.14    13.96     7.74        -5.14    13.96     7.74     0.000
  -15.75     9.03   -18.00       -15.75     9.03   -18.00     0.000
   14.44    -8.08    14.76        14.44    -8.08    14.76     0.000
  -36.21   -24.80   -34.41       -36.21   -24.80   -34.41     0.000
  -18.46    12.19   -26.47       -18.46    12.19   -26.47     0.000
    6.53    -6.61   -23.39         6.53    -6.61   -23.39     0.000
   19.41    26.25     3.55        19.41    26.25     3.55     0.000
   22.09    -6.28    15.36        22.09    -6.28    15.36     0.000
   37.88    11.87    -0.11        37.88    11.87    -0.11     0.000
  -16.05    16.53    30.33       -16.05    16.53    30.33     0.000
   21.19    -9.33   -22.83        21.19    -9.33   -22.83     0.000
    7.51   -13.99     1.33         7.51   -13.99     1.33     0.000
  -17.45     5.75   -41.82       -17.45     5.75   -41.82     0.000
   28.55    11.84   -28.20        28.55    11.84   -28.20     0.000
   25.49     1.30    30.12        25.49     1.30    30.12     0.000
  -19.85   -11.71    -3.93       -19.85   -11.71    -3.93     0.000
   -5.93   -20.97   -11.43        -5.93   -20.97   -11.43     0.000
  -15.76    11.22   -30.48       -15.76    11.22   -30.48     0.000
    3.77    22.71    30.00         3.77    22.71    30.00     0.000
  -38.58    -3.49   -39.22       -38.58    -3.49   -39.22     0.000
  -22.90    10.43   -35.22       -22.90    10.43   -35.22     0.000
    7.84    -7.32    60.39         7.84    -7.32    60.39     0.000
    1.25     0.51   -24.31         1.25     0.51   -24.31     0.000
   19.72    -5.08    28.04        19.72    -5.08    28.04     0.000
   -8.45   -19.31    -8.32        -8.45   -19.31    -8.32     0.000
    9.92   -16.29    -6.89         9.92   -16.29    -6.89     0.000
  -19.12   -19.59    -6.66       -19.12   -19.59    -6.66     0.000
  -41.98    -3.35   -18.64       -41.98    -3.35   -18.64     0.000
  -15.05    -7.81     1.53       -15.05    -7.81     1.53     0.000
   31.42    18.68   -15.69        31.42    18.68   -15.69     0.000
  -20.59     5.88   -14.63       -20.59     5.88   -14.63     0.000
   21.23    25.61    -7.36        21.23    25.61    -7.36     0.000
   35.88    13.59   -11.01        35.88    13.59   -11.01     0.000
   11.93    17.71   -21.99        11.93    17.71   -21.99     0.000
    7.45    25.34     8.77         7.45    25.34     8.77     0.000
    0.63    -6.73    59.82         0.63    -6.73    59.82     0.000
   35.44     1.77   -19.55        35.44     1.77   -19.55     0.000
   -1.72    -7.15    31.19        -1.72    -7.15    31.19     0.000
   -1.40    15.94    60.83        -1.40    15.94    60.83     0.000
   21.59    25.12   -16.85        21.59    25.12   -16.85     0.000
   -8.90   -28.19   -20.63        -8.90   -28.19   -20.63     0.000
  -13.96   -12.99   -48.09       -13.96   -12.99   -48.09     0.000
   20.92   -13.29   -18.43        20.92   -13.29   -18.43     0.000
    2.82   -13.02     1.51         2.82   -13.02     1.51     0.000
   -3.72   -11.32   -40.68        -3.72   -11.32   -40.68     0.000
   -2.68   -23.88   -23.46        -2.68   -23.88   -23.46     0.000
  -40.40   -18.93   -18.25       -40.40   -18.93   -18.25     0.000
   12.98     4.88    62.98        12.98     4.88    62.98     0.000
  -14.98    19.47    30.90       -14.98    19.47    30.90     0.000
  -14.24   -23.39   -43.72       -14.24   -23.39   -43.72     0.000
  -17.93     8.78   -17.72       -17.93     8.78   -17.72     0.000
   -9.77    24.72    23.21        -9.77    24.72    23.21     0.000
  -16.13    14.59    21.19       -16.13    14.59    21.19     0.000
  -28.15   -25.66   -11.08       -28.15   -25.66   -11.08     0.000
    7.48    18.76    -6.82         7.48    18.76    -6.82     0.000
  -24.84   -29.71   -37.23       -24.84   -29.71   -37.23     0.000
   25.41     0.86   -29.09        25.41     0.86   -29.09     0.000
  -29.46   -13.45   -47.19       -29.46   -13.45   -47.19     0.000
  -12.30   -24.17   -42.22       -12.30   -24.17   -42.22     0.000
   -6.50     1.62    45.85        -6.50     1.62    45.85     0.000
    3.25    20.03    44.01         3.25    20.03    44.01     0.000
   -7.75     0.32    28.31        -7.75     0.32    28.31     0.000
   22.18    13.62    43.15        22.18    13.62    43.15     0.000
  -17.87   -31.97   -31.95       -17.87   -31.97   -31.95     0.000
   -6.78     2.98    57.25        -6.78     2.98    57.25     0.000
   33.80    11.04    11.83        33.80    11.04    11.83     0.000
  -40.01   -19.28   -17.70       -40.01   -19.28   -17.70     0.000
   32.52    10.13   -24.66        32.52    10.13   -24.66     0.000
    8.30   -12.86   -20.19         8.30   -12.86   -20.19     0.000
   20.67    -4.16    30.78        20.67    -4.16    30.78     0.000
    1.66     3.01   -21.94         1.66     3.01   -21.94     0.000
   13.69   -16.61   -10.73        13.69   -16.61   -10.73     0.000
   -2.34   -21.50   -33.95        -2.34   -21.50   -33.95     0.000
  -32.76   -29.13   -28.20       -32.76   -29.13   -28.20     0.000
  -16.46    16.42    22.03       -16.46    16.42    22.03     0.000
  -38.58   -10.55   -41.37       -38.58   -10.55   -41.37     0.000
   31.58    12.76    13.74        31.58    12.76    13.74     0.000
  -30.43     8.13   -17.81       -30.43     8.13   -17.81     0.000
  -42.40   -10.46   -18.05       -42.40   -10.46   -18.05     0.000
  -40.47   -16.00   -32.07       -40.47   -16.00   -32.07     0.000
   -6.31   -25.16   -17.94        -6.31   -25.16   -17.94     0.000
   20.49    26.30    -0.73        20.49    26.30    -0.73     0.000
  -11.78   -21.91   -43.65       -11.78   -21.91   -43.65     0.000
   19.52     5.95   -26.61        19.52     5.95   -26.61     0.000
   -0.50    -6.09    53.29        -0.50    -6.09    53.29     0.000
   -4.51    24.62    23.77        -4.51    24.62    23.77     0.000
   15.74     6.54   -19.99        15.74     6.54   -19.99     0.000
    2.96   -10.80    13.50         2.96   -10.80    13.50     0.000
   10.45    -9.14    14.30        10.45    -9.14    14.30     0.000
   16.49   -16.92   -11.79        16.49   -16.92   -11.79     0.000
   -7.24    -1.35    29.74        -7.24    -1.35    29.74     0.000
  -25.23   -10.14   -48.99       -25.23   -10.14   -48.99     0.000
