200, pa4-D-Output.txt
  -14.83   -27.05   -40.33       -14.83   -27.05   -40.33     0.001
   30.44    12.40    15.90        30.44    12.40    15.90     0.001
    6.74    21.21    38.49         6.74    21.22    38.49     0.002
   -6.28     3.04   -31.73        -6.28     3.04   -31.73     0.005
  -12.26    10.70    18.29       -12.25    10.70    18.29     0.009
  -20.50    -2.26   -47.31       -20.50    -2.26   -47.31     0.003
    1.94    18.66    52.38         1.95    18.64    52.38     0.016
   -3.77    -4.88    38.65        -3.76    -4.87    38.65     0.013
  -29.71   -24.34   -42.05       -29.71   -24.34   -42.05     0.000
   30.36   -10.53   -14.54        30.36   -10.53   -14.54     0.001
  -14.46     0.04   -45.58       -14.46     0.04   -45.58     0.002
   16.30    -6.49    22.89        16.30    -6.49    22.89     0.000
    0.57   -11.05    11.70         0.57   -11.04    11.70     0.000
   34.23    10.51    11.37        34.23    10.51    11.37     0.001
   -8.11     8.34    35.93        -8.11     8.34    35.93     0.003
   -1.95    23.74    29.43        -1.95    23.73    29.42     0.003
   -5.56    13.92     8.12        -5.56    13.92     8.12     0.002
   -0.03   -12.83     1.45        -0.03   -12.83     1.45     0.005
   -1.46    -5.83    44.01        -1.46    -5.84    44.01     0.010
   16.96   -16.47    -3.85        16.96   -16.47    -3.85     0.003
    4.78   -15.07    -3.82         4.78   -15.06    -3.82     0.010
   34.52    -4.97     5.54        34.51    -4.97     5.54     0.007
   -6.60   -11.49     3.94        -6.60   -11.49     3.94     0.006
   -3.71    -4.90    38.76        -3.71    -4.90    38.76     0.003
   17.93   -11.66     3.44        17.93   -11.66     3.44     0.005
   33.89    11.32   -20.97        33.89    11.32   -20.97     0.001
   22.31    14.62    38.60        22.31    14.63    38.60     0.007
   20.11   -11.01     2.33        20.11   -11.00     2.33     0.007
   -0.11   -17.77   -30.76        -0.10   -17.77   -30.76     0.003
   15.34     0.91    62.98        15.34     0.91    62.98     0.000
   -7.39    16.50    13.12        -7.39    16.50    13.12     0.002
  -15.29   -27.65   -14.08       -15.29   -27.65   -14.08     0.002
  -16.02     5.87   -12.58       -16.02     5.87   -12.58     0.006
   25.30     6.57   -30.27        25.30     6.57   -30.27     0.001
    7.37   -13.29     3.26         7.37   -13.28     3.26     0.006
  -13.01    11.14    29.68       -13.00    11.15    29.68     0.004
    0.86    20.39    41.64         0.86    20.38    41.64     0.011
   -4.37    -3.00    59.48        -4.37    -3.00    59.48     0.003
   12.51    -6.15    51.76        12.51    -6.14    51.76     0.012
  -17.17    -7.40    -0.51       -17.18    -7.40    -0.50     0.005
  -16.21   -31.94   -30.01       -16.21   -31.94   -30.01     0.001
   -7.42   -23.46   -14.07        -7.42   -23.46   -14.07     0.002
   -4.48    -7.76    23.74        -4.49    -7.77    23.74     0.006
   -2.71    -4.80    62.63        -2.70    -4.80    62.63     0.004
   38.49     5.37   -11.48        38.49     5.37   -11.48     0.001
    9.98    25.34    -1.00         9.98    25.35    -1.00     0.002
   -3.94    -1.99   -34.60        -3.95    -1.99   -34.60     0.007
   -8.48     6.26    30.32        -8.49     6.26    30.32     0.003
    3.51    -2.03   -23.78         3.51    -2.03   -23.78     0.002
    4.38    -7.37    56.30         4.38    -7.38    56.30     0.003
   -0.39    17.31     5.09        -0.40    17.31     5.09     0.000
  -27.76   -29.86   -17.60       -27.76   -29.85   -17.60     0.001
   20.13    -2.02    44.81        20.13    -2.02    44.81     0.004
   -4.43    16.69    10.00        -4.42    16.68    10.01     0.011
   25.18    -9.14   -23.77        25.18    -9.15   -23.78     0.003
   11.15    10.14   -12.81        11.15    10.14   -12.81     0.003
   24.16    18.23    23.22        24.16    18.24    23.22     0.004
    1.50    -7.12    61.19         1.50    -7.12    61.19     0.001
   25.59     7.84    32.72        25.58     7.84    32.72     0.005
    8.22    25.22    13.26         8.22    25.23    13.26     0.002
   37.93    11.54     4.94        37.93    11.54     4.94     0.003
  -18.40   -32.52   -29.03       -18.40   -32.53   -29.03     0.007
   -6.90    -9.59     8.82        -6.90    -9.59     8.82     0.003
   -2.15    12.04    -1.89        -2.16    12.04    -1.89     0.002
   -3.38     8.60   -15.67        -3.38     8.59   -15.67     0.006
   10.63    -6.67    29.15        10.62    -6.66    29.14     0.007
  -13.10    23.25    22.91       -13.10    23.25    22.91     0.005
    0.40   -10.46    15.61         0.39   -10.47    15.61     0.013
    8.19    10.88    63.23         8.19    10.88    63.23     0.000
   12.78     5.39   -17.22        12.78     5.39   -17.22     0.000
   31.78    15.05   -21.43        31.77    15.05   -21.43     0.002
  -33.83    -3.68    -9.55       -33.83    -3.68    -9.55     0.002
    0.07   -20.14   -25.10         0.07   -20.14   -25.10     0.000
  -23.08    -3.74    -6.95       -23.07    -3.74    -6.95     0.007
   -7.14    19.58    38.93        -7.14    19.58    38.93     0.001
   -1.82    16.04    57.37        -1.81    16.03    57.37     0.009
  -37.77   -18.83   -13.80       -37.77   -18.83   -13.80     0.001
  -32.33     5.14   -15.37       -32.33     5.14   -15.38     0.004
    3.49    -7.24    33.66         3.49    -7.23    33.66     0.009
  -21.15   -29.53   -14.77       -21.15   -29.53   -14.76     0.006
   -9.14   -28.27   -20.46        -9.14   -28.26   -20.46     0.003
   25.76    23.58   -15.42        25.77    23.59   -15.42     0.015
  -21.09   -26.52   -10.83       -21.09   -26.53   -10.83     0.004
    1.34    -6.97    56.48         1.34    -6.98    56.48     0.008
   23.98    -9.02     4.01        23.98    -9.02     4.01     0.007
    6.95     3.88    63.22         6.95     3.88    63.22     0.000
   11.21    22.91    28.35        11.21    22.91    28.35     0.006
   -6.87     6.89    61.79        -6.86     6.89    61.79     0.005
  -32.09     3.60   -14.13       -32.10     3.60   -14.13     0.003
   11.35    14.12    63.12        11.35    14.12    63.12     0.002
   -1.96     9.61    -9.60        -1.96     9.61    -9.60     0.005
   22.47    12.98    43.58        22.46    12.97    43.58     0.009
   24.22    -9.19   -23.90        24.22    -9.18   -23.90     0.007
   23.83     1.82    37.60        23.83     1.82    37.60     0.002
  -14.63     4.76    -7.33       -14.63     4.75    -7.33     0.011
  -12.89    -5.06     6.57       -12.89    -5.06     6.57     0.000
   26.31    -9.97     1.08        26.31    -9.96     1.07     0.007
   21.10     0.62    49.91        21.10     0.62    49.91     0.000
   -5.56    -8.64    16.65        -5.56    -8.64    16.65     0.004
  -15.67     2.10   -44.50       -15.67     2.10   -44.50     0.000
   34.72    15.84    -8.43        34.72    15.85    -8.43     0.007
   34.97    15.26    -4.64        34.97    15.26    -4.64     0.003
   -7.34    25.05    24.96        -7.34    25.05    24.96     0.009
   -6.69    10.94     4.45        -6.69    10.93     4.45     0.009
   17.95    26.70     2.57        17.95    26.70     2.57     0.005
  -17.20     7.32   -40.19       -17.20     7.32   -40.19     0.001
  -39.48   -15.11   -38.12       -39.48   -15.11   -38.12     0.000
   -0.86    10.93    -6.26        -0.86    10.93    -6.27     0.008
   -8.51     9.61    35.90        -8.51     9.61    35.90     0.003
  -40.51    -9.82   -14.31       -40.51    -9.82   -14.31     0.003
   -3.45   -19.14   -38.02        -3.45   -19.14   -38.02     0.002
   -3.65    -8.15    24.30        -3.66    -8.16    24.30     0.002
    9.13    22.78    29.11         9.13    22.78    29.11     0.000
   -6.98     7.61    44.05        -6.98     7.61    44.05     0.003
    6.09    -2.60    63.37         6.09    -2.60    63.37     0.001
  -15.65    18.17    30.33       -15.65    18.17    30.33     0.003
  -25.53   -32.08   -30.82       -25.53   -32.08   -30.82     0.004
   23.37     7.20    45.22        23.37     7.20    45.22     0.003
    5.20    -7.48    60.60         5.20    -7.47    60.61     0.007
   -6.29   -18.52    -8.47        -6.29   -18.52    -8.47     0.001
   18.68    14.09    62.10        18.68    14.08    62.10     0.005
   -7.66    18.44    39.45        -7.65    18.44    39.45     0.001
  -37.35    -1.71   -39.91       -37.35    -1.71   -39.91     0.005
   -9.87   -11.98   -46.67        -9.87   -11.98   -46.67     0.001
   31.06    18.62   -17.85        31.05    18.61   -17.85     0.003
   33.06     8.42   -24.41        33.05     8.42   -24.41     0.004
  -18.85   -29.46   -38.22       -18.85   -29.46   -38.22     0.004
   -0.74   -11.97     5.31        -0.74   -11.97     5.31     0.006
  -26.74     9.09   -35.53       -26.74     9.09   -35.53     0.002
  -39.53   -12.90   -33.59       -39.53   -12.90   -33.59     0.001
  -13.60   -25.62   -11.79       -13.60   -25.62   -11.78     0.001
   20.02     1.03    59.21        20.02     1.03    59.21     0.000
    3.33    -2.25   -23.95         3.33    -2.25   -23.95     0.001
   30.14    13.73    15.28        30.15    13.74    15.29     0.011
  -10.71    -0.81   -43.70       -10.71    -0.81   -43.70     0.002
    3.67    -7.83   -25.36         3.68    -7.83   -25.36     0.002
  -15.59    20.27    23.62       -15.59    20.26    23.62     0.007
   12.10    18.31   -18.08        12.09    18.31   -18.08     0.006
   -2.22    19.46    10.15        -2.22    19.47    10.14     0.005
  -10.81     6.72   -36.47       -10.81     6.72   -36.47     0.001
   37.48     1.37   -14.62        37.49     1.37   -14.62     0.009
   13.80   -12.30     4.88        13.80   -12.29     4.88     0.004
   19.08    26.72    -0.46        19.08    26.72    -0.46     0.008
   11.84    -3.26    63.23        11.84    -3.26    63.23     0.000
   -0.29    17.63    53.55        -0.28    17.62    53.55     0.007
   18.73    15.82    55.95        18.72    15.81    55.95     0.009
   -5.84    -0.35    54.56        -5.84    -0.35    54.56     0.003
    6.31    -1.09   -22.36         6.31    -1.09   -22.36     0.002
   -3.88   -22.17   -15.69        -3.88   -22.17   -15.69     0.003
    3.19     6.50   -17.71         3.19     6.50   -17.71     0.002
  -22.37    12.32   -27.63       -22.37    12.31   -27.63     0.007
  -38.68    -4.80   -39.75       -38.68    -4.80   -39.76     0.008
   31.35     8.21    16.80        31.35     8.21    16.80     0.001
   -7.11     5.45    57.65        -7.10     5.45    57.65     0.003
    2.82    20.32    42.33         2.82    20.32    42.33     0.001
   15.08     2.01    62.98        15.08     2.01    62.98     0.000
  -36.17     2.26   -37.64       -36.17     2.26   -37.64     0.003
  -11.45    -9.15     4.19       -11.46    -9.15     4.19     0.003
   -5.42    16.48    10.91        -5.42    16.48    10.91     0.004
  -29.16     8.14   -17.31       -29.16     8.14   -17.31     0.001
   21.48    18.14    32.78        21.48    18.14    32.78     0.002
  -40.04   -20.48   -18.95       -40.05   -20.48   -18.95     0.004
   15.95    18.03    60.06        15.95    18.03    60.06     0.003
  -38.62   -21.10   -34.89       -38.62   -21.10   -34.89     0.002
   -9.01   -26.18   -37.21        -9.01   -26.18   -37.21     0.001
    1.26   -18.41   -23.73         1.26   -18.41   -23.74     0.005
    1.85   -16.38   -25.20         1.85   -16.38   -25.20     0.000
   -6.25   -18.29    -8.05        -6.25   -18.29    -8.05     0.003
   29.52     7.94    20.28        29.52     7.94    20.28     0.004
  -21.40     9.73   -36.54       -21.39     9.74   -36.55     0.006
   11.23    18.69   -13.20        11.24    18.70   -13.20     0.004
   20.30    25.69   -12.03        20.31    25.70   -12.03     0.010
   -1.42    22.63    14.54        -1.42    22.63    14.54     0.002
  -22.03     8.13   -38.79       -22.03     8.13   -38.79     0.004
   38.46    10.31    -4.61        38.48    10.32    -4.62     0.019
    2.79    -5.35   -25.46         2.79    -5.35   -25.46     0.002
    0.98    -6.76    44.13         0.98    -6.76    44.13     0.000
   33.67    -5.75     5.27        33.67    -5.75     5.27     0.001
  -15.41    13.50    24.33       -15.41    13.50    24.33     0.004
  -18.62   -30.17   -16.29       -18.62   -30.17   -16.29     0.002
    4.36    18.50    62.19         4.36    18.50    62.19     0.001
   34.80    -4.10     0.06        34.80    -4.09     0.06     0.009
   15.46    11.94    63.18        15.46    11.94    63.18     0.002
   21.60    11.50    52.47        21.60    11.50    52.47     0.002
   31.27    15.04   -22.23        31.27    15.04   -22.23     0.003
   10.07     9.57   -13.12        10.07     9.58   -13.12     0.006
   -1.48    -6.68   -30.95        -1.49    -6.68   -30.95     0.005
   20.43    15.60    46.14        20.43    15.60    46.14     0.006
    7.44    -4.05    63.41         7.44    -4.05    63.41     0.000
  -32.87   -29.10   -27.87       -32.87   -29.10   -27.87     0.002
   -6.22     7.24    62.28        -6.22     7.23    62.28     0.002
  -38.64   -16.56   -13.43       -38.65   -16.56   -13.43     0.004
   -5.03    -2.16   -38.91        -5.03    -2.16   -38.91     0.003
   36.05    13.19     8.08        36.06    13.19     8.08     0.003
    3.16    -6.95    48.89         3.16    -6.96    48.89     0.013
   14.39    -5.88    34.29        14.39    -5.88    34.29     0.000
    2.11   -10.25    16.59         2.11   -10.26    16.59     0.004
   30.85    19.78   -15.25        30.84    19.78   -15.25     0.008
   -5.00   -14.43    -1.99        -5.00   -14.43    -1.99     0.002
   16.93    13.82   -30.12        16.93    13.82   -30.12     0.005
