200, pa4-G-Output.txt
  -42.89   -16.65   -27.30       -42.89   -16.65   -27.30     0.002
   17.27    19.15   -30.41        17.27    19.15   -30.41     0.005
  -44.05    -8.49   -26.39       -44.04    -8.49   -26.38     0.007
   38.23    -0.35    -4.81        38.23    -0.35    -4.81     0.000
  -36.50    -3.73   -41.89       -36.49    -3.73   -41.89     0.001
   10.92    24.87    15.04        10.92    24.87    15.04     0.007
   35.23    -4.39   -10.09        35.23    -4.39   -10.09     0.000
   22.28    14.71    38.43        22.28    14.71    38.43     0.001
   -0.78    -6.13    56.36        -0.78    -6.12    56.36     0.008
   17.40    -4.36    45.03        17.41    -4.37    45.03     0.002
   23.18     2.86    43.09        23.18     2.86    43.09     0.000
   27.38    22.97    -7.35        27.38    22.97    -7.35     0.004
   20.45    22.38   -26.42        20.45    22.39   -26.42     0.008
  -38.76   -19.87   -16.10       -38.76   -19.87   -16.10     0.002
   18.47    26.59     2.20        18.47    26.59     2.20     0.005
  -24.02   -18.49    -6.40       -24.02   -18.49    -6.40     0.001
   -4.63    13.56    52.66        -4.63    13.56    52.66     0.005
   27.67    22.29     6.51        27.67    22.29     6.51     0.002
  -42.09   -11.51   -17.57       -42.09   -11.51   -17.57     0.000
  -15.50    13.44    21.61       -15.50    13.45    21.61     0.004
   -7.05     6.06    48.14        -7.05     6.06    48.14     0.004
   15.36    -0.04   -21.56        15.36    -0.04   -21.56     0.000
   -6.05   -23.47   -15.21        -6.05   -23.47   -15.21     0.003
    1.12    14.21    -1.78         1.11    14.22    -1.78     0.008
   -2.72    -6.04    36.03        -2.72    -6.05    36.03     0.003
   20.78    25.09     7.25        20.78    25.09     7.25     0.002
   34.06    -5.38     5.61        34.06    -5.38     5.61     0.001
   26.95     1.18    25.83        26.95     1.18    25.83     0.004
  -22.66   -20.41    -6.86       -22.66   -20.41    -6.86     0.003
   32.69    -1.72   -24.31        32.69    -1.72   -24.31     0.004
   28.91   -10.31    -5.07        28.90   -10.30    -5.07     0.013
  -17.09   -32.34   -26.48       -17.09   -32.33   -26.48     0.005
   30.55    -1.25    16.57        30.55    -1.25    16.56     0.004
  -32.32   -29.09   -21.98       -32.31   -29.08   -21.98     0.005
  -43.55    -6.34   -21.77       -43.55    -6.34   -21.77     0.000
   17.84    10.48   -28.68        17.84    10.49   -28.68     0.007
    6.33   -12.55   -22.00         6.33   -12.55   -21.99     0.001
   14.60    -2.33   -22.17        14.60    -2.33   -22.17     0.001
   21.40   -15.19   -16.65        21.40   -15.19   -16.65     0.003
  -15.57   -31.65   -23.00       -15.56   -31.65   -23.00     0.006
  -18.48   -31.98   -21.85       -18.48   -31.97   -21.85     0.004
  -40.45    -6.27   -15.00       -40.45    -6.27   -15.00     0.000
  -34.36   -17.69   -43.66       -34.35   -17.69   -43.66     0.004
  -17.37   -30.98   -18.71       -17.37   -30.98   -18.71     0.002
  -43.51    -4.75   -24.85       -43.52    -4.75   -24.85     0.002
  -34.10     4.70   -15.75       -34.10     4.70   -15.75     0.001
   -1.78    15.65    60.85        -1.78    15.66    60.85     0.002
  -15.30   -10.71   -48.51       -15.30   -10.71   -48.51     0.001
   -5.59    11.49    58.85        -5.59    11.49    58.85     0.008
   13.94   -17.14    -9.23        13.94   -17.14    -9.23     0.006
  -25.47    -6.61   -47.81       -25.47    -6.61   -47.81     0.001
   19.60    -0.54    56.02        19.60    -0.53    56.02     0.009
  -22.63    11.90   -23.76       -22.63    11.90   -23.76     0.001
   -1.80   -22.49   -21.30        -1.79   -22.49   -21.30     0.002
   19.82   -11.05   -21.13        19.82   -11.04   -21.13     0.006
    0.53   -14.94    -3.71         0.53   -14.94    -3.71     0.000
    7.25     5.62   -16.93         7.25     5.62   -16.93     0.001
   20.07    14.50   -31.23        20.07    14.50   -31.23     0.003
   22.94     3.34    44.55        22.94     3.33    44.55     0.000
   17.00     2.42   -22.15        17.00     2.42   -22.15     0.000
  -23.23     7.93   -39.03       -23.23     7.93   -39.03     0.004
   20.44   -10.68     2.56        20.44   -10.68     2.56     0.000
    6.49    24.68    15.06         6.49    24.69    15.07     0.005
   35.66     4.82    11.40        35.66     4.82    11.40     0.001
   -4.72    -2.65    60.17        -4.72    -2.65    60.17     0.006
   25.28    21.62    12.94        25.27    21.61    12.94     0.008
   -6.33     9.80    58.76        -6.32     9.80    58.77     0.004
  -10.67   -20.20   -43.98       -10.67   -20.20   -43.97     0.005
   -6.68     3.99    59.83        -6.68     3.99    59.83     0.002
    8.38    -8.24   -22.67         8.38    -8.24   -22.68     0.003
  -30.51    -8.60   -47.36       -30.51    -8.60   -47.36     0.000
   36.71    -1.50     8.90        36.71    -1.50     8.90     0.001
    5.75   -16.62   -14.20         5.75   -16.62   -14.20     0.002
   18.11    25.33   -17.12        18.11    25.34   -17.12     0.003
    9.34     5.40    62.91         9.34     5.40    62.91     0.004
  -21.64   -23.64   -44.63       -21.64   -23.64   -44.63     0.000
   21.80     8.74    55.99        21.80     8.74    55.99     0.001
   26.60    16.20   -26.79        26.59    16.19   -26.79     0.004
   15.03     6.95    63.11        15.03     6.95    63.11     0.001
  -26.52    -7.30    -7.28       -26.52    -7.30    -7.28     0.003
   -6.97     4.79    50.65        -6.96     4.79    50.65     0.003
   32.55    15.42   -18.98        32.56    15.43   -18.98     0.008
   39.71     7.68    -0.51        39.71     7.68    -0.51     0.001
   21.93     2.20    49.09        21.92     2.20    49.09     0.012
   30.77    -9.79   -17.30        30.77    -9.78   -17.30     0.006
   14.86   -11.40   -19.18        14.86   -11.40   -19.18     0.000
  -40.80   -14.80   -16.16       -40.80   -14.81   -16.16     0.004
    4.80    14.86    -5.60         4.80    14.86    -5.60     0.000
   -7.76   -19.38    -8.70        -7.76   -19.38    -8.70     0.000
  -11.65   -20.57    -9.27       -11.65   -20.57    -9.27     0.001
   37.72    -0.72     7.52        37.72    -0.72     7.52     0.002
   26.51    12.84    25.13        26.52    12.84    25.14     0.009
   19.92   -11.11     2.32        19.92   -11.11     2.32     0.001
   22.77    -6.23    14.81        22.77    -6.23    14.81     0.002
   21.82    -5.62    20.08        21.82    -5.62    20.08     0.000
   14.31    -5.75    38.47        14.31    -5.74    38.47     0.009
    7.97   -13.80     2.27         7.97   -13.80     2.27     0.007
   35.56    -3.92     4.14        35.56    -3.92     4.14     0.003
    0.65    -6.77    41.97         0.65    -6.77    41.97     0.000
  -20.95   -29.52   -14.71       -20.95   -29.52   -14.71     0.006
    3.10    -1.98   -23.95         3.10    -1.98   -23.95     0.000
  -19.15     6.81   -14.99       -19.15     6.81   -14.99     0.001
    7.47     8.90   -14.10         7.47     8.90   -14.10     0.000
   -3.56   -16.68   -39.61        -3.56   -16.68   -39.61     0.002
    8.68    -7.26    24.37         8.68    -7.26    24.37     0.003
   -5.67   -18.15   -41.26        -5.67   -18.15   -41.26     0.005
   37.74    11.90     5.29        37.74    11.90     5.29     0.007
   20.28     1.15    57.61        20.27     1.15    57.61     0.009
    0.43    -9.59    19.95         0.43    -9.59    19.95     0.000
   18.76    20.47   -28.80        18.76    20.47   -28.79     0.008
    3.87    20.10    44.24         3.87    20.09    44.24     0.011
  -15.74     4.49   -42.63       -15.74     4.50   -42.63     0.002
   -0.49     7.25   -18.79        -0.49     7.25   -18.78     0.004
  -25.41     5.87   -40.98       -25.41     5.86   -40.98     0.006
   22.07    24.57     7.23        22.07    24.57     7.23     0.000
  -24.90    -4.63    -7.80       -24.90    -4.63    -7.80     0.003
    0.02    18.12    51.42         0.02    18.12    51.42     0.010
  -13.87    20.60    20.14       -13.87    20.60    20.14     0.007
  -11.35     8.75   -31.41       -11.35     8.75   -31.41     0.007
    3.09   -17.87   -12.00         3.09   -17.87   -12.00     0.002
  -27.92    -0.30   -45.12       -27.92    -0.30   -45.12     0.003
   18.32    -2.01    55.55        18.31    -2.01    55.55     0.003
  -27.18   -29.63   -16.41       -27.17   -29.62   -16.41     0.006
   38.44    10.60     4.33        38.44    10.61     4.33     0.003
   20.42    26.10     1.50        20.42    26.11     1.50     0.006
   -1.95    -4.36   -30.27        -1.96    -4.36   -30.27     0.007
  -21.42    11.77   -31.47       -21.42    11.78   -31.47     0.004
    6.80    21.89    33.82         6.80    21.87    33.81     0.015
    1.65    21.80    34.51         1.65    21.80    34.51     0.004
   33.52    15.03     9.56        33.52    15.03     9.56     0.001
   17.97     9.25    63.11        17.97     9.25    63.12     0.001
    0.53    -7.60   -28.36         0.53    -7.60   -28.36     0.002
   30.57    10.40    17.16        30.57    10.40    17.16     0.006
   38.36    10.91    -3.49        38.36    10.91    -3.49     0.007
  -39.56     1.93   -22.07       -39.56     1.92   -22.07     0.001
  -10.61   -15.25    -3.89       -10.61   -15.25    -3.89     0.002
  -39.29   -18.53   -35.73       -39.29   -18.53   -35.73     0.001
  -30.74   -30.15   -30.65       -30.74   -30.15   -30.65     0.001
   23.76    23.92   -20.41        23.76    23.92   -20.41     0.003
   -7.48   -26.27   -34.97        -7.48   -26.27   -34.97     0.001
   37.82    11.50     6.42        37.82    11.50     6.42     0.001
   14.04    -5.28    57.61        14.05    -5.28    57.61     0.007
  -35.21     6.16   -21.77       -35.21     6.16   -21.77     0.005
   -8.38    -7.06    13.01        -8.38    -7.07    13.01     0.003
  -10.59   -19.76    -8.62       -10.59   -19.76    -8.62     0.003
   17.83    26.36    -7.44        17.83    26.36    -7.44     0.001
  -34.87   -14.79   -44.63       -34.87   -14.79   -44.63     0.001
  -28.65   -24.57   -10.45       -28.65   -24.57   -10.45     0.000
    2.34    -7.19    56.16         2.34    -7.20    56.16     0.013
   -5.34   -19.79   -10.40        -5.34   -19.80   -10.40     0.005
   -3.97   -16.94   -39.87        -3.98   -16.94   -39.87     0.005
   12.68    22.10   -21.64        12.68    22.11   -21.64     0.006
   -7.06     5.91    41.01        -7.06     5.91    41.01     0.002
   25.23    10.80    32.27        25.23    10.80    32.27     0.000
   36.90    13.09    -0.40        36.90    13.09    -0.40     0.001
  -11.04     8.12    11.44       -11.04     8.12    11.44     0.003
   28.23   -12.13   -15.83        28.23   -12.13   -15.83     0.001
  -33.97   -10.11   -46.01       -33.97   -10.11   -46.01     0.004
   -0.75   -17.55   -34.35        -0.75   -17.55   -34.35     0.000
   15.52    18.78    56.73        15.52    18.78    56.73     0.003
  -28.14     9.47   -32.89       -28.14     9.47   -32.89     0.007
   35.52    -0.31   -19.63        35.52    -0.31   -19.63     0.002
   -5.70     5.54   -25.89        -5.70     5.54   -25.89     0.004
   19.38     1.33    62.09        19.38     1.33    62.09     0.000
   28.00    22.51    -6.18        28.00    22.51    -6.19     0.001
    0.76    19.12    47.81         0.76    19.12    47.81     0.000
   12.14   -12.20   -18.78        12.14   -12.20   -18.78     0.005
  -22.40   -32.44   -31.53       -22.40   -32.44   -31.53     0.004
  -29.16   -15.50    -7.01       -29.16   -15.50    -7.01     0.002
    1.13    20.51     7.01         1.12    20.52     7.00     0.010
  -40.47    -7.99   -14.31       -40.47    -7.99   -14.31     0.001
   36.75     3.97   -15.36        36.75     3.97   -15.35     0.005
   -0.30     7.61   -18.05        -0.30     7.61   -18.05     0.004
   19.45   -11.31   -20.49        19.46   -11.31   -20.48     0.005
    2.06    -6.84    43.72         2.06    -6.84    43.72     0.001
    1.64    -1.34   -24.42         1.64    -1.34   -24.42     0.001
   20.84    -7.71    11.10        20.84    -7.71    11.10     0.000
  -32.98   -28.97   -23.73       -32.99   -28.97   -23.73     0.005
   18.88    20.81    32.97        18.88    20.81    32.97     0.001
  -32.48    -0.38   -42.91       -32.48    -0.38   -42.91     0.001
   21.88   -16.37   -12.06        21.88   -16.37   -12.06     0.002
    6.30    20.23    50.56         6.30    20.24    50.56     0.002
  -38.19   -15.68   -40.75       -38.19   -15.68   -40.75     0.002
   29.55     0.20    18.65        29.55     0.19    18.65     0.003
   -3.41    14.48     5.75        -3.41    14.49     5.75     0.004
   -6.67    11.56    43.83        -6.67    11.56    43.83     0.003
   22.01    -5.72    18.55        22.01    -5.72    18.55     0.000
  -12.89    11.86    31.52       -12.90    11.85    31.52     0.013
   -6.11    10.08     0.76        -6.11    10.08     0.76     0.005
  -37.23   -24.55   -32.43       -37.22   -24.55   -32.43     0.003
   33.38     9.05   -23.49        33.38     9.05   -23.49     0.004
  -44.04    -8.98   -23.49       -44.04    -8.98   -23.49     0.003
  -37.11   -23.80   -34.46       -37.11   -23.80   -34.46     0.003
  -38.01   -22.61   -17.91       -38.01   -22.61   -17.90     0.004
  -41.23   -17.82   -29.98       -41.24   -17.82   -29.98     0.003
   32.49    -1.94   -24.49        32.49    -1.94   -24.49     0.000
   -6.25     0.73    46.27        -6.26     0.73    46.27     0.004
   24.07    24.39     4.39        24.08    24.40     4.39     0.002
   -8.66    -8.83   -45.89        -8.66    -8.83   -45.89     0.001
   25.50    -2.36   -27.31        25.50    -2.36   -27.31     0.001
