200, pa4-B-Output.txt
   16.10    10.95   -26.48        16.11    10.95   -26.48     0.003
   19.35    15.21   -31.23        19.35    15.21   -31.23     0.002
   14.02    18.73    62.19        14.02    18.73    62.19     0.001
  -12.49     9.74    24.79       -12.49     9.74    24.79     0.003
   39.78     2.33    -8.33        39.79     2.33    -8.33     0.002
  -27.61   -31.18   -32.51       -27.62   -31.18   -32.51     0.002
   12.68    23.21    26.38        12.68    23.21    26.38     0.001
   14.01   -10.63   -19.98        14.01   -10.63   -19.98     0.003
   16.40    24.96   -16.50        16.40    24.95   -16.50     0.009
   -3.83    -3.61    46.44        -3.83    -3.61    46.44     0.002
   15.69    23.18    22.79        15.69    23.18    22.79     0.001
   21.47    15.71    40.72        21.47    15.71    40.72     0.001
   11.99    21.85    43.44        11.99    21.86    43.44     0.006
   -5.72     1.79   -33.25        -5.71     1.79   -33.25     0.003
   -6.52     5.38   -27.67        -6.52     5.38   -27.67     0.000
   21.80     8.85    55.94        21.80     8.85    55.94     0.002
  -40.60   -19.55   -30.94       -40.60   -19.55   -30.94     0.002
   32.55    -6.64     3.94        32.55    -6.65     3.94     0.007
   -1.23    -6.05    39.92        -1.23    -6.05    39.92     0.003
   22.71    -5.85    16.67        22.71    -5.85    16.67     0.001
   -1.07    16.86    54.59        -1.07    16.87    54.59     0.003
   38.50     0.03     5.23        38.50     0.03     5.23     0.001
  -11.15   -29.25   -20.23       -11.15   -29.25   -20.23     0.004
   34.35    16.31   -10.82        34.35    16.31   -10.82     0.000
   33.13    12.45   -21.86        33.13    12.45   -21.86     0.002
  -14.73    22.11    25.36       -14.73    22.11    25.36     0.002
   39.32     9.04     0.68        39.33     9.04     0.68     0.005
   14.26    -5.93    41.22        14.26    -5.93    41.22     0.000
    1.53    23.64    14.58         1.53    23.64    14.58     0.001
   30.83    16.30    12.24        30.83    16.30    12.23     0.006
   -3.78   -19.17   -10.63        -3.78   -19.17   -10.63     0.000
    3.95    18.18    -0.99         3.95    18.18    -0.99     0.001
  -29.05   -30.54   -32.62       -29.05   -30.53   -32.62     0.005
   -3.46   -21.63   -15.40        -3.46   -21.63   -15.40     0.003
   15.97   -11.37   -19.23        15.97   -11.37   -19.23     0.001
   -9.14     7.32    29.71        -9.14     7.32    29.71     0.001
   34.75    15.57   -11.95        34.75    15.57   -11.95     0.000
  -17.23   -13.42   -48.60       -17.23   -13.42   -48.61     0.003
  -16.25   -31.46   -32.52       -16.25   -31.47   -32.52     0.005
   -6.64   -19.23   -41.94        -6.65   -19.22   -41.93     0.006
    0.48     0.04   -24.82         0.48     0.03   -24.82     0.002
   17.06    -4.47    45.96        17.06    -4.47    45.96     0.000
   12.03    16.55   -24.95        12.03    16.55   -24.95     0.001
  -40.28   -21.77   -26.97       -40.29   -21.77   -26.97     0.000
  -33.66     4.13   -37.76       -33.66     4.13   -37.76     0.002
    0.41     5.88    63.42         0.41     5.88    63.42     0.002
  -17.60   -13.57   -48.68       -17.60   -13.57   -48.68     0.001
   -3.43    17.41     9.53        -3.43    17.41     9.53     0.000
    1.17    18.04    56.71         1.17    18.04    56.71     0.000
   -5.13    11.54     2.82        -5.14    11.55     2.82     0.004
   -3.50    -3.53   -36.03        -3.50    -3.54   -36.03     0.003
   -9.86   -19.31    -8.27        -9.86   -19.32    -8.27     0.004
  -22.43   -21.41   -46.15       -22.43   -21.40   -46.15     0.002
  -12.20     5.50    12.40       -12.19     5.50    12.40     0.001
   21.01    -8.99     6.13        21.01    -8.99     6.13     0.001
   31.18    -7.84     0.64        31.19    -7.85     0.64     0.003
   25.31    10.81   -30.30        25.31    10.81   -30.31     0.003
   31.94    17.75     9.06        31.94    17.75     9.06     0.002
  -35.21   -25.69   -18.02       -35.21   -25.69   -18.02     0.002
    7.74    20.61    45.60         7.74    20.62    45.60     0.002
  -20.90     5.58   -41.62       -20.90     5.58   -41.62     0.001
  -33.01   -28.83   -22.96       -33.01   -28.83   -22.96     0.004
  -39.44   -15.17   -38.31       -39.44   -15.17   -38.31     0.001
    2.97    19.98    43.93         2.97    19.99    43.93     0.002
   21.33     9.95    58.86        21.33     9.96    58.86     0.003
   23.34    19.83    20.98        23.34    19.83    20.98     0.002
   -7.28   -17.63    -6.64        -7.28   -17.63    -6.64     0.001
   28.59    10.10    21.47        28.59    10.10    21.47     0.003
   -6.54     8.30   -15.46        -6.54     8.30   -15.46     0.002
    7.10   -15.93    -5.99         7.10   -15.92    -5.99     0.006
   -8.36   -23.78   -39.54        -8.36   -23.78   -39.54     0.000
    6.13    14.84    63.14         6.13    14.84    63.14     0.001
    8.13     7.61   -15.07         8.13     7.60   -15.07     0.000
   11.51    24.73    15.92        11.51    24.74    15.92     0.003
   21.93     4.40    52.72        21.93     4.40    52.72     0.003
   -5.84    15.15    10.03        -5.83    15.14    10.03     0.007
   34.50    -1.37   -21.62        34.49    -1.37   -21.62     0.004
  -18.67    -9.94   -49.03       -18.68    -9.94   -49.03     0.002
  -15.20   -30.81   -33.89       -15.20   -30.81   -33.89     0.001
  -13.56    13.77    18.22       -13.56    13.77    18.22     0.002
  -38.61   -19.34   -15.35       -38.61   -19.34   -15.35     0.001
   17.32    -6.17    24.70        17.32    -6.16    24.70     0.001
   -6.12    -0.02    41.75        -6.12    -0.02    41.75     0.001
  -30.26     6.41   -37.96       -30.26     6.41   -37.96     0.000
  -15.48    16.86    19.87       -15.47    16.86    19.87     0.003
   30.88    12.68   -25.21        30.88    12.68   -25.21     0.000
   -4.84   -26.37   -25.42        -4.84   -26.37   -25.42     0.000
   16.23     2.65   -21.73        16.23     2.65   -21.73     0.001
   -9.35    15.12    38.41        -9.35    15.12    38.42     0.005
   15.06    22.54    33.20        15.06    22.55    33.20     0.003
  -38.69    -0.98   -37.43       -38.69    -0.98   -37.43     0.001
   35.74     2.60    11.46        35.74     2.60    11.46     0.001
   23.18     4.32    44.28        23.18     4.33    44.28     0.002
  -24.74    11.31   -21.01       -24.74    11.31   -21.01     0.001
   10.42     9.94    63.17        10.42     9.94    63.17     0.002
  -14.45     2.09   -43.97       -14.45     2.08   -43.97     0.001
    3.72     8.25    63.41         3.72     8.25    63.41     0.002
  -27.70   -22.64   -44.34       -27.70   -22.63   -44.33     0.004
   -4.68    15.59     9.01        -4.68    15.59     9.01     0.002
   -5.82    -0.39    55.87        -5.82    -0.39    55.87     0.005
   -4.51    24.39    22.36        -4.51    24.40    22.36     0.004
  -18.05   -32.43   -29.51       -18.05   -32.43   -29.51     0.000
  -31.96     8.64   -21.79       -31.96     8.64   -21.79     0.000
  -39.57   -13.07   -33.91       -39.57   -13.07   -33.91     0.001
   19.02   -16.44   -14.33        19.02   -16.45   -14.34     0.005
   15.18    11.67   -19.02        15.18    11.67   -19.02     0.001
   -9.67   -25.53   -38.80        -9.67   -25.52   -38.80     0.003
   19.86    17.49   -30.22        19.86    17.50   -30.22     0.002
   17.04    -5.20    35.26        17.04    -5.20    35.26     0.001
  -10.19   -28.04   -17.60       -10.19   -28.04   -17.60     0.002
    7.07    -7.38    62.38         7.07    -7.38    62.38     0.000
    1.46    -6.93    53.74         1.46    -6.93    53.74     0.000
    4.76    19.08    61.42         4.76    19.07    61.42     0.002
   39.83     5.58     2.86        39.83     5.58     2.86     0.002
   16.82    21.69   -29.08        16.82    21.69   -29.08     0.002
   19.20    19.32   -29.33        19.19    19.31   -29.33     0.003
   -4.80   -24.75   -19.52        -4.80   -24.74   -19.52     0.004
   14.17    14.13   -19.54        14.17    14.13   -19.54     0.002
   -1.21   -17.72    -8.56        -1.21   -17.72    -8.56     0.000
   -0.90   -10.00    17.52        -0.90   -10.00    17.52     0.002
    7.56    21.75    34.81         7.56    21.76    34.81     0.008
   -2.41   -22.33   -18.69        -2.41   -22.34   -18.69     0.004
    8.43   -15.98    -9.88         8.43   -15.99    -9.88     0.006
  -27.03   -28.97   -37.61       -27.03   -28.96   -37.61     0.001
   11.36    -7.99    17.63        11.35    -7.98    17.63     0.005
    2.64   -11.31   -25.94         2.64   -11.31   -25.94     0.001
  -21.20   -27.96   -12.55       -21.20   -27.96   -12.55     0.003
   -5.47   -20.40   -39.51        -5.47   -20.40   -39.52     0.006
   37.53    -0.99   -12.78        37.53    -1.00   -12.78     0.002
    3.24    -7.29    56.47         3.24    -7.29    56.47     0.004
    3.68   -12.19     6.57         3.68   -12.18     6.57     0.004
   -6.69    -3.83    29.11        -6.69    -3.83    29.11     0.000
  -39.85   -11.06   -33.70       -39.85   -11.06   -33.70     0.000
   -1.97    17.43    48.26        -1.97    17.43    48.26     0.001
   15.48     0.82   -21.56        15.48     0.82   -21.56     0.003
  -39.85   -15.19   -14.61       -39.85   -15.19   -14.61     0.001
   19.34    -8.69   -22.75        19.33    -8.69   -22.76     0.006
  -40.46     1.16   -23.98       -40.46     1.16   -23.98     0.004
    3.91   -17.33   -17.85         3.90   -17.32   -17.85     0.005
  -11.74     6.02     4.29       -11.74     6.01     4.29     0.003
   11.50   -15.42   -13.28        11.50   -15.42   -13.28     0.000
  -35.31   -20.20   -40.90       -35.31   -20.20   -40.90     0.001
   22.26   -15.65   -14.43        22.26   -15.65   -14.43     0.001
   22.40     8.41    51.29        22.40     8.41    51.29     0.002
    1.56    -3.74   -25.90         1.56    -3.74   -25.90     0.002
   -9.41    -3.69    16.68        -9.41    -3.70    16.68     0.003
   15.00    27.09    -1.34        15.00    27.08    -1.34     0.003
  -21.27    11.98   -30.37       -21.27    11.99   -30.37     0.004
   22.44    -3.86   -25.66        22.44    -3.86   -25.66     0.001
   -8.21    -5.65    17.49        -8.21    -5.64    17.49     0.002
   19.85    25.58   -15.51        19.85    25.58   -15.51     0.001
   25.46    14.69    25.39        25.46    14.69    25.39     0.002
  -23.45   -11.31   -49.20       -23.45   -11.32   -49.20     0.004
  -20.90     9.77   -36.47       -20.90     9.77   -36.47     0.002
   18.70     5.93    62.56        18.70     5.93    62.56     0.000
   28.48    10.57   -29.10        28.48    10.57   -29.10     0.001
   14.63    -8.08    14.62        14.63    -8.08    14.62     0.001
  -40.25   -16.40   -32.41       -40.25   -16.40   -32.41     0.000
    7.08    23.45    -0.30         7.08    23.44    -0.30     0.003
   -6.83    -7.16    17.76        -6.83    -7.16    17.76     0.001
   11.51    20.39    59.69        11.51    20.40    59.69     0.003
   -7.09   -26.62   -19.29        -7.09   -26.62   -19.29     0.001
   -8.32    24.52    22.25        -8.32    24.53    22.25     0.002
  -32.16     2.87   -40.48       -32.15     2.86   -40.48     0.003
   -2.29   -22.54   -19.64        -2.29   -22.54   -19.64     0.001
   17.35    -6.18    24.39        17.35    -6.19    24.39     0.004
   -9.56    11.55    11.62        -9.56    11.55    11.62     0.001
  -15.80   -17.84    -6.05       -15.80   -17.84    -6.05     0.003
  -13.08    -7.59     4.17       -13.08    -7.59     4.17     0.000
   15.05    22.56    28.87        15.05    22.55    28.87     0.002
  -40.06   -13.58   -32.10       -40.06   -13.58   -32.10     0.003
  -29.64   -30.86   -23.44       -29.64   -30.86   -23.44     0.002
   -2.51    -5.15    56.54        -2.51    -5.16    56.54     0.003
    8.08    24.14    20.01         8.08    24.13    20.01     0.005
  -14.92     7.66   -15.18       -14.92     7.66   -15.18     0.001
   21.63    -2.36    35.25        21.63    -2.36    35.25     0.006
  -41.60   -11.60   -16.69       -41.60   -11.60   -16.69     0.002
  -19.66   -13.53    -4.94       -19.67   -13.53    -4.94     0.003
   -5.39     0.41    62.71        -5.39     0.41    62.72     0.005
   22.78    -9.35   -23.64        22.78    -9.35   -23.64     0.002
  -39.60   -10.61   -39.35       -39.60   -10.61   -39.35     0.001
  -38.27    -2.60   -14.27       -38.27    -2.60   -14.27     0.000
  -12.94   -23.66   -10.60       -12.94   -23.65   -10.60     0.000
  -30.38   -18.92    -7.81       -30.38   -18.92    -7.81     0.000
  -38.46     3.90   -24.92       -38.46     3.90   -24.92     0.001
   22.53    -9.35     4.05        22.53    -9.35     4.05     0.001
   24.58    10.91   -30.77        24.58    10.91   -30.77     0.001
   14.81    -1.59   -22.18        14.81    -1.59   -22.18     0.002
   -5.30   -20.30   -39.41        -5.30   -20.30   -39.41     0.001
   19.69    14.47    57.54        19.69    14.46    57.54     0.002
  -30.99   -17.93    -7.90       -30.99   -17.93    -7.90     0.001
  -43.57    -5.78   -27.99       -43.56    -5.78   -27.99     0.004
   14.19    -5.76    44.55        14.19    -5.77    44.55     0.002
  -10.44    -8.66   -46.97       -10.44    -8.66   -46.97     0.000
   -6.17   -25.18   -18.16        -6.17   -25.17   -18.16     0.004
   23.82     6.55   -30.31        23.82     6.55   -30.31     0.001
  -42.03   -16.09   -20.03       -42.02   -16.09   -20.03     0.003
   22.20   -10.52     1.65        22.20   -10.52     1.65     0.003
   24.63    16.58    24.94        24.63    16.58    24.94     0.000
    2.03    -7.24    33.65         2.03    -7.23    33.65     0.006
