75, pa4-A-Output.txt
  -35.05     3.35   -37.36       -35.05     3.35   -37.36     0.001
  -19.41   -18.10    -6.44       -19.41   -18.10    -6.44     0.001
  -27.75   -18.69    -7.20       -27.75   -18.69    -7.20     0.000
   25.93     3.16    31.18        25.93     3.16    31.18     0.003
   -3.65    -4.54   -38.69        -3.65    -4.54   -38.69     0.002
   20.64     0.06    51.19        20.63     0.06    51.19     0.003
   15.19    19.22    55.62        15.19    19.22    55.62     0.002
   -9.74   -19.57    -8.48        -9.74   -19.56    -8.48     0.002
   -6.80     3.50    51.88        -6.80     3.50    51.88     0.001
   16.49    18.24    55.47        16.50    18.25    55.47     0.004
    2.60    -5.38   -25.63         2.60    -5.38   -25.63     0.001
   -1.54     8.43   -15.92        -1.54     8.44   -15.92     0.002
   -4.05    -5.71   -40.18        -4.06    -5.71   -40.17     0.005
   22.98     4.22    45.05        22.98     4.22    45.05     0.001
  -11.29    -4.25   -46.23       -11.29    -4.25   -46.23     0.000
  -38.93     0.54   -34.86       -38.93     0.54   -34.86     0.000
   14.80    21.88    38.50        14.80    21.87    38.50     0.004
   14.95   -17.37    -9.22        14.95   -17.36    -9.22     0.003
   13.50    22.08   -27.23        13.50    22.08   -27.23     0.002
   29.33    12.99    17.69        29.33    12.99    17.69     0.003
    3.11   -12.19     5.67         3.11   -12.18     5.67     0.002
   17.01   -10.87   -19.81        17.01   -10.87   -19.81     0.000
   11.33    -6.36    50.64        11.33    -6.36    50.64     0.000
   -1.47    -5.17   -30.03        -1.47    -5.17   -30.03     0.000
    8.07    22.98    27.97         8.07    22.98    27.97     0.000
   15.39    24.84    14.12        15.39    24.84    14.12     0.001
  -23.20   -24.42    -9.22       -23.20   -24.42    -9.22     0.004
   34.99    -5.05   -14.38        34.99    -5.06   -14.38     0.002
  -24.88     3.35   -13.52       -24.88     3.35   -13.53     0.002
   -4.24    13.88     6.35        -4.24    13.88     6.35     0.005
  -21.46     6.55   -15.35       -21.46     6.55   -15.35     0.001
   12.98    27.35     3.57        12.98    27.36     3.57     0.003
  -31.09    -8.32    -7.00       -31.09    -8.31    -7.00     0.002
  -28.54   -31.38   -28.39       -28.54   -31.38   -28.39     0.002
  -12.06    -1.84    11.39       -12.06    -1.84    11.39     0.003
   28.59    20.57    10.06        28.59    20.57    10.06     0.000
   26.20    -7.24     9.20        26.20    -7.24     9.20     0.004
  -14.48     3.21     1.42       -14.48     3.21     1.42     0.002
   -7.96   -26.09   -17.19        -7.96   -26.10   -17.19     0.003
   33.67    14.24   -17.28        33.67    14.24   -17.28     0.001
   -6.99   -20.40   -10.16        -6.99   -20.40   -10.16     0.003
  -32.20     4.64   -14.73       -32.20     4.64   -14.72     0.003
    2.58   -18.01   -11.57         2.58   -18.01   -11.57     0.001
  -13.16    23.34    23.86       -13.16    23.34    23.86     0.004
    1.52    -6.86    53.09         1.52    -6.87    53.09     0.002
   22.22     1.90    46.14        22.22     1.90    46.14     0.001
   11.75    19.15   -19.83        11.75    19.15   -19.83     0.002
    9.97    19.18   -10.84         9.97    19.18   -10.84     0.001
   11.24   -13.71     3.17        11.24   -13.70     3.17     0.003
   -1.91    19.99    40.70        -1.91    19.99    40.70     0.000
    7.75     4.17   -18.14         7.76     4.18   -18.14     0.003
  -34.15   -25.26   -37.15       -34.15   -25.26   -37.15     0.004
   21.63     2.82    52.58        21.64     2.82    52.58     0.002
  -25.84   -26.33   -11.10       -25.84   -26.34   -11.10     0.002
   -9.47   -28.58   -32.41        -9.47   -28.57   -32.41     0.002
   14.30    23.11    25.82        14.30    23.11    25.82     0.001
   22.64   -13.85    -4.30        22.64   -13.86    -4.30     0.004
   -2.86   -18.94   -37.33        -2.86   -18.94   -37.33     0.001
  -14.35   -27.85   -14.99       -14.35   -27.85   -14.99     0.002
   38.14    -0.41     2.89        38.15    -0.41     2.89     0.005
   -7.76    22.64    17.92        -7.75    22.63    17.92     0.001
  -30.98    -8.26    -6.90       -30.98    -8.26    -6.90     0.002
    0.96   -15.13   -27.87         0.96   -15.13   -27.87     0.003
  -28.72   -28.90   -36.61       -28.72   -28.90   -36.61     0.003
   17.96    25.79   -11.39        17.96    25.79   -11.39     0.002
   20.67    21.62    22.60        20.67    21.62    22.60     0.001
    1.04    -9.66   -28.31         1.04    -9.66   -28.31     0.001
  -29.18   -30.19   -19.58       -29.18   -30.19   -19.58     0.001
  -17.91     5.79   -41.72       -17.91     5.79   -41.72     0.001
  -27.52   -30.60   -18.71       -27.52   -30.59   -18.71     0.002
   11.08   -15.30     0.07        11.08   -15.30     0.07     0.001
   14.48    -5.83    39.86        14.48    -5.83    39.86     0.002
   21.38     0.39    47.01        21.38     0.39    47.01     0.001
    9.59     9.28    63.15         9.59     9.28    63.15     0.001
  -39.72   -15.39   -14.46       -39.71   -15.39   -14.46     0.003
