200, pa4-K-Output.txt
    2.03    19.36     4.14         2.05    19.35     4.14     0.015
  -22.00   -18.23    -6.39       -22.00   -18.23    -6.36     0.028
   -1.46   -20.38   -33.53        -1.47   -20.37   -33.52     0.018
  -31.34     0.97   -42.30       -31.36     1.00   -42.35     0.058
   11.03    22.26    40.58        11.08    21.91    40.50     0.354
   18.87     7.27   -26.48        18.85     7.25   -26.50     0.029
   17.85    -5.08    36.27        17.74    -4.84    36.26     0.259
   19.69    21.25   -27.80        19.71    21.26   -27.84     0.043
   23.71    -3.49    24.72        23.73    -3.54    24.73     0.060
  -21.25   -32.63   -29.77       -21.25   -32.70   -29.77     0.065
  -12.49   -14.65    -3.66       -12.51   -14.72    -3.58     0.117
  -29.39   -29.58   -34.49       -29.41   -29.63   -34.51     0.065
  -26.47   -24.53   -43.11       -26.47   -24.50   -43.06     0.052
  -36.92   -25.98   -27.33       -36.89   -25.95   -27.32     0.033
  -34.32     7.66   -25.32       -34.31     7.64   -25.32     0.017
  -37.36     0.66   -15.63       -37.37     0.67   -15.63     0.012
   22.36    13.69    42.68        22.28    13.64    42.66     0.097
  -22.38     4.97   -13.83       -22.39     4.99   -13.80     0.031
   23.75    -1.79    30.95        23.70    -1.74    30.94     0.066
  -33.23   -12.32    -7.35       -33.24   -12.32    -7.34     0.013
   -5.74    -7.96    19.35        -5.69    -7.91    19.34     0.064
  -39.62   -21.23   -18.88       -39.60   -21.22   -18.89     0.031
  -30.95   -27.81   -16.35       -30.94   -27.78   -16.38     0.043
   10.73    22.53    30.93        10.73    22.48    30.93     0.049
  -34.01     4.24   -37.40       -34.00     4.22   -37.38     0.032
   31.80     9.97    15.32        31.80     9.97    15.32     0.000
   35.35    -4.63   -14.03        35.24    -4.58   -14.04     0.113
   30.10    13.70    15.74        30.05    13.67    15.73     0.053
  -22.87   -20.78   -46.49       -22.86   -20.77   -46.48     0.016
    4.55    -0.00    63.34         4.55    -0.00    63.34     0.001
  -35.09    -6.84    -9.13       -35.04    -6.92    -9.26     0.154
   -1.92    16.04    54.69        -1.98    16.12    54.71     0.102
   13.37    27.41     1.19        13.37    27.40     1.20     0.014
   18.85     0.63    62.17        18.80     0.67    62.11     0.096
   34.37    -4.26    -4.83        34.41    -4.30    -4.83     0.052
   25.27    -5.58    14.63        25.27    -5.56    14.63     0.013
   33.14     4.03    14.47        33.18     4.03    14.49     0.045
   -8.42   -28.33   -30.96        -8.52   -28.18   -30.94     0.181
  -35.35    -3.56   -11.29       -35.40    -3.52   -11.19     0.117
   12.50    -2.93   -22.05        12.50    -2.93   -22.05     0.001
    1.25    20.19    42.16         1.24    20.31    42.18     0.119
   19.67    20.09    31.83        19.71    20.13    31.83     0.059
   19.17    -0.70    58.94        19.15    -0.67    58.93     0.035
  -11.57    23.42    30.20       -11.61    23.52    30.23     0.109
   37.61     6.09   -12.70        37.57     6.07   -12.68     0.053
   26.22    -7.17     9.43        26.22    -7.18     9.43     0.009
  -28.87   -15.91   -47.14       -28.87   -15.91   -47.13     0.004
  -39.53     2.42   -22.83       -39.48     2.39   -22.84     0.054
  -28.58   -22.35   -44.15       -28.60   -22.43   -44.24     0.120
   15.51    -7.40    16.51        15.52    -7.48    16.53     0.082
   -3.89     4.02   -25.52        -3.81     4.11   -25.57     0.132
   -3.21     3.10   -25.78        -3.11     3.19   -25.85     0.158
   17.77    -6.96    16.46        17.80    -7.10    16.49     0.151
  -27.47   -29.91   -35.30       -27.48   -29.95   -35.33     0.050
    5.24    -6.90    49.23         5.26    -7.08    49.23     0.176
    5.71    14.33    63.12         5.71    14.33    63.11     0.009
   29.52    -9.99    -5.18        29.46    -9.91    -5.17     0.103
   -3.64    23.71    31.64        -3.67    23.62    31.60     0.097
  -20.25     9.93   -36.35       -20.26     9.87   -36.31     0.074
   16.11    -9.59   -20.90        16.11    -9.60   -20.91     0.015
   25.89    -7.11     9.21        25.89    -7.25     9.24     0.144
    4.43    -7.28    59.33         4.42    -7.40    59.33     0.128
  -21.65    -4.30   -47.88       -21.63    -4.33   -47.81     0.082
   10.27    20.06    60.64        10.35    19.91    60.52     0.209
   24.06    -4.69    19.17        24.13    -4.81    19.21     0.149
   18.11    22.85    22.66        18.07    22.71    22.65     0.152
   13.08    22.45    33.70        13.08    22.39    33.69     0.063
  -40.99   -13.54   -16.06       -41.01   -13.54   -16.05     0.015
   -3.75   -12.64     2.12        -3.75   -12.61     2.11     0.039
   -0.54   -14.92   -35.07        -0.50   -14.91   -35.08     0.033
   29.70    12.70    17.30        29.65    12.69    17.27     0.059
   24.38     7.00    39.19        24.32     7.00    39.18     0.058
   14.31    -7.82    15.68        14.31    -7.85    15.69     0.028
   31.26    19.34     6.80        31.24    19.33     6.80     0.020
   17.49    -1.27   -22.56        17.50    -1.27   -22.54     0.027
   35.96    -1.10    10.37        35.99    -1.11    10.39     0.038
   -1.58    18.08    46.31        -1.64    18.21    46.31     0.144
   -0.11    -5.50    63.50        -0.11    -5.50    63.49     0.018
   28.60    22.03    -6.02        28.59    22.02    -6.02     0.006
   20.63    14.37    50.82        20.60    14.35    50.81     0.037
    6.07    21.84    34.64         6.08    21.68    34.62     0.167
   40.28     2.75    -4.13        40.30     2.74    -4.13     0.017
  -12.26   -27.44   -38.42       -12.25   -27.46   -38.43     0.023
   14.53     9.41   -17.08        14.58     9.40   -17.05     0.064
    3.56     8.19    63.43         3.56     8.19    63.42     0.015
   32.19     2.71    15.79        32.24     2.71    15.83     0.059
   21.91    -7.23    11.73        21.91    -7.24    11.73     0.009
   30.63     8.14   -27.85        30.71     8.15   -27.92     0.105
  -36.26     0.97   -14.29       -36.23     0.95   -14.32     0.046
   -3.12     9.05   -11.37        -3.12     9.04   -11.37     0.006
    8.83   -13.43   -19.02         8.84   -13.45   -19.04     0.019
   21.25    25.47   -12.47        21.25    25.44   -12.47     0.030
  -21.82    -6.42    -4.57       -21.86    -6.40    -4.53     0.062
   -3.62    -3.97    57.82        -3.57    -3.93    57.82     0.066
   27.04    -4.40    16.18        27.03    -4.38    16.18     0.018
  -14.86    19.91    21.58       -14.96    19.96    21.54     0.124
   -4.13    19.71    12.29        -4.10    19.67    12.36     0.088
   26.23    23.75     1.38        26.17    23.63     1.37     0.135
   -1.61    -3.78   -29.47        -1.61    -3.78   -29.47     0.000
  -34.49     4.28   -36.94       -34.47     4.26   -36.92     0.036
    3.83    -7.28    52.09         3.86    -7.07    52.11     0.213
   -6.95   -25.87   -34.64        -6.97   -25.86   -34.63     0.017
   10.81    -7.99    19.19        10.80    -7.82    19.14     0.185
   -7.06    -6.49    20.90        -7.00    -6.44    20.89     0.086
   18.87   -16.56   -13.82        18.86   -16.61   -13.83     0.057
  -26.91    10.85   -29.08       -26.95    10.96   -29.11     0.118
    6.67     8.87    63.28         6.66     8.87    63.24     0.045
  -14.49    20.36    20.89       -14.46    20.34    20.91     0.040
   30.17    17.68   -21.38        30.21    17.71   -21.41     0.064
    6.59    -6.76    38.25         6.60    -6.86    38.25     0.100
   10.39   -12.88   -19.01        10.36   -12.80   -18.94     0.118
   19.95   -11.06     2.43        19.94   -11.04     2.42     0.023
  -32.08   -29.36   -23.62       -32.16   -29.48   -23.60     0.149
    1.12   -18.73   -18.98         1.19   -18.84   -19.00     0.130
    5.13    -7.42   -24.22         5.14    -7.42   -24.23     0.009
   -6.19    -7.43   -43.32        -6.20    -7.43   -43.30     0.023
   35.29     9.46   -18.53        35.35     9.49   -18.55     0.074
   -7.64     3.28    30.73        -7.71     3.27    30.75     0.072
    0.31    17.41    58.68         0.33    17.38    58.68     0.039
  -13.30    12.14    31.42       -13.32    12.11    31.44     0.043
   19.90    13.92    59.24        19.87    13.90    59.23     0.037
   26.00    -4.90    16.51        25.96    -4.83    16.48     0.083
   -1.99     5.15   -22.41        -1.99     5.14   -22.40     0.015
  -16.11    10.02   -35.78       -16.11    10.03   -35.78     0.017
   -1.27   -21.38   -19.07        -1.31   -21.34   -19.08     0.059
  -41.34   -12.92   -16.22       -41.27   -12.90   -16.25     0.082
  -10.18     9.55   -22.86       -10.25     9.45   -22.84     0.122
   10.98   -13.20     4.37        10.98   -13.22     4.38     0.029
   11.00    21.54    42.83        10.99    21.58    42.83     0.041
  -36.19    -7.84   -43.58       -36.16    -7.85   -43.54     0.055
    4.59    20.29    45.77         4.63    20.08    45.75     0.217
  -21.55   -13.28    -5.15       -21.54   -13.26    -5.19     0.056
  -42.23   -12.43   -18.15       -42.28   -12.43   -18.14     0.054
   15.17     0.87   -21.49        15.19     0.86   -21.44     0.053
   25.50    23.75     2.32        25.55    23.84     2.33     0.106
   -5.71    -7.92    18.67        -5.74    -7.95    18.68     0.046
  -19.87   -14.46   -48.71       -19.87   -14.48   -48.77     0.067
   37.33    12.59     6.69        37.21    12.53     6.64     0.146
  -18.76   -24.01   -44.42       -18.78   -23.97   -44.38     0.057
   18.98    16.58    49.89        19.10    16.68    49.90     0.145
   -6.94     8.08    46.47        -6.79     8.06    46.46     0.155
   20.97     2.52    55.74        21.08     2.50    55.75     0.112
   38.34    -0.41     4.07        38.26    -0.39     4.08     0.083
  -16.46    11.13   -32.19       -16.44    11.18   -32.20     0.051
  -27.60    -0.72   -45.57       -27.59    -0.73   -45.55     0.023
  -28.85     5.66   -39.71       -28.87     5.71   -39.74     0.055
  -29.54   -10.38   -47.60       -29.53   -10.38   -47.55     0.051
  -43.85    -7.52   -25.87       -43.93    -7.50   -25.89     0.087
    8.83    26.05     7.44         8.86    25.97     7.43     0.084
   14.66    20.66    50.17        14.75    20.78    50.20     0.157
   29.52    19.26    10.84        29.52    19.26    10.83     0.001
    1.52     8.53   -14.99         1.52     8.59   -15.01     0.066
  -29.69    -6.09    -8.32       -29.69    -6.13    -8.41     0.095
   19.73    22.28    19.56        19.80    22.48    19.61     0.224
    6.85    21.74    34.49         6.84    21.76    34.50     0.017
   -3.32     1.63   -27.87        -3.36     1.60   -27.83     0.058
  -12.63    -4.38     7.49       -12.75    -4.44     7.54     0.142
   -5.28    11.47    57.83        -5.49    11.57    57.82     0.236
  -24.23   -10.66   -49.36       -24.21   -10.64   -49.31     0.054
    0.16    19.69    43.97         0.16    19.69    43.97     0.002
   23.58     2.52    41.80        23.34     2.61    41.76     0.255
  -17.38    -7.84   -48.34       -17.38    -7.85   -48.32     0.021
   25.42    13.61   -29.08        25.39    13.57   -29.02     0.079
    2.62    -6.81    43.24         2.62    -6.88    43.25     0.077
    6.25    -6.27    63.09         6.23    -6.30    63.16     0.075
  -12.41    10.53    28.71       -12.43    10.50    28.72     0.044
  -11.62   -19.94   -44.96       -11.62   -19.87   -44.97     0.062
  -12.28    10.58    18.64       -12.24    10.59    18.65     0.037
   17.90    26.35    -8.08        17.90    26.31    -8.08     0.039
   36.81    -0.73     9.11        36.88    -0.76     9.15     0.088
  -24.71   -32.53   -22.67       -24.70   -32.38   -22.70     0.154
   -1.34    17.26    49.31        -1.33    17.25    49.30     0.008
   35.01    14.18     8.47        34.98    14.15     8.45     0.043
   32.10     5.06   -25.80        32.14     5.06   -25.83     0.049
   -0.41   -11.69     7.59        -0.39   -11.56     7.57     0.139
  -39.14   -20.63   -34.18       -39.17   -20.64   -34.20     0.040
   10.48    23.81    22.37        10.48    23.82    22.37     0.011
   -7.57   -28.04   -24.10        -7.58   -28.03   -24.11     0.019
  -13.78     4.36    -1.13       -13.78     4.37    -1.13     0.009
  -32.32   -28.39   -33.93       -32.28   -28.31   -33.90     0.098
    4.04    20.56    42.60         4.07    20.39    42.57     0.177
   -9.19     6.06    27.78        -9.26     6.03    27.80     0.071
  -37.96    -0.52   -38.23       -37.92    -0.54   -38.20     0.048
  -32.06   -22.28   -10.44       -32.05   -22.27   -10.46     0.018
   11.82   -16.77    -4.94        11.80   -16.81    -4.93     0.046
   17.28   -12.70   -18.42        17.29   -12.68   -18.41     0.022
  -37.93     4.22   -28.01       -38.00     4.28   -28.02     0.089
  -38.65   -19.45   -15.67       -38.70   -19.48   -15.64     0.070
  -39.46    -0.64   -35.36       -39.49    -0.62   -35.38     0.038
   -4.41    18.23    42.26        -4.48    18.35    42.30     0.145
    3.77    18.54    61.64         3.73    18.65    61.64     0.119
   17.46    26.75     4.52        17.43    26.64     4.51     0.107
   25.78    -7.00    10.20        25.78    -6.99    10.20     0.010
   16.08    -6.19    25.29        16.09    -6.30    25.30     0.103
   -1.45   -21.92   -23.96        -1.35   -21.99   -23.95     0.125
   -8.10   -12.15     1.56        -8.10   -12.14     1.55     0.012
  -11.66   -29.57   -33.94       -11.70   -29.48   -33.92     0.101
   24.10    21.84    14.25        24.12    21.86    14.26     0.030
   14.55   -12.24   -18.43        14.55   -12.27   -18.47     0.047
   17.59    26.32     5.56        17.63    26.49     5.57     0.177
