200, pa4-E-Output.txt
   -9.88    22.45    18.29        -9.85    22.38    18.34     0.083
  -11.84     2.93    14.73       -11.87     2.93    14.74     0.030
  -10.09    24.49    28.28       -10.13    24.60    28.31     0.120
    0.04   -19.16   -27.59         0.09   -19.18   -27.60     0.055
   28.72    -9.50     0.98        28.71    -9.47     0.97     0.039
  -39.78   -22.48   -28.27       -39.73   -22.45   -28.27     0.055
   20.02   -11.92   -20.81        20.11   -11.85   -20.73     0.136
    0.94    19.98     6.24         1.01    19.91     6.28     0.102
   12.00    22.06    35.91        12.01    22.02    35.91     0.048
   22.14    10.64    50.54        22.16    10.65    50.54     0.023
   32.84     9.66   -24.73        32.70     9.62   -24.67     0.157
  -16.62   -31.63   -32.12       -16.61   -31.66   -32.13     0.029
    6.13    18.14    -4.73         6.09    18.15    -4.75     0.047
   -3.59   -20.14   -11.65        -3.63   -20.07   -11.70     0.090
    2.52    19.82    44.34         2.52    19.84    44.34     0.022
   -2.76    19.70    11.15        -2.79    19.73    11.13     0.040
   -3.48    19.43    11.48        -3.43    19.39    11.52     0.071
    2.45    20.82     5.14         2.48    20.79     5.17     0.049
   14.02    13.41   -17.13        14.12    13.47   -17.12     0.116
   -6.84     5.86    56.87        -7.12     5.87    56.88     0.285
  -16.19    -9.80    -0.75       -16.15    -9.77    -0.79     0.063
  -32.22   -23.60   -41.17       -32.17   -23.53   -41.10     0.109
   16.63    -6.14    25.22        16.64    -6.22    25.23     0.081
  -13.81   -11.24    -0.82       -13.87   -11.33    -0.75     0.130
  -10.30    16.76    15.24       -10.27    16.75    15.27     0.045
   -5.77   -24.65   -34.87        -5.79   -24.64   -34.86     0.019
   -2.01    15.37    60.04        -2.14    15.55    60.07     0.216
    6.19    20.00    -3.92         6.22    19.99    -3.91     0.028
   33.78    17.11     4.47        33.78    17.11     4.47     0.000
  -18.48    -4.45   -47.80       -18.49    -4.46   -47.79     0.016
  -16.32    15.65    21.93       -16.34    15.65    21.93     0.016
    5.85    19.90    -3.59         6.00    19.83    -3.53     0.175
   26.98    -3.39    19.03        26.96    -3.37    19.02     0.031
   12.52   -15.21   -13.79        12.52   -15.23   -13.80     0.014
   23.76     3.07    40.52        23.71     3.08    40.51     0.050
  -37.36    -0.12   -38.78       -37.30    -0.17   -38.74     0.086
    2.31    19.38    47.06         2.30    19.43    47.07     0.049
  -42.10   -17.95   -28.01       -42.20   -18.00   -28.00     0.113
   -5.57    11.10    51.21        -5.81    11.19    51.20     0.255
   20.89    18.86    33.64        20.81    18.82    33.62     0.091
    3.11    -3.09   -24.53         3.09    -3.12   -24.49     0.052
   31.99    -7.16     4.28        31.96    -7.13     4.28     0.038
   -8.71   -15.44   -44.47        -8.66   -15.47   -44.53     0.083
   33.63    12.83   -20.44        33.61    12.82   -20.43     0.036
  -40.18    -6.33   -14.62       -40.21    -6.32   -14.61     0.027
  -18.11   -21.43    -7.90       -18.11   -21.45    -7.88     0.028
   -6.80     7.82    52.41        -6.74     7.81    52.41     0.064
   -2.86    24.22    20.98        -2.86    24.12    20.98     0.107
   -0.25   -12.33   -33.71        -0.32   -12.36   -33.69     0.076
   -1.80   -10.30   -37.04        -1.80   -10.30   -37.04     0.004
   29.79    -7.30     8.02        29.75    -7.10     7.95     0.217
   30.97     0.20    16.70        30.95     0.20    16.69     0.023
   -7.72    -6.37    16.84        -7.81    -6.47    16.86     0.133
   16.34    20.83    42.85        16.36    20.87    42.85     0.038
    3.72    14.25    63.06         3.72    14.25    63.14     0.085
  -19.93   -14.86   -48.77       -19.94   -14.83   -48.67     0.101
   12.84    24.65    -9.49        12.82    24.68    -9.51     0.042
   13.50    22.21    45.79        13.54    22.08    45.77     0.135
   -8.64   -23.45   -12.96        -8.60   -23.50   -12.91     0.082
  -18.87   -23.02    -8.75       -18.87   -23.02    -8.76     0.009
    7.79    24.67    16.34         7.79    24.64    16.34     0.032
  -28.86   -27.34   -39.03       -28.88   -27.37   -39.05     0.039
  -24.00    10.60   -33.18       -24.03    10.75   -33.23     0.161
   22.67   -15.06   -16.25        22.68   -15.07   -16.26     0.010
    9.12    14.36    -9.60         9.11    14.36    -9.61     0.003
   10.88    -6.19    38.77        10.89    -6.33    38.76     0.141
   16.47    -3.38    59.15        16.62    -3.53    59.16     0.219
   -4.38    -5.87    31.28        -4.43    -5.94    31.30     0.090
   28.54    21.22     8.09        28.59    21.28     8.11     0.082
    8.48    16.66    63.10         8.47    16.66    63.22     0.119
    3.43     4.26   -19.74         3.49     4.35   -19.85     0.154
    9.80     7.14   -15.40         9.79     7.10   -15.33     0.079
   29.04    21.37    -2.72        29.19    21.55    -2.73     0.236
   28.94    -4.93   -26.14        28.94    -4.93   -26.09     0.053
   17.87    23.92    16.01        17.89    23.97    16.02     0.056
   -4.11    14.26    57.18        -3.96    14.14    57.17     0.187
  -43.50   -14.23   -24.70       -43.46   -14.22   -24.70     0.035
   16.46    -9.26   -21.31        16.46    -9.21   -21.26     0.070
   33.89    16.85     4.72        33.94    16.90     4.73     0.074
  -14.37     4.00    -3.62       -14.35     3.97    -3.62     0.037
   26.37    23.74    -1.33        26.38    23.77    -1.33     0.031
   19.45    -6.34    19.76        19.44    -6.28    19.75     0.063
   -6.58    -5.31   -43.01        -6.62    -5.34   -42.97     0.062
    2.00    -1.02    63.30         2.00    -1.02    63.35     0.056
   18.89    16.76    49.39        19.01    16.86    49.41     0.163
    8.06    -2.16   -22.40         8.06    -2.16   -22.37     0.030
   33.29    10.17    12.72        33.33    10.17    12.75     0.050
   12.27    23.48   -11.67        12.27    23.48   -11.67     0.004
   10.47    15.94    63.13        10.47    15.94    63.15     0.028
  -14.72    12.90    30.37       -14.72    12.90    30.37     0.001
  -32.54    -2.37   -10.08       -32.52    -2.27   -10.05     0.103
   34.46    -5.97   -15.89        34.38    -5.92   -15.87     0.094
   -3.23   -24.48   -22.99        -3.22   -24.49   -22.98     0.014
   20.79    14.21    50.44        20.76    14.19    50.44     0.036
  -16.79   -30.84   -19.16       -16.77   -30.89   -19.14     0.047
   -1.83    15.48     4.51        -1.82    15.48     4.52     0.004
    2.88    -8.90    22.46         2.87    -8.83    22.44     0.072
   19.63    25.48   -14.88        19.62    25.61   -14.89     0.130
  -28.47     9.39   -32.69       -28.43     9.33   -32.67     0.071
   10.96    -6.53    32.65        10.95    -6.46    32.65     0.072
   -4.40   -21.18   -12.94        -4.44   -21.11   -12.97     0.080
   21.03    18.27    33.86        21.05    18.29    33.87     0.030
   25.99    10.65    29.31        25.99    10.66    29.31     0.005
  -10.60     3.65   -40.31       -10.61     3.64   -40.30     0.013
  -11.32     0.05    14.06       -11.38     0.03    14.08     0.067
  -40.16   -15.71   -32.95       -40.07   -15.70   -32.90     0.105
  -16.39    -9.92   -48.61       -16.39    -9.92   -48.63     0.024
  -27.06    11.32   -24.10       -27.05    11.29   -24.10     0.030
  -35.10     0.31   -12.83       -35.12     0.32   -12.81     0.022
   24.49    -3.79    22.48        24.46    -3.74    22.46     0.067
   15.27    -4.84    52.34        15.29    -4.89    52.35     0.054
   34.57    -0.72    12.22        34.61    -0.73    12.25     0.051
    5.08    -7.10    52.89         5.09    -7.25    52.87     0.154
   -6.47     8.98    51.35        -6.49     8.98    51.35     0.029
  -25.72     6.20   -40.53       -25.71     6.19   -40.52     0.017
  -33.88   -20.89   -41.85       -33.87   -20.88   -41.83     0.031
   30.86     0.85    17.38        30.76     0.88    17.31     0.131
   12.04    25.90    11.38        12.04    25.89    11.38     0.011
    6.17     0.71    63.32         6.17     0.71    63.36     0.035
    1.03    24.24    18.70         1.07    24.00    18.70     0.244
   23.15    12.78    39.34        23.21    12.80    39.35     0.065
  -26.41   -29.38   -15.92       -26.41   -29.38   -15.92     0.007
  -14.51    10.73   -30.01       -14.53    10.70   -30.00     0.035
  -37.34   -25.02   -29.52       -37.40   -25.09   -29.53     0.091
  -12.20    10.30   -23.00       -12.18    10.34   -22.99     0.047
   -7.84   -12.01   -45.02        -7.85   -12.01   -45.00     0.019
  -13.80   -18.50   -46.02       -13.77   -18.54   -46.09     0.085
    4.24   -13.06   -23.70         4.17   -13.02   -23.64     0.100
   -0.91    24.01    21.80        -0.91    24.09    21.80     0.080
  -31.18     4.72   -39.74       -31.11     4.64   -39.65     0.138
  -37.69     1.74   -35.62       -37.74     1.79   -35.64     0.064
  -30.57     6.14   -38.16       -30.56     6.11   -38.15     0.033
  -11.89   -25.54   -40.73       -11.91   -25.52   -40.71     0.034
   19.86    14.05    59.57        19.76    13.98    59.55     0.132
   -8.80    -6.53    12.65        -8.88    -6.60    12.68     0.107
   15.77    24.75    14.39        15.76    24.73    14.38     0.029
   -5.02    19.59    12.93        -5.06    19.63    12.87     0.082
   23.99    24.43     1.20        24.11    24.66     1.23     0.267
  -25.41   -17.22   -47.54       -25.40   -17.21   -47.50     0.040
   -6.90   -12.49     0.97        -6.92   -12.60     1.03     0.128
    2.93    -5.62    63.38         2.93    -5.62    63.47     0.084
   31.28     3.35    17.08        31.36     3.35    17.13     0.095
   -7.91    -5.86    17.51        -7.99    -5.93    17.54     0.111
   21.88     2.60    50.86        21.84     2.62    50.85     0.048
   33.10     6.60    14.09        33.18     6.62    14.14     0.095
   25.05    24.18    -7.73        25.02    24.11    -7.72     0.076
   -8.18     5.83    30.41        -8.27     5.81    30.42     0.094
   36.30    14.38     4.63        36.31    14.39     4.63     0.017
    1.64    -6.96    35.55         1.63    -7.07    35.55     0.110
   11.05   -15.78    -0.90        11.07   -15.63    -0.93     0.156
   22.31    -3.29    28.33        22.38    -3.39    28.36     0.123
    1.74    -6.83    38.74         1.73    -6.89    38.75     0.064
  -13.87     5.15    -8.25       -13.92     5.24    -8.24     0.109
   27.30     4.62    27.27        27.16     4.63    27.23     0.143
    6.19    -9.94    15.33         6.16    -9.82    15.30     0.119
   20.01    17.25    41.96        20.06    17.28    41.97     0.056
  -43.92    -9.83   -23.82       -44.00    -9.84   -23.79     0.081
   37.88     5.57   -12.23        37.97     5.61   -12.27     0.108
  -28.81   -30.94   -22.82       -28.88   -31.10   -22.78     0.184
   14.40    -5.85    39.13        14.38    -5.79    39.13     0.069
    1.95    -4.56   -25.92         1.92    -4.58   -25.88     0.047
   -1.73   -10.72    12.63        -1.74   -10.76    12.64     0.041
  -26.95   -14.76   -47.77       -26.95   -14.74   -47.70     0.067
  -12.72   -30.41   -32.68       -12.76   -30.31   -32.66     0.105
   -8.72    -5.37    14.97        -8.85    -5.44    15.01     0.157
   19.24   -11.26   -20.58        19.33   -11.17   -20.49     0.160
   20.61    24.10    11.03        20.65    24.21    11.05     0.113
   -2.37   -15.52   -38.25        -2.31   -15.52   -38.29     0.073
   -4.19    -3.66    41.23        -4.29    -3.73    41.22     0.117
   -9.04    -1.04   -42.53        -9.01    -1.03   -42.57     0.045
   33.85    -0.38    13.04        33.90    -0.39    13.08     0.068
   29.42     3.60    20.69        29.40     3.60    20.68     0.018
  -31.28   -29.40   -20.21       -31.27   -29.38   -20.21     0.028
   -5.77    -0.16    48.80        -5.89    -0.20    48.81     0.120
    9.21    19.57    -9.41         9.17    19.59    -9.43     0.055
   36.78    12.14   -10.18        36.72    12.12   -10.16     0.066
   15.30   -11.71     5.30        15.30   -11.68     5.28     0.030
   -1.09    -5.96    46.12        -1.04    -5.85    46.11     0.123
   -4.35    17.93    44.24        -4.26    17.76    44.17     0.202
  -15.74   -11.27    -1.89       -15.68   -11.16    -1.98     0.155
  -39.16   -22.82   -30.14       -39.15   -22.81   -30.13     0.013
  -18.78   -23.77   -44.53       -18.77   -23.79   -44.55     0.032
   12.05    18.42   -17.96        12.04    18.42   -17.96     0.011
   39.11     1.81     6.04        39.14     1.80     6.05     0.035
   20.92    -5.67   -24.42        20.92    -5.67   -24.42     0.006
  -42.45    -4.24   -18.64       -42.33    -4.28   -18.66     0.122
    5.83    23.48     3.96         5.75    23.61     3.91     0.161
  -15.85   -28.03   -14.40       -15.84   -28.07   -14.38     0.048
    8.77   -12.86   -20.10         8.71   -12.76   -20.02     0.138
   -0.64   -19.87   -30.66        -0.65   -19.87   -30.66     0.008
   25.13    21.52    13.37        25.14    21.53    13.38     0.018
   -5.16   -17.68    -7.62        -5.16   -17.70    -7.61     0.016
    7.56   -13.38     3.15         7.56   -13.37     3.15     0.014
  -22.61   -12.85    -5.44       -22.64   -12.91    -5.34     0.124
  -43.91    -6.69   -25.21       -43.90    -6.69   -25.21     0.015
    1.02    -5.88   -27.26         1.05    -5.86   -27.28     0.044
   -5.96    -8.30    17.05        -5.92    -8.25    17.03     0.061
  -34.97   -19.14   -10.95       -34.99   -19.16   -10.92     0.045
   11.12    18.98   -13.43        11.20    19.01   -13.41     0.086
  -18.59    -4.09   -47.63       -18.58    -4.08   -47.64     0.019
