200, pa4-J-Output.txt
  -12.08     5.34     7.98       -12.07     5.34     7.98     0.007
   -1.64    -9.67   -36.34        -1.62    -9.67   -36.35     0.017
    4.90    -7.65    55.95         4.92    -7.42    55.95     0.239
  -31.39   -11.08    -6.71       -31.43   -11.08    -6.66     0.068
   21.10    20.63    25.64        21.13    20.68    25.65     0.059
  -31.91     8.61   -29.96       -31.99     8.74   -29.98     0.154
   21.47     2.52    52.49        21.52     2.50    52.50     0.058
   -1.58    18.45    45.40        -1.58    18.47    45.41     0.022
    3.72    14.00    -5.76         3.77    13.94    -5.70     0.098
    7.49    21.62    -4.98         7.52    21.59    -4.96     0.043
  -37.48     0.85   -16.01       -37.48     0.85   -16.01     0.000
   14.01    21.23   -29.35        14.00    21.24   -29.36     0.015
   -8.61   -28.24   -30.48        -8.58   -28.29   -30.49     0.065
  -19.11   -19.00   -47.25       -19.10   -19.01   -47.28     0.033
   39.38     7.73     4.40        39.39     7.73     4.40     0.017
  -10.40   -28.29   -17.94       -10.42   -28.26   -17.95     0.043
  -34.91     2.72   -38.16       -34.94     2.76   -38.19     0.065
  -18.83     5.65   -13.67       -18.86     5.71   -13.61     0.090
  -14.53    21.88    27.80       -14.51    21.86    27.79     0.027
  -27.43    11.21   -24.41       -27.42    11.18   -24.41     0.030
  -11.39   -20.01   -44.84       -11.39   -19.86   -44.86     0.150
    2.23    -6.62    51.17         2.21    -6.83    51.17     0.210
    9.43    -4.08   -22.08         9.43    -4.08   -22.07     0.009
    6.20    20.36    45.62         6.20    20.36    45.62     0.001
  -15.92    15.58    30.24       -16.00    15.57    30.27     0.082
  -21.89     5.00   -42.31       -21.89     5.00   -42.32     0.004
   10.75    26.61     7.03        10.79    26.43     7.02     0.188
    5.68    18.96    -3.29         5.64    18.97    -3.31     0.042
  -10.74   -26.50   -15.17       -10.76   -26.46   -15.22     0.063
   11.48    26.80     4.63        11.50    26.76     4.62     0.045
   -2.51    18.47    44.72        -2.51    18.47    44.72     0.000
  -11.44    -4.73   -46.50       -11.38    -4.69   -46.57     0.097
   -6.81     2.71    38.66        -6.73     2.72    38.66     0.078
   21.22     0.37    49.03        21.14     0.41    49.01     0.093
   21.17    -6.21    18.11        21.12    -6.06    18.10     0.159
   36.61     7.43   -15.32        36.67     7.44   -15.33     0.054
   10.97    20.76    55.71        10.97    20.69    55.71     0.066
   26.52    14.37    23.85        26.26    14.24    23.76     0.301
  -24.62    -4.35   -47.28       -24.63    -4.37   -47.25     0.045
   -2.11    12.43    62.69        -2.12    12.44    62.73     0.041
   28.41     5.36    23.41        28.46     5.35    23.43     0.055
  -30.13     4.55   -40.28       -30.13     4.54   -40.27     0.015
  -36.51     5.79   -25.77       -36.54     5.83   -25.76     0.051
  -11.19    24.00    21.97       -11.18    23.95    21.99     0.056
  -17.76   -16.66   -47.89       -17.79   -16.58   -47.71     0.198
   -8.60    21.14    16.51        -8.64    21.20    16.44     0.099
  -31.55   -20.46   -43.92       -31.57   -20.48   -43.95     0.049
   28.48    -9.73   -21.29        28.50    -9.76   -21.31     0.043
   32.72     4.70   -24.65        32.77     4.70   -24.68     0.054
   34.27    -5.21     5.15        34.26    -5.21     5.15     0.008
   -7.84    11.07    39.29        -7.77    11.08    39.28     0.069
  -34.76     6.53   -31.45       -34.72     6.48   -31.43     0.071
  -10.02    22.31    34.20       -10.01    22.28    34.17     0.048
  -39.94    -8.10   -38.66       -39.90    -8.10   -38.65     0.039
  -34.01   -20.44   -10.66       -33.95   -20.38   -10.73     0.113
  -29.33   -30.58   -31.69       -29.33   -30.60   -31.70     0.017
   14.31   -13.76   -17.04        14.34   -13.63   -16.93     0.174
  -43.14   -16.17   -26.51       -43.10   -16.15   -26.51     0.048
   20.95    -2.00    42.20        20.84    -1.87    42.18     0.171
    1.01   -13.02     1.28         1.01   -12.90     1.25     0.114
   -7.95   -26.12   -17.60        -7.84   -26.22   -17.53     0.155
   -7.79   -25.91   -17.14        -7.80   -25.89   -17.15     0.025
  -37.52   -21.87   -36.33       -37.51   -21.86   -36.32     0.013
   11.33    25.82    -3.71        11.36    25.77    -3.71     0.066
  -13.60     3.51     3.87       -13.48     3.44     3.82     0.150
  -22.92   -31.19   -18.54       -22.94   -31.27   -18.50     0.087
  -28.38     0.30   -12.44       -28.39     0.32   -12.38     0.063
   19.23   -12.76     0.03        19.21   -12.72     0.00     0.054
   33.59    -5.27    -3.38        33.62    -5.29    -3.38     0.036
   -0.07   -17.13   -32.03        -0.07   -17.13   -32.03     0.005
  -18.92    11.49   -32.37       -18.91    11.56   -32.39     0.071
   24.54    15.38    27.76        24.44    15.32    27.74     0.118
    3.30    11.64    -8.48         3.29    11.67    -8.49     0.034
   -6.07    -8.98    12.78        -6.09    -9.00    12.79     0.032
  -15.20    -0.39     4.23       -15.19    -0.39     4.23     0.013
  -13.18   -30.28   -20.63       -13.16   -30.31   -20.63     0.033
  -27.91   -28.41   -14.85       -27.93   -28.47   -14.83     0.069
  -33.46    -1.93    -9.93       -33.50    -2.13    -9.99     0.210
  -43.50    -6.66   -22.42       -43.58    -6.66   -22.41     0.079
   33.29    -5.97     5.85        33.35    -6.03     5.85     0.082
   10.59    22.52    31.39        10.59    22.43    31.38     0.082
  -21.72   -12.74    -4.88       -21.70   -12.70    -4.95     0.074
  -10.26     8.59     7.80       -10.20     8.54     7.82     0.076
   -5.91     1.76   -32.70        -5.76     1.82   -32.69     0.159
   -3.51   -21.65   -15.23        -3.54   -21.62   -15.25     0.051
   -4.50    -1.39   -37.13        -4.51    -1.39   -37.13     0.004
   29.97    19.22   -19.63        30.05    19.26   -19.66     0.096
   10.49    24.34    18.71        10.50    24.39    18.72     0.049
   16.07   -10.88   -19.72        16.07   -10.85   -19.69     0.050
   13.19     5.02    63.01        13.19     5.02    62.99     0.014
  -21.63   -26.77   -41.91       -21.60   -26.63   -41.79     0.193
  -26.08   -31.92   -30.87       -26.08   -31.94   -30.87     0.024
   21.62   -13.65    -3.43        21.64   -13.68    -3.40     0.053
   -9.56   -11.06   -46.65        -9.57   -11.06   -46.64     0.018
   30.98    -7.67     6.41        30.89    -7.51     6.33     0.198
  -21.21   -32.41   -24.20       -21.20   -32.60   -24.19     0.188
   -7.91   -13.59    -0.90        -7.90   -13.56    -0.92     0.043
   23.46    20.53    18.62        23.53    20.60    18.65     0.103
   -2.73    -0.39   -28.37        -2.72    -0.38   -28.38     0.019
  -40.03   -17.27   -34.65       -39.95   -17.29   -34.65     0.079
    7.61    21.71    34.83         7.61    21.76    34.84     0.049
   20.47    14.22    51.86        20.51    14.24    51.87     0.048
   26.80    10.03   -30.14        26.80    10.01   -30.08     0.061
   -2.05    16.10     6.45        -2.13    16.17     6.41     0.115
   -5.23    -1.69    53.62        -5.25    -1.71    53.62     0.021
    3.39    -7.24    34.21         3.39    -7.21    34.21     0.029
   -5.10   -26.63   -27.17        -5.17   -26.53   -27.15     0.116
   11.82    25.46    12.86        11.82    25.43    12.86     0.029
  -13.79    22.82    25.80       -13.87    22.90    25.79     0.107
  -20.41    12.24   -25.51       -20.41    12.15   -25.52     0.090
   -6.70    11.16    44.52        -6.64    11.15    44.51     0.058
   -0.27   -19.99   -15.65        -0.32   -19.89   -15.67     0.120
  -39.32     1.88   -21.35       -39.34     1.90   -21.35     0.021
   16.91    -4.59    42.57        17.03    -4.79    42.59     0.240
   -9.60    -3.42    16.18        -9.64    -3.44    16.19     0.040
   16.54    24.85   -16.31        16.46    25.00   -16.32     0.172
   14.89    22.94    25.73        14.91    23.04    25.74     0.103
  -29.00   -12.51   -47.64       -28.97   -12.50   -47.57     0.073
  -39.47   -11.13   -13.05       -39.45   -11.13   -13.07     0.025
   21.68     8.61    56.83        21.71     8.61    56.83     0.027
    4.62   -12.79   -23.28         4.61   -12.78   -23.27     0.021
   33.38    -5.58    -6.83        33.33    -5.52    -6.83     0.069
   17.36    -5.48    30.11        17.43    -5.68    30.11     0.216
   -9.34     1.08    21.54        -9.46     1.06    21.56     0.123
   -6.37   -23.80   -37.12        -6.36   -23.81   -37.13     0.017
   34.23    -5.35     5.15        34.17    -5.29     5.14     0.077
   26.77    -5.96    12.56        26.77    -5.99    12.57     0.030
   -3.39   -10.72     8.12        -3.42   -10.86     8.15     0.145
   21.54     8.78    57.97        21.55     8.78    57.98     0.007
   20.67    -4.83    26.81        20.67    -4.83    26.81     0.001
    6.13     1.90   -20.55         6.14     1.92   -20.58     0.045
    1.13   -10.76   -28.30         1.17   -10.76   -28.32     0.043
   20.40     3.75   -27.00        20.53     3.82   -26.93     0.163
   -0.89    14.75     1.79        -0.91    14.76     1.78     0.021
   31.88    -6.98     4.35        31.99    -7.11     4.34     0.169
   -0.21   -14.00    -1.37        -0.21   -13.92    -1.40     0.080
   -6.41     7.30   -20.75        -6.38     7.41   -20.76     0.117
   10.09    24.49    -5.54        10.19    24.38    -5.47     0.167
    2.32   -10.57    15.65         2.31   -10.47    15.63     0.102
   19.49    -5.66    24.19        19.53    -5.77    24.22     0.127
  -41.85    -2.73   -31.77       -41.77    -2.75   -31.74     0.088
  -40.30   -10.57   -14.10       -40.26   -10.56   -14.13     0.050
   21.81   -11.03     1.25        21.76   -10.88     1.19     0.174
    9.69    20.79    46.19         9.64    20.95    46.21     0.172
   -9.51     7.45    -9.83        -9.50     7.42    -9.83     0.038
  -13.94   -26.85   -13.66       -13.94   -26.86   -13.65     0.016
   11.54    26.27     8.29        11.51    26.43     8.31     0.167
   12.66    26.82     8.29        12.69    26.62     8.26     0.195
   -4.32    -3.24    47.77        -4.22    -3.17    47.79     0.121
   -3.19   -16.12    -4.96        -3.19   -16.11    -4.97     0.019
   -2.66    -9.51   -39.76        -2.71    -9.51   -39.72     0.061
  -17.11    -4.46     0.47       -17.17    -4.47     0.50     0.077
   17.52    -9.52   -21.38        17.56    -9.42   -21.26     0.161
   33.34    12.44   -21.71        33.24    12.41   -21.67     0.108
   25.47   -12.71    -6.95        25.61   -12.87    -6.95     0.210
   -7.92    -7.04    14.63        -7.90    -7.03    14.62     0.025
  -31.44    -8.64   -46.93       -31.46    -8.63   -46.96     0.041
  -22.75    12.12   -25.98       -22.75    12.18   -25.98     0.052
   -9.71    11.21    12.04        -9.81    11.25    12.01     0.108
  -23.83    -3.34   -47.54       -23.83    -3.34   -47.57     0.030
    1.35   -18.20   -24.24         1.23   -18.13   -24.18     0.150
  -33.69   -14.94    -8.11       -33.70   -14.95    -8.05     0.061
    0.98    23.95    16.06         1.00    23.83    16.09     0.125
   -7.28   -26.28   -34.57        -7.31   -26.26   -34.56     0.030
   -0.84    -5.94    48.33        -0.79    -5.84    48.32     0.113
    7.25   -10.58    12.31         7.25   -10.60    12.32     0.025
   10.22    24.09    -6.19        10.27    24.03    -6.16     0.086
  -40.01   -16.35   -32.73       -40.08   -16.36   -32.76     0.072
   -4.01     7.46    63.34        -4.01     7.46    63.33     0.010
  -28.94   -18.32   -46.32       -28.93   -18.31   -46.30     0.021
   21.63    11.10    53.62        21.55    11.08    53.60     0.089
   22.36    16.75    33.07        22.30    16.71    33.05     0.080
   -0.97   -21.42   -23.46        -0.87   -21.53   -23.47     0.156
  -12.36    -0.67    11.25       -12.37    -0.67    11.26     0.014
    6.14     8.55   -14.51         6.14     8.51   -14.43     0.086
  -10.47     5.97    22.38       -10.54     5.94    22.40     0.077
   14.67   -17.00    -5.04        14.67   -17.10    -5.02     0.110
    0.19   -15.34    -4.43         0.19   -15.31    -4.45     0.031
   12.01    20.88   -15.50        12.05    20.87   -15.49     0.035
   29.58   -11.01   -13.69        29.56   -10.98   -13.69     0.029
  -19.36     6.41   -14.66       -19.36     6.41   -14.66     0.000
   17.86   -17.73    -9.60        17.83   -17.61    -9.62     0.125
   12.63    22.90   -15.10        12.69    22.82   -15.08     0.099
   11.10   -14.09     2.37        11.10   -14.02     2.35     0.067
    3.80    22.12     4.20         3.83    22.10     4.21     0.033
  -27.03    -3.39   -47.25       -27.03    -3.37   -47.28     0.034
  -32.12    -0.91   -43.57       -32.09    -0.96   -43.50     0.088
  -19.49   -11.90    -3.91       -19.48   -11.88    -3.94     0.042
  -12.61    -7.68   -47.68       -12.62    -7.68   -47.64     0.041
  -10.86   -29.53   -31.37       -10.85   -29.54   -31.37     0.020
    7.15   -15.99    -5.89         7.17   -15.92    -5.91     0.073
   -6.00    12.75     7.30        -6.02    12.77     7.29     0.033
   -5.28     9.32    -5.29        -5.22     9.22    -5.27     0.116
  -39.91   -18.38   -16.65       -39.90   -18.38   -16.65     0.018
   12.07    17.59   -27.62        12.06    17.59   -27.62     0.006
    2.41   -11.03   -26.21         2.41   -11.03   -26.21     0.011
   -8.18   -20.70    -9.95        -8.16   -20.74    -9.89     0.071
    2.59    11.90    63.19         2.59    11.91    63.27     0.082
   10.17    17.76   -10.43        10.17    17.76   -10.44     0.008
    1.95    19.46     4.39         1.93    19.47     4.37     0.022
