200, pa4-F-Output.txt
   -1.93   -11.55   -37.40        -1.90   -11.54   -37.41     0.036
   -8.72   -24.88   -14.73        -8.70   -24.91   -14.71     0.035
   -5.09    12.46     5.06        -5.10    12.47     5.06     0.008
   -8.80     8.41    32.55        -8.88     8.36    32.58     0.105
   29.15   -11.66   -16.40        29.09   -11.56   -16.38     0.116
   -5.86     2.11   -32.59        -5.89     2.10   -32.59     0.030
  -30.65     6.76   -36.91       -30.63     6.74   -36.89     0.039
   35.10     1.90   -20.63        35.13     1.90   -20.64     0.031
  -29.72   -30.41   -31.92       -29.71   -30.38   -31.91     0.030
  -12.19   -27.45   -15.78       -12.19   -27.52   -15.73     0.087
  -23.25     3.76   -43.56       -23.25     3.78   -43.59     0.034
   -6.96     3.37    52.39        -6.84     3.38    52.40     0.127
   18.75    21.19    30.25        18.78    21.23    30.27     0.047
  -13.13   -12.08   -47.67       -13.12   -12.08   -47.68     0.016
   -9.35    24.67    29.29        -9.35    24.56    29.25     0.116
  -22.98    -8.14   -48.90       -22.98    -8.12   -48.94     0.041
  -14.43   -26.99   -13.57       -14.44   -26.97   -13.58     0.017
   -5.18     9.26    -5.24        -5.18     9.25    -5.24     0.008
    6.89    -7.36    56.62         6.88    -7.29    56.62     0.070
  -15.06   -15.48   -47.87       -15.06   -15.46   -47.83     0.049
    9.92    24.10    -5.54         9.93    24.09    -5.53     0.025
   20.74    16.21    42.23        20.83    16.26    42.25     0.103
   11.52    -2.71    63.25        11.52    -2.71    63.23     0.023
   -7.26    -8.82   -44.74        -7.32    -8.83   -44.68     0.084
    2.89     8.40   -15.48         2.89     8.39   -15.48     0.011
   -3.14   -21.27   -15.31        -3.13   -21.29   -15.30     0.025
   -7.81     1.93    28.73        -7.91     1.91    28.75     0.109
   -4.81    11.23     0.76        -4.77    11.18     0.78     0.063
   -7.52    15.61    12.83        -7.59    15.67    12.76     0.121
    1.52    -2.42   -25.20         1.55    -2.40   -25.23     0.039
   -1.83    -8.37   -34.23        -1.86    -8.38   -34.24     0.032
    5.72    -2.97    63.42         5.72    -2.98    63.38     0.039
   -9.39   -27.92   -34.56        -9.41   -27.90   -34.55     0.023
   16.27    19.49    49.99        16.26    19.47    49.99     0.016
  -11.85     4.48   -40.75       -11.90     4.43   -40.71     0.077
   -0.31   -20.72   -25.35        -0.33   -20.71   -25.34     0.017
   24.79    -5.84    13.92        24.79    -5.85    13.92     0.007
   -8.10    -5.91    17.58        -8.03    -5.86    17.56     0.089
  -20.50    12.22   -29.14       -20.50    12.25   -29.15     0.036
   26.30    23.50    -6.24        26.33    23.58    -6.24     0.084
    9.72    16.75    -9.79         9.74    16.76    -9.76     0.036
  -10.84   -26.22   -14.89       -10.85   -26.21   -14.90     0.012
  -14.94    -5.01     3.69       -14.88    -4.99     3.65     0.075
    2.75    21.82    34.53         2.75    21.74    34.51     0.080
  -18.80     8.89   -18.14       -18.79     8.86   -18.16     0.039
   10.38     9.00   -13.88        10.37     8.95   -13.84     0.075
  -34.71   -26.94   -20.42       -34.74   -26.98   -20.41     0.043
   -5.40    -8.66    17.42        -5.38    -8.63    17.42     0.039
   -9.41     8.75   -21.42        -9.34     8.88   -21.41     0.144
   26.38     7.61   -30.30        26.37     7.61   -30.28     0.024
   -4.77    13.55     6.49        -4.71    13.47     6.53     0.106
   -2.04    -9.49    20.89        -2.04    -9.39    20.88     0.093
   16.43     6.98   -20.90        16.32     6.97   -20.92     0.108
   -8.88     8.25   -13.68        -8.87     8.13   -13.68     0.120
  -31.71    -6.27    -8.52       -31.70    -6.29    -8.55     0.040
   -8.94   -23.40   -12.54        -8.93   -23.40   -12.54     0.009
  -25.47   -19.36    -6.83       -25.46   -19.36    -6.87     0.035
   19.12     1.55   -23.96        19.14     1.55   -23.94     0.025
    5.53    20.61    42.52         5.53    20.61    42.52     0.004
   38.55     4.31     8.01        38.53     4.30     8.00     0.022
  -37.89   -21.14   -36.78       -37.77   -21.07   -36.71     0.156
  -31.32   -29.05   -19.16       -31.31   -29.03   -19.17     0.026
   23.30    23.38    10.52        23.28    23.33    10.51     0.052
   11.65     8.49    63.03        11.65     8.50    63.02     0.007
  -16.04    15.63    30.01       -16.07    15.62    30.02     0.036
   20.24    -1.99    44.51        20.24    -1.99    44.51     0.004
   24.95   -14.62   -13.63        24.84   -14.48   -13.64     0.177
   26.32   -12.23    -4.46        26.30   -12.20    -4.46     0.044
   33.92    15.46   -15.82        33.71    15.36   -15.74     0.246
   29.13    -8.67     2.86        29.10    -8.61     2.84     0.070
  -40.09   -10.62   -35.93       -40.14   -10.62   -35.93     0.051
    1.19    19.02     4.87         1.25    18.99     4.91     0.077
    5.87    19.43    -3.36         5.81    19.44    -3.39     0.067
   -7.54     7.41    40.08        -7.31     7.42    40.04     0.233
   22.10     0.07    41.03        22.14     0.05    41.03     0.046
   17.44    11.89    63.22        17.44    11.89    63.18     0.044
  -24.35     1.18   -45.48       -24.35     1.18   -45.48     0.002
   24.01    17.19   -27.72        24.01    17.19   -27.73     0.006
  -25.03     2.50   -44.01       -25.06     2.57   -44.10     0.112
  -25.55   -29.85   -36.29       -25.57   -29.92   -36.33     0.081
  -14.41    13.77    19.24       -14.38    13.78    19.26     0.039
  -26.46    -2.66    -9.85       -26.41    -2.73    -9.95     0.132
   38.36    -0.05    -1.42        38.31    -0.01    -1.42     0.056
    0.33   -14.56   -29.61         0.38   -14.56   -29.63     0.056
    7.00    20.15    55.74         7.04    20.04    55.73     0.115
   38.41    10.76     0.37        38.50    10.81     0.37     0.097
    8.36    20.24    59.59         8.35    20.23    59.59     0.013
  -29.33     7.34   -36.79       -29.34     7.36   -36.80     0.024
  -18.19   -12.42   -48.88       -18.18   -12.43   -48.91     0.032
  -22.97    -3.06   -47.49       -22.97    -3.06   -47.46     0.031
   26.46     4.71    30.21        26.31     4.72    30.17     0.153
    0.89   -13.80   -28.43         0.90   -13.80   -28.44     0.007
   14.35    23.73    19.59        14.38    23.89    19.61     0.160
   24.50    -3.65   -26.59        24.49    -3.63   -26.52     0.073
   -3.05     4.15   -24.22        -3.03     4.18   -24.24     0.032
    2.21    -9.09    22.07         2.21    -9.08    22.07     0.009
  -11.83   -24.24   -11.77       -11.81   -24.27   -11.72     0.069
   30.50     4.10   -28.47        30.41     4.07   -28.33     0.172
  -10.06    -3.68    14.02       -10.03    -3.66    14.01     0.036
  -17.71   -13.88   -48.63       -17.70   -13.89   -48.68     0.052
  -34.95   -26.06   -18.26       -34.94   -26.05   -18.26     0.014
  -21.21   -30.55   -16.45       -21.21   -30.59   -16.41     0.055
    0.71    -6.79    54.24         0.74    -6.71    54.25     0.089
   15.09    10.16   -17.58        15.11    10.15   -17.56     0.029
   -4.34    24.28    28.89        -4.34    24.27    28.89     0.004
    0.28    -5.63    63.43         0.28    -5.63    63.49     0.052
   10.89    21.99    34.95        10.88    22.00    34.96     0.019
   -0.98    -5.64    49.95        -1.03    -5.73    49.95     0.102
   -4.66     8.60   -13.82        -4.68     8.69   -13.83     0.098
   -1.26    -5.56    63.03        -1.30    -5.63    63.06     0.088
  -33.48   -27.37   -18.47       -33.47   -27.36   -18.47     0.009
  -28.33    -9.07    -7.33       -28.33    -9.05    -7.26     0.077
   -4.76    16.64    10.21        -4.73    16.60    10.24     0.057
   22.67    24.84   -16.56        22.68    24.88   -16.56     0.049
   29.57    -3.71   -26.02        29.57    -3.71   -26.10     0.075
    8.31    14.97    63.20         8.31    14.97    63.19     0.006
   16.78   -13.43     0.67        16.81   -13.52     0.71     0.103
   33.09    -6.67   -10.31        33.06    -6.65   -10.32     0.039
  -22.85   -11.31   -49.25       -22.85   -11.30   -49.21     0.040
  -22.09   -17.19   -47.86       -22.09   -17.21   -47.92     0.067
  -31.26   -29.23   -19.38       -31.23   -29.18   -19.40     0.062
  -30.70    -5.95   -46.56       -30.72    -5.94   -46.60     0.044
   -3.83   -20.88   -36.89        -3.87   -20.85   -36.86     0.057
   28.09    17.48   -23.89        28.11    17.50   -23.91     0.039
  -12.26    -7.36   -47.54       -12.28    -7.36   -47.50     0.037
   31.16     1.74    17.19        31.11     1.76    17.16     0.057
   14.65   -10.10   -20.57        14.65   -10.07   -20.54     0.045
   -8.40    -4.70   -44.16        -8.43    -4.72   -44.13     0.052
   -8.14   -12.76     0.49        -8.13   -12.69     0.45     0.083
  -37.88   -22.87   -17.86       -37.83   -22.82   -17.89     0.074
   -0.43    24.12    24.27        -0.44    24.01    24.27     0.103
   20.75     6.31   -28.76        20.75     6.31   -28.76     0.006
   -1.19    10.37    -7.36        -1.20    10.39    -7.36     0.025
   27.53    -4.49    15.69        27.43    -4.39    15.65     0.151
   11.37    -6.43    40.99        11.37    -6.39    40.98     0.040
  -27.32   -11.03    -6.74       -27.32   -11.00    -6.66     0.089
   -6.49     9.06    57.87        -6.53     9.08    57.87     0.041
    6.57   -16.08   -16.67         6.56   -16.07   -16.66     0.020
  -26.43     3.18   -13.43       -26.43     3.17   -13.46     0.040
  -11.69    23.74    29.44       -11.67    23.70    29.43     0.047
   40.07     2.52    -3.05        40.00     2.56    -3.07     0.078
    0.63   -10.01   -29.11         0.59   -10.02   -29.08     0.048
   -5.93    10.93    56.29        -5.74    10.84    56.31     0.211
   22.26     9.14   -30.15        22.27     9.15   -30.13     0.018
  -40.32     1.40   -26.76       -40.32     1.40   -26.76     0.002
   -4.31    22.68    16.35        -4.30    22.63    16.38     0.067
   12.27     5.06   -17.48        12.28     5.03   -17.45     0.042
   31.00    19.91     1.81        31.10    19.98     1.80     0.129
  -25.42   -24.50   -43.18       -25.42   -24.49   -43.17     0.013
   -1.02    24.17    21.28        -1.03    24.08    21.28     0.094
   -6.41   -27.15   -24.31        -6.35   -27.24   -24.30     0.112
    4.57     3.33   -20.04         4.59     3.36   -20.08     0.055
   36.71     3.91    10.11        36.79     3.92    10.18     0.106
   13.98    21.36   -29.34        13.99    21.34   -29.30     0.042
    9.49    24.01    -5.16         9.55    23.96    -5.12     0.082
    7.85    22.56    31.24         7.86    22.38    31.22     0.184
   -3.50   -10.58   -40.52        -3.49   -10.58   -40.53     0.015
   27.36    -3.02    18.71        27.43    -3.09    18.74     0.102
   37.13    -1.95     7.87        37.06    -1.89     7.85     0.099
   37.35    -2.08     6.19        37.31    -2.05     6.19     0.055
  -14.19    19.39    19.85       -14.29    19.45    19.79     0.133
    7.15     2.31   -19.95         7.16     2.32   -19.96     0.014
    0.30   -17.72   -28.87         0.26   -17.71   -28.85     0.042
   -6.94    -5.98   -43.55        -6.91    -5.96   -43.59     0.044
   -7.87   -21.67   -11.07        -7.84   -21.72   -11.04     0.066
   -0.47    19.46    44.18        -0.46    19.45    44.18     0.009
  -13.68   -19.05   -45.71       -13.67   -19.06   -45.73     0.025
    7.63    25.63     8.01         7.68    25.45     8.00     0.190
    0.26     9.35   -12.56         0.25     9.41   -12.57     0.058
   -6.44    18.85    13.16        -6.42    18.84    13.19     0.030
   -6.37     9.06    59.28        -6.55     9.11    59.28     0.185
   31.03     2.26    17.60        31.00     2.27    17.58     0.048
  -14.00   -20.01   -45.27       -14.00   -20.01   -45.28     0.009
   22.88    18.69    26.03        22.84    18.67    26.02     0.046
  -35.29   -22.29   -13.36       -35.25   -22.25   -13.39     0.064
  -26.15     6.73   -39.57       -26.14     6.72   -39.56     0.014
  -10.09     8.03   -13.04       -10.08     8.01   -13.05     0.023
  -37.37     4.01   -31.56       -37.35     3.99   -31.55     0.021
   23.20    -0.56    35.14        23.27    -0.64    35.17     0.112
   -3.38     7.43   -19.16        -3.39     7.36   -19.14     0.079
   24.46   -14.76   -14.65        24.46   -14.76   -14.65     0.000
  -29.51   -26.95   -13.70       -29.52   -26.97   -13.68     0.036
   11.06    23.44    24.14        11.06    23.45    24.14     0.009
   -6.62     1.11    57.31        -6.37     1.20    57.31     0.267
   -8.43    -2.81    23.24        -8.38    -2.80    23.23     0.056
  -30.15   -27.18   -14.59       -30.12   -27.15   -14.61     0.049
   28.21    -7.07     8.91        28.22    -7.11     8.92     0.042
    8.88    -6.71    38.06         8.86    -6.60    38.06     0.112
  -29.42     9.36   -31.79       -29.41     9.33   -31.78     0.031
  -32.16   -12.40   -46.66       -32.16   -12.40   -46.64     0.012
  -40.06    -6.12   -36.27       -40.22    -6.11   -36.27     0.160
   -0.15    16.36     3.83        -0.21    16.45     3.78     0.112
    7.64    -8.35    19.36         7.61    -8.25    19.33     0.116
  -13.74    -8.94   -47.82       -13.73    -8.93   -47.86     0.050
   26.91     8.71    27.65        26.92     8.71    27.66     0.013
   22.02     4.32    52.86        21.90     4.34    52.84     0.126
    0.18   -12.45   -31.46         0.16   -12.45   -31.45     0.015
    4.33    23.31    26.49         4.32    23.26    26.49     0.057
    7.45    -7.09    52.80         7.46    -7.16    52.80     0.069
    9.45    -7.33    23.86         9.44    -7.23    23.85     0.101
