200, pa4-C-Output.txt
   27.50    22.98    -2.23        27.50    22.98    -2.23     0.000
   11.06    -8.65    15.15        11.06    -8.65    15.15     0.001
   -1.84   -22.73   -24.22        -1.83   -22.73   -24.22     0.002
   22.50     7.92    50.64        22.50     7.92    50.65     0.005
    4.81   -11.44    11.45         4.81   -11.44    11.45     0.002
  -21.35    12.12   -29.46       -21.35    12.12   -29.46     0.002
  -22.69    -1.14   -47.13       -22.69    -1.14   -47.13     0.004
   24.19   -14.98   -13.80        24.18   -14.97   -13.80     0.001
   -7.75     9.94     4.32        -7.75     9.94     4.32     0.003
  -22.25     9.78   -36.52       -22.25     9.78   -36.51     0.000
  -21.88     1.06   -45.60       -21.88     1.07   -45.60     0.002
  -10.01    16.81    38.08       -10.01    16.81    38.08     0.002
   25.34     7.01    34.06        25.34     7.01    34.06     0.002
  -28.02   -24.97   -10.48       -28.02   -24.97   -10.48     0.000
   22.57     0.81    41.09        22.57     0.81    41.09     0.001
  -29.06     8.48   -17.93       -29.06     8.48   -17.93     0.002
   22.62     4.89    48.05        22.62     4.88    48.05     0.001
   21.82    15.28    39.93        21.82    15.28    39.93     0.001
  -32.99    -2.99   -44.00       -32.99    -2.99   -44.00     0.002
   -0.24   -10.95    12.17        -0.24   -10.95    12.17     0.002
   33.89    11.26   -21.01        33.89    11.26   -21.01     0.000
   19.12    -1.00    56.75        19.12    -1.00    56.75     0.002
   20.63   -12.13    -0.15        20.63   -12.13    -0.15     0.005
  -24.84     4.06   -13.76       -24.84     4.06   -13.76     0.001
   -3.20    -3.46    63.22        -3.20    -3.46    63.22     0.001
  -22.35    -4.36   -47.59       -22.35    -4.36   -47.60     0.002
   18.60    -5.40    27.77        18.60    -5.40    27.77     0.003
  -37.85   -23.35   -33.31       -37.85   -23.35   -33.31     0.001
   28.99     6.76   -29.23        28.98     6.76   -29.23     0.004
   -0.95    18.91    44.98        -0.95    18.90    44.98     0.007
  -36.31    -0.86   -40.62       -36.31    -0.86   -40.62     0.000
   36.79    13.08     6.80        36.79    13.08     6.80     0.002
    8.27    -6.70    34.88         8.27    -6.70    34.88     0.001
  -10.25    -3.91   -45.17       -10.25    -3.91   -45.17     0.001
  -34.30    -0.34   -41.97       -34.30    -0.35   -41.97     0.004
   10.52    -8.41   -21.83        10.52    -8.41   -21.84     0.002
   -8.35     6.33   -31.76        -8.34     6.33   -31.76     0.001
   12.43    11.38   -12.64        12.43    11.38   -12.64     0.002
    5.88    -8.72    19.41         5.88    -8.72    19.41     0.005
  -15.66   -13.39   -48.47       -15.66   -13.39   -48.47     0.001
  -16.40    16.06    21.85       -16.40    16.06    21.85     0.002
  -29.29    -8.04    -7.57       -29.29    -8.04    -7.57     0.002
  -40.70   -16.90   -31.33       -40.70   -16.90   -31.33     0.004
   32.32    -6.67   -21.13        32.31    -6.66   -21.13     0.004
  -24.82    -7.72    -6.24       -24.82    -7.72    -6.24     0.000
    3.63    20.74     2.59         3.63    20.73     2.59     0.001
   -6.94    24.27    31.00        -6.94    24.27    31.00     0.004
  -29.15   -24.42   -10.60       -29.15   -24.42   -10.60     0.003
   20.80    21.76    21.81        20.80    21.76    21.81     0.002
  -26.22   -26.56   -41.01       -26.22   -26.55   -41.00     0.003
   15.95     5.88   -20.47        15.95     5.88   -20.47     0.004
   17.19    24.89   -23.34        17.19    24.89   -23.34     0.003
   -5.72    17.93    12.16        -5.72    17.93    12.16     0.001
   -1.21   -11.21     9.42        -1.21   -11.21     9.42     0.001
   -4.43    15.65     8.85        -4.43    15.65     8.84     0.001
   -9.94   -19.75   -44.10        -9.94   -19.75   -44.10     0.005
  -14.97    -5.57     3.26       -14.97    -5.57     3.26     0.002
   -6.92   -25.00   -16.95        -6.92   -25.00   -16.95     0.001
  -12.90     9.96    22.15       -12.90     9.96    22.15     0.002
  -28.14     8.79   -35.16       -28.14     8.79   -35.16     0.001
   -6.94   -24.38   -37.18        -6.94   -24.38   -37.18     0.005
   -3.66    21.42    14.28        -3.66    21.42    14.28     0.002
   23.75     8.40    42.28        23.75     8.40    42.28     0.001
    1.79    -7.08    62.36         1.79    -7.08    62.36     0.007
   11.22   -12.50   -18.87        11.22   -12.50   -18.87     0.003
   -9.91     8.56    29.79        -9.92     8.56    29.79     0.001
   -6.98     4.38    57.41        -6.98     4.38    57.41     0.001
  -26.86   -31.77   -21.84       -26.86   -31.77   -21.84     0.002
   -1.36    -6.53    35.65        -1.36    -6.53    35.65     0.002
   27.43    10.23   -29.91        27.43    10.23   -29.91     0.003
   28.41    20.86     9.68        28.41    20.86     9.68     0.003
  -11.26   -27.72   -37.26       -11.26   -27.72   -37.26     0.001
   31.10    12.56   -25.01        31.10    12.57   -25.01     0.005
    6.37    25.04     9.01         6.37    25.03     9.01     0.006
    2.67     0.24    63.40         2.67     0.24    63.40     0.001
   -3.72    -3.81    47.46        -3.72    -3.81    47.46     0.001
   -7.39    24.49    29.34        -7.39    24.49    29.34     0.001
    6.66    -8.23    20.51         6.66    -8.22    20.51     0.002
  -16.49     3.09    -6.78       -16.49     3.09    -6.78     0.005
   -7.34   -17.00    -5.97        -7.34   -17.01    -5.97     0.004
  -31.77     4.14   -39.51       -31.77     4.14   -39.51     0.003
   12.92    18.09   -29.98        12.92    18.09   -29.98     0.002
  -36.88     5.46   -28.15       -36.88     5.46   -28.15     0.004
   20.89    -7.64    11.34        20.89    -7.64    11.34     0.002
   -0.59    -0.30    63.40        -0.58    -0.30    63.40     0.001
    4.44    -9.36    18.46         4.45    -9.37    18.46     0.004
  -14.26     8.63   -37.19       -14.26     8.63   -37.19     0.001
   -2.40    11.53    62.89        -2.40    11.53    62.89     0.001
    5.17    21.44    36.59         5.17    21.44    36.59     0.002
   -4.92    -0.69   -37.24        -4.93    -0.69   -37.24     0.001
    5.09    -8.49    21.60         5.09    -8.49    21.60     0.003
   23.12   -14.34   -17.52        23.12   -14.33   -17.52     0.004
  -17.63     5.10   -42.30       -17.63     5.10   -42.31     0.002
   25.91    23.97    -3.38        25.91    23.97    -3.38     0.000
   18.90    -0.91   -23.33        18.90    -0.91   -23.33     0.000
   11.94    20.14   -18.57        11.94    20.14   -18.57     0.003
  -27.67   -22.58   -44.39       -27.67   -22.58   -44.39     0.001
  -39.72   -17.63   -35.11       -39.72   -17.63   -35.11     0.000
  -15.81    -2.41     3.06       -15.80    -2.41     3.06     0.004
  -18.93   -30.31   -16.35       -18.93   -30.31   -16.35     0.002
  -40.88   -19.42   -30.01       -40.88   -19.42   -30.01     0.002
   12.74    24.90    15.42        12.74    24.90    15.42     0.004
  -18.49    -1.94   -47.25       -18.49    -1.94   -47.25     0.001
   -8.70     1.22    24.81        -8.70     1.22    24.81     0.005
   31.97    14.53    12.24        31.97    14.53    12.24     0.002
  -39.50     1.72   -31.18       -39.50     1.72   -31.18     0.003
   26.50   -12.08    -7.11        26.50   -12.08    -7.11     0.002
   18.32    -1.79    57.74        18.32    -1.79    57.74     0.002
   -5.13    13.96     7.74        -5.13    13.96     7.74     0.000
  -15.75     9.04   -18.00       -15.75     9.04   -18.00     0.002
   14.44    -8.08    14.76        14.44    -8.08    14.76     0.005
  -36.20   -24.80   -34.41       -36.20   -24.80   -34.41     0.000
  -18.46    12.20   -26.47       -18.46    12.19   -26.47     0.008
    6.53    -6.61   -23.39         6.53    -6.61   -23.39     0.000
   19.41    26.25     3.55        19.41    26.25     3.55     0.001
   22.09    -6.29    15.36        22.09    -6.28    15.36     0.005
   37.88    11.87    -0.11        37.88    11.87    -0.11     0.002
  -16.04    16.52    30.33       -16.05    16.52    30.33     0.001
   21.19    -9.33   -22.83        21.19    -9.33   -22.83     0.002
    7.51   -13.99     1.33         7.51   -13.99     1.33     0.002
  -17.45     5.76   -41.83       -17.45     5.76   -41.82     0.003
   28.55    11.83   -28.20        28.55    11.83   -28.20     0.002
   25.49     1.30    30.12        25.48     1.30    30.12     0.002
  -19.85   -11.71    -3.93       -19.85   -11.71    -3.93     0.000
   -5.93   -20.97   -11.43        -5.93   -20.97   -11.43     0.004
  -15.76    11.22   -30.48       -15.76    11.22   -30.48     0.005
    3.76    22.71    30.00         3.77    22.71    30.00     0.007
  -38.59    -3.49   -39.21       -38.58    -3.49   -39.21     0.003
  -22.90    10.43   -35.22       -22.90    10.43   -35.22     0.002
    7.84    -7.32    60.39         7.84    -7.32    60.39     0.000
    1.25     0.52   -24.31         1.25     0.52   -24.31     0.000
   19.72    -5.08    28.04        19.72    -5.08    28.04     0.002
   -8.46   -19.31    -8.32        -8.46   -19.31    -8.32     0.000
    9.92   -16.29    -6.89         9.92   -16.29    -6.89     0.002
  -19.12   -19.59    -6.66       -19.12   -19.59    -6.66     0.000
  -41.98    -3.35   -18.64       -41.98    -3.35   -18.64     0.001
  -15.05    -7.81     1.53       -15.05    -7.81     1.53     0.001
   31.43    18.68   -15.69        31.42    18.67   -15.69     0.003
  -20.59     5.88   -14.64       -20.59     5.88   -14.63     0.003
   21.23    25.61    -7.35        21.24    25.61    -7.35     0.005
   35.88    13.58   -11.01        35.88    13.58   -11.01     0.000
   11.93    17.71   -21.98        11.93    17.71   -21.98     0.000
    7.45    25.34     8.77         7.45    25.34     8.77     0.006
    0.63    -6.73    59.82         0.63    -6.73    59.82     0.002
   35.44     1.76   -19.55        35.44     1.76   -19.55     0.003
   -1.72    -7.15    31.19        -1.72    -7.15    31.19     0.002
   -1.40    15.94    60.83        -1.40    15.94    60.83     0.002
   21.58    25.13   -16.85        21.58    25.12   -16.85     0.003
   -8.90   -28.19   -20.63        -8.90   -28.19   -20.63     0.000
  -13.96   -12.99   -48.09       -13.96   -12.99   -48.09     0.000
   20.92   -13.29   -18.42        20.92   -13.29   -18.42     0.000
    2.82   -13.02     1.51         2.82   -13.02     1.51     0.001
   -3.72   -11.31   -40.68        -3.72   -11.31   -40.68     0.001
   -2.68   -23.89   -23.46        -2.68   -23.89   -23.46     0.001
  -40.40   -18.93   -18.25       -40.40   -18.93   -18.25     0.001
   12.98     4.88    62.98        12.98     4.88    62.98     0.001
  -14.98    19.47    30.90       -14.98    19.47    30.90     0.001
  -14.24   -23.39   -43.72       -14.24   -23.39   -43.72     0.002
  -17.93     8.77   -17.72       -17.93     8.77   -17.72     0.007
   -9.77    24.72    23.21        -9.77    24.72    23.21     0.003
  -16.13    14.59    21.19       -16.13    14.59    21.19     0.000
  -28.15   -25.66   -11.08       -28.15   -25.66   -11.08     0.003
    7.48    18.75    -6.82         7.48    18.75    -6.82     0.002
  -24.84   -29.71   -37.23       -24.84   -29.71   -37.23     0.002
   25.42     0.85   -29.09        25.42     0.85   -29.09     0.000
  -29.46   -13.45   -47.19       -29.46   -13.45   -47.19     0.001
  -12.30   -24.17   -42.23       -12.30   -24.17   -42.23     0.000
   -6.50     1.63    45.85        -6.50     1.63    45.85     0.001
    3.25    20.03    44.01         3.25    20.03    44.01     0.002
   -7.76     0.32    28.31        -7.75     0.32    28.31     0.002
   22.18    13.63    43.15        22.18    13.62    43.15     0.001
  -17.86   -31.97   -31.95       -17.87   -31.97   -31.95     0.003
   -6.78     2.99    57.25        -6.78     2.99    57.25     0.004
   33.80    11.04    11.83        33.80    11.04    11.83     0.002
  -40.00   -19.28   -17.70       -40.01   -19.28   -17.70     0.002
   32.52    10.13   -24.66        32.52    10.13   -24.66     0.000
    8.30   -12.86   -20.19         8.30   -12.86   -20.19     0.002
   20.66    -4.17    30.78        20.66    -4.16    30.78     0.006
    1.66     3.01   -21.94         1.66     3.01   -21.94     0.003
   13.69   -16.61   -10.72        13.69   -16.61   -10.73     0.001
   -2.35   -21.51   -33.95        -2.34   -21.51   -33.95     0.002
  -32.77   -29.13   -28.20       -32.76   -29.12   -28.20     0.002
  -16.46    16.42    22.02       -16.46    16.42    22.02     0.003
  -38.58   -10.55   -41.37       -38.58   -10.55   -41.37     0.001
   31.58    12.76    13.74        31.58    12.76    13.74     0.002
  -30.43     8.13   -17.82       -30.43     8.13   -17.81     0.002
  -42.40   -10.45   -18.05       -42.40   -10.45   -18.05     0.003
  -40.47   -16.00   -32.07       -40.47   -16.00   -32.07     0.000
   -6.31   -25.17   -17.94        -6.31   -25.17   -17.94     0.004
   20.49    26.30    -0.73        20.49    26.30    -0.73     0.001
  -11.78   -21.90   -43.65       -11.78   -21.90   -43.65     0.003
   19.52     5.94   -26.61        19.52     5.94   -26.61     0.001
   -0.50    -6.09    53.29        -0.50    -6.08    53.29     0.002
   -4.50    24.62    23.77        -4.51    24.62    23.77     0.007
   15.74     6.54   -19.99        15.74     6.54   -19.99     0.003
    2.96   -10.80    13.51         2.96   -10.80    13.51     0.007
   10.45    -9.14    14.30        10.45    -9.14    14.30     0.005
   16.49   -16.92   -11.79        16.49   -16.92   -11.79     0.000
   -7.24    -1.35    29.74        -7.24    -1.35    29.74     0.000
  -25.23   -10.14   -48.99       -25.23   -10.14   -48.99     0.001
