200, pa4-H-Output.txt
    5.95    -9.62    16.37         5.95    -9.61    16.37     0.003
   -9.18     1.27    23.07        -9.18     1.27    23.07     0.002
   18.52   -10.77     4.67        18.52   -10.77     4.67     0.006
   -8.41   -26.19   -16.80        -8.40   -26.20   -16.80     0.006
   -5.63   -23.54   -36.43        -5.63   -23.54   -36.43     0.003
  -18.98   -13.21   -49.02       -18.98   -13.21   -49.02     0.002
   -5.33   -22.27   -13.99        -5.33   -22.27   -13.99     0.004
   16.73     7.64   -23.27        16.72     7.64   -23.27     0.003
  -22.60     5.27   -42.09       -22.60     5.27   -42.09     0.002
    9.32   -15.48   -14.09         9.32   -15.47   -14.09     0.009
    7.79   -16.08    -7.78         7.79   -16.07    -7.78     0.010
    5.76    17.60    -4.38         5.75    17.60    -4.38     0.001
   -2.85    -5.15    44.83        -2.86    -5.15    44.83     0.004
  -27.62     9.83   -32.78       -27.62     9.83   -32.78     0.000
  -36.34   -26.49   -27.45       -36.34   -26.48   -27.45     0.008
  -17.69    10.54   -35.43       -17.69    10.54   -35.43     0.005
  -30.15   -14.94   -46.96       -30.15   -14.94   -46.97     0.005
   -8.83     8.21   -24.59        -8.82     8.21   -24.59     0.002
  -41.88   -17.18   -21.04       -41.88   -17.18   -21.03     0.001
   13.23    25.37    13.23        13.23    25.39    13.23     0.016
   -1.14     3.07   -24.27        -1.14     3.07   -24.27     0.001
   18.81    -6.22    21.68        18.81    -6.22    21.68     0.001
   -5.44    -1.48    48.67        -5.43    -1.48    48.67     0.006
   11.56   -16.08    -2.58        11.56   -16.08    -2.58     0.001
   15.47    24.36   -18.28        15.47    24.37   -18.28     0.006
  -20.59   -27.04   -11.42       -20.59   -27.04   -11.41     0.009
  -24.87     8.36   -37.75       -24.87     8.36   -37.75     0.001
   17.70    -7.43   -22.64        17.70    -7.43   -22.64     0.004
  -39.47   -15.85   -37.82       -39.47   -15.85   -37.82     0.000
   30.65    -5.19   -25.05        30.65    -5.19   -25.05     0.000
    0.04    20.44     8.57         0.04    20.44     8.57     0.001
   34.03    -3.47   -21.09        34.03    -3.47   -21.09     0.001
    1.90    -7.29    33.32         1.90    -7.29    33.32     0.001
  -14.97    20.12    21.75       -14.97    20.12    21.75     0.000
  -37.72    -9.88   -10.37       -37.71    -9.88   -10.37     0.007
   11.11    22.44    31.52        11.11    22.43    31.52     0.008
    6.13   -10.25   -23.17         6.13   -10.25   -23.17     0.001
  -17.42   -11.00   -48.88       -17.42   -11.00   -48.88     0.002
  -39.77   -19.76   -33.46       -39.77   -19.76   -33.46     0.002
   36.85     6.42   -15.06        36.85     6.42   -15.06     0.000
   -4.86    -2.44    57.46        -4.87    -2.44    57.46     0.006
    3.00    -7.11    35.68         3.00    -7.12    35.68     0.012
   16.93   -17.52    -7.53        16.93   -17.52    -7.54     0.001
   20.46    19.60   -28.37        20.45    19.59   -28.37     0.004
    1.65    -7.06    35.30         1.65    -7.08    35.30     0.016
  -28.50   -19.82   -46.03       -28.50   -19.82   -46.03     0.006
  -30.46     6.39   -37.77       -30.46     6.39   -37.77     0.002
  -11.33    -9.57     3.65       -11.33    -9.56     3.65     0.003
   28.41    22.22    -1.38        28.41    22.23    -1.39     0.003
  -10.40    14.60    14.63       -10.40    14.60    14.62     0.004
  -31.81   -29.92   -27.03       -31.81   -29.91   -27.03     0.004
   36.29    -2.95    -8.01        36.29    -2.95    -8.01     0.001
   17.89     8.94    63.11        17.89     8.94    63.11     0.001
   10.41    21.16    46.27        10.41    21.15    46.27     0.007
   28.45    22.11    -4.29        28.45    22.10    -4.29     0.004
  -38.78    -8.06   -11.91       -38.78    -8.06   -11.91     0.002
   14.68    22.75    28.04        14.68    22.75    28.04     0.007
    0.29     5.74   -20.16         0.29     5.73   -20.16     0.004
   14.20    11.65    63.14        14.20    11.65    63.14     0.004
  -26.58    -8.36    -6.96       -26.58    -8.37    -6.96     0.001
  -26.83   -20.60   -46.13       -26.83   -20.60   -46.13     0.001
   14.00   -14.48     1.08        14.00   -14.48     1.08     0.004
   13.38    11.66    63.11        13.38    11.66    63.11     0.003
   35.31    14.90    -1.89        35.31    14.90    -1.89     0.003
   -9.11     8.02     0.29        -9.11     8.02     0.29     0.001
   32.96     7.47    14.16        32.96     7.47    14.16     0.001
   -4.60   -13.81   -41.31        -4.60   -13.81   -41.31     0.001
   32.85     3.94    14.94        32.86     3.94    14.94     0.008
   19.28    21.38    28.19        19.28    21.38    28.19     0.002
   11.26    19.11   -22.96        11.25    19.11   -22.96     0.007
  -21.28   -31.97   -33.63       -21.28   -31.97   -33.63     0.001
    1.77    -7.47    31.96         1.77    -7.47    31.96     0.006
  -41.46    -1.40   -31.33       -41.46    -1.40   -31.33     0.002
   26.49    17.08    18.63        26.49    17.08    18.63     0.000
   -0.03   -19.00   -13.05        -0.04   -19.00   -13.05     0.003
   -5.13   -24.01   -34.79        -5.13   -24.01   -34.79     0.004
   -4.21   -12.98   -40.98        -4.21   -12.98   -40.98     0.004
   -4.82    -2.57    50.69        -4.82    -2.57    50.69     0.002
  -16.15   -11.52   -48.53       -16.15   -11.52   -48.53     0.001
   24.73    -4.05    20.76        24.73    -4.05    20.76     0.001
   -7.89   -13.48    -0.82        -7.89   -13.49    -0.81     0.009
   13.52    15.26   -17.00        13.51    15.26   -17.00     0.008
  -25.39   -32.47   -26.19       -25.39   -32.48   -26.19     0.006
   33.55    13.26   -19.71        33.55    13.26   -19.71     0.001
   30.45    20.34   -15.42        30.45    20.33   -15.42     0.006
    6.32    15.22    63.15         6.32    15.22    63.16     0.006
  -21.79    -6.63   -48.23       -21.79    -6.63   -48.22     0.004
    2.99     8.49   -15.25         2.99     8.49   -15.25     0.004
  -27.95   -30.41   -34.09       -27.95   -30.40   -34.09     0.009
   16.04     9.43   -21.08        16.04     9.43   -21.08     0.000
  -15.61    18.47    30.16       -15.61    18.47    30.16     0.002
   37.18    12.96     3.10        37.18    12.97     3.10     0.004
  -39.44     2.74   -25.24       -39.44     2.74   -25.24     0.003
  -31.50    -8.24   -46.84       -31.50    -8.24   -46.84     0.003
  -34.82   -23.55   -14.53       -34.82   -23.55   -14.53     0.001
   12.89    -6.70    24.96        12.89    -6.71    24.96     0.003
   37.64    12.13     4.05        37.64    12.13     4.05     0.001
  -13.07    23.14    22.06       -13.08    23.14    22.06     0.004
  -17.95   -13.42   -48.77       -17.95   -13.42   -48.77     0.001
  -37.87   -20.00   -37.70       -37.87   -20.00   -37.70     0.001
  -27.99   -11.26   -47.99       -27.99   -11.26   -47.99     0.001
   -8.79   -22.07   -41.72        -8.79   -22.07   -41.72     0.001
   -3.81   -10.20    11.39        -3.82   -10.20    11.39     0.006
    8.98    21.11    51.90         8.98    21.11    51.90     0.002
   18.88   -16.90   -13.08        18.89   -16.89   -13.08     0.011
  -41.78    -6.72   -17.23       -41.78    -6.72   -17.23     0.006
    4.85    23.49     5.23         4.85    23.49     5.23     0.000
    2.81    -6.84   -25.79         2.81    -6.84   -25.79     0.004
   -6.23     0.66    46.03        -6.23     0.66    46.03     0.003
   21.29    23.41   -24.43        21.29    23.41   -24.43     0.001
   18.45   -16.89   -12.91        18.45   -16.89   -12.91     0.007
    8.16    25.30    12.71         8.16    25.30    12.71     0.002
  -12.68   -28.91   -36.18       -12.68   -28.91   -36.18     0.002
   12.89    21.89    45.86        12.89    21.88    45.86     0.010
   28.69    -8.85   -22.42        28.69    -8.85   -22.42     0.003
    3.52   -15.79   -22.13         3.52   -15.79   -22.13     0.004
  -43.53    -7.70   -21.61       -43.53    -7.70   -21.61     0.001
   13.18    26.33    -5.02        13.18    26.33    -5.02     0.002
  -30.33     1.08   -42.87       -30.33     1.08   -42.87     0.003
  -25.70   -26.90   -40.64       -25.70   -26.90   -40.64     0.002
  -10.53   -17.28   -45.00       -10.53   -17.28   -45.00     0.001
  -26.26    11.21   -22.59       -26.26    11.20   -22.59     0.008
   21.11     2.29    54.72        21.12     2.28    54.73     0.013
   10.55    -6.49    48.03        10.55    -6.48    48.03     0.007
  -36.52   -13.46   -10.01       -36.52   -13.46   -10.01     0.002
   21.49    10.56    56.62        21.50    10.56    56.62     0.004
   -6.32   -22.32   -38.67        -6.32   -22.32   -38.67     0.002
    4.05    -7.16    52.78         4.05    -7.15    52.78     0.002
  -13.79   -14.13   -47.80       -13.79   -14.13   -47.80     0.001
   -2.20   -23.33   -27.25        -2.20   -23.33   -27.25     0.000
   -0.55   -10.62   -32.26        -0.54   -10.61   -32.26     0.004
    0.94    -6.34   -27.52         0.94    -6.34   -27.53     0.005
    7.05    -8.12    20.41         7.05    -8.13    20.41     0.010
  -26.48    -8.66   -48.41       -26.47    -8.67   -48.41     0.005
    1.24    -6.13    63.48         1.24    -6.13    63.49     0.003
   14.91    11.12   -17.15        14.91    11.13   -17.15     0.002
   21.97    -2.76   -25.26        21.97    -2.76   -25.25     0.002
    2.50    19.35     3.51         2.50    19.35     3.52     0.003
    1.80   -17.36    -8.87         1.80   -17.36    -8.88     0.006
   38.47     0.38     6.74        38.47     0.38     6.74     0.005
   -5.11    -2.08    49.17        -5.11    -2.07    49.17     0.007
  -30.52   -15.33   -46.64       -30.52   -15.33   -46.64     0.005
   -7.95   -12.21   -45.07        -7.95   -12.21   -45.06     0.001
   26.94   -11.68    -7.30        26.94   -11.68    -7.30     0.002
  -11.33   -10.39     2.18       -11.33   -10.39     2.19     0.001
   29.35   -10.61   -11.72        29.34   -10.61   -11.72     0.004
    7.88    -6.78    45.80         7.88    -6.78    45.80     0.004
   -3.47    10.82    -2.97        -3.48    10.83    -2.98     0.005
    8.08    20.37    56.41         8.07    20.38    56.41     0.010
  -16.84   -28.53   -14.54       -16.84   -28.54   -14.54     0.001
  -29.63     3.68   -13.81       -29.62     3.68   -13.81     0.006
   12.05    20.89   -27.95        12.05    20.89   -27.95     0.004
    0.44   -10.31   -29.39         0.44   -10.31   -29.39     0.001
  -36.11   -23.83   -16.52       -36.11   -23.83   -16.52     0.000
   28.26    22.35    -1.66        28.26    22.35    -1.66     0.002
   10.63    26.44     4.64        10.62    26.44     4.64     0.004
   -6.90     5.12    43.66        -6.89     5.12    43.66     0.010
   -5.37    -2.89    38.56        -5.37    -2.90    38.56     0.002
   -1.83   -21.20   -33.07        -1.83   -21.20   -33.07     0.001
  -12.32     5.39     1.68       -12.32     5.39     1.68     0.001
   25.65    13.67   -28.87        25.65    13.66   -28.86     0.001
   20.33    -4.42    30.72        20.32    -4.42    30.72     0.011
   22.49     0.59    40.47        22.48     0.59    40.47     0.009
  -37.39   -14.75   -11.00       -37.39   -14.75   -11.00     0.001
   -1.99    -5.76    42.03        -1.99    -5.75    42.03     0.004
    0.29     7.19   -18.56         0.29     7.19   -18.56     0.002
   11.18     4.07   -18.09        11.18     4.07   -18.09     0.002
  -41.30   -18.12   -20.26       -41.30   -18.12   -20.26     0.001
  -22.04   -31.33   -18.11       -22.04   -31.33   -18.11     0.001
  -36.91   -20.89   -14.07       -36.91   -20.89   -14.08     0.001
  -15.88     5.60   -41.84       -15.88     5.60   -41.84     0.003
   -8.35   -17.16   -43.80        -8.35   -17.16   -43.80     0.000
  -10.08   -18.57   -44.79       -10.08   -18.57   -44.79     0.003
    7.45    22.54    30.34         7.45    22.53    30.33     0.003
  -14.36   -22.50   -44.05       -14.36   -22.50   -44.05     0.003
  -17.48     0.77    -2.94       -17.48     0.77    -2.94     0.001
   15.26   -12.61   -18.23        15.26   -12.60   -18.23     0.007
   -5.64    11.36    58.54        -5.64    11.37    58.54     0.001
  -39.69    -3.35   -37.18       -39.70    -3.34   -37.18     0.008
  -37.17     2.61   -17.42       -37.17     2.61   -17.42     0.002
  -34.10   -11.07   -46.00       -34.10   -11.07   -46.00     0.001
    4.74    20.11    45.73         4.74    20.10    45.73     0.005
  -32.34     7.10   -33.86       -32.34     7.10   -33.86     0.002
   38.26     7.15     7.73        38.26     7.15     7.73     0.000
   10.02    19.42   -11.05        10.02    19.42   -11.05     0.004
    4.66    20.15    44.93         4.66    20.15    44.94     0.001
   -6.29    12.41     7.00        -6.30    12.41     7.00     0.005
   30.88    19.97     4.76        30.88    19.98     4.76     0.007
  -27.44   -19.48   -46.56       -27.44   -19.48   -46.56     0.004
   20.57    17.07    40.12        20.57    17.07    40.12     0.003
   -5.40    -3.13    37.72        -5.41    -3.13    37.72     0.005
   -5.32   -18.00    -8.26        -5.32   -18.00    -8.26     0.004
   -6.72   -11.19   -44.08        -6.72   -11.19   -44.08     0.002
   -6.79     3.66    42.41        -6.79     3.66    42.41     0.004
   21.49    10.68    56.36        21.49    10.68    56.36     0.000
  -13.94    -7.23     3.54       -13.95    -7.23     3.54     0.001
   18.35    -1.13   -23.01        18.35    -1.13   -23.01     0.004
  -16.17    16.67    29.93       -16.17    16.67    29.93     0.003
  -15.65     7.60   -39.44       -15.65     7.60   -39.44     0.003
   -7.79   -23.80   -38.86        -7.78   -23.81   -38.86     0.007
