27, 8, pa1-debug-d-output-1.txt
193.74, 192.93, 203.33
403.87, 394.12, 199.44
208.54, 207.5, 212.13
208.08, 206.25, 337.12
207.63, 204.99, 462.11
211.31, 332.47, 213.39
210.85, 331.21, 338.39
210.4, 329.95, 463.38
214.07, 457.43, 214.66
213.62, 456.17, 339.65
213.17, 454.91, 464.65
333.51, 204.73, 212.55
333.05, 203.47, 337.54
332.6, 202.21, 462.54
336.27, 329.69, 213.82
335.82, 328.44, 338.81
335.37, 327.18, 463.8
339.04, 454.66, 215.08
338.59, 453.4, 340.08
338.14, 452.14, 465.07
458.47, 201.96, 212.97
458.02, 200.7, 337.97
457.57, 199.44, 462.96
461.24, 326.92, 214.24
460.79, 325.66, 339.23
460.34, 324.4, 464.23
464.01, 451.88, 215.51
463.56, 450.63, 340.5
463.11, 449.37, 465.49
209.81, 207.86, 449.39
208.19, 208.01, 574.38
206.58, 208.15, 699.37
213.04, 332.82, 449.29
211.42, 332.97, 574.28
209.8, 333.11, 699.27
216.26, 457.78, 449.19
214.65, 457.93, 574.18
213.03, 458.07, 699.17
334.76, 204.64, 451.01
333.14, 204.78, 576.0
331.52, 204.93, 700.99
337.98, 329.6, 450.91
336.37, 329.74, 575.9
334.75, 329.89, 700.89
341.21, 454.56, 450.81
339.59, 454.7, 575.8
337.98, 454.84, 700.79
459.71, 201.42, 452.64
458.09, 201.56, 577.62
456.47, 201.7, 702.61
462.93, 326.37, 452.53
461.31, 326.52, 577.52
459.7, 326.66, 702.51
466.16, 451.33, 452.43
464.54, 451.48, 577.42
462.92, 451.62, 702.41
210.63, 449.97, 209.54
212.96, 448.28, 334.51
215.3, 446.59, 459.47
210.61, 574.96, 211.23
212.94, 573.27, 336.2
215.28, 571.58, 461.16
210.59, 699.95, 212.92
212.92, 698.26, 337.89
215.26, 696.57, 462.85
335.61, 450.02, 207.21
337.94, 448.33, 332.17
340.27, 446.64, 457.14
335.59, 575.01, 208.9
337.92, 573.32, 333.86
340.25, 571.63, 458.83
335.57, 700.0, 210.59
337.9, 698.31, 335.55
340.23, 696.62, 460.52
460.58, 450.07, 204.87
462.92, 448.38, 329.84
465.25, 446.7, 454.81
460.57, 575.06, 206.56
462.9, 573.37, 331.53
465.23, 571.68, 456.5
460.55, 700.05, 208.25
462.88, 698.36, 333.22
465.21, 696.67, 458.19
207.35, 450.05, 450.26
207.88, 450.23, 575.26
208.41, 450.41, 700.26
209.1, 575.04, 450.08
209.63, 575.22, 575.07
210.16, 575.39, 700.07
210.85, 700.03, 449.89
211.38, 700.2, 574.89
211.91, 700.38, 699.89
332.33, 448.3, 449.73
332.86, 448.48, 574.73
333.4, 448.65, 699.73
334.08, 573.29, 449.55
334.61, 573.46, 574.54
335.15, 573.64, 699.54
335.83, 698.28, 449.36
336.37, 698.45, 574.36
336.9, 698.63, 699.36
457.32, 446.55, 449.2
457.85, 446.73, 574.2
458.38, 446.9, 699.2
459.07, 571.54, 449.02
459.6, 571.71, 574.02
460.13, 571.89, 699.01
460.82, 696.52, 448.83
461.35, 696.7, 573.83
461.88, 696.88, 698.83
448.52, 209.39, 209.59
450.49, 211.96, 334.55
452.46, 214.52, 459.51
449.89, 334.36, 207.01
451.86, 336.92, 331.97
453.83, 339.48, 456.92
451.27, 459.33, 204.43
453.23, 461.89, 329.38
455.2, 464.45, 454.34
573.5, 207.98, 207.65
575.46, 210.54, 332.61
577.43, 213.1, 457.57
574.87, 332.95, 205.07
576.84, 335.51, 330.03
578.81, 338.07, 454.98
576.24, 457.91, 202.49
578.21, 460.47, 327.44
580.18, 463.03, 452.4
698.47, 206.57, 205.71
700.44, 209.13, 330.67
702.41, 211.69, 455.63
699.85, 331.53, 203.13
701.82, 334.09, 328.09
703.78, 336.65, 453.04
701.22, 456.5, 200.54
703.19, 459.06, 325.5
705.16, 461.62, 450.46
451.42, 209.03, 450.29
453.38, 209.16, 575.28
455.34, 209.28, 700.26
453.07, 334.02, 450.15
455.03, 334.14, 575.13
456.98, 334.27, 700.11
454.71, 459.01, 450.0
456.67, 459.13, 574.98
458.63, 459.26, 699.97
576.4, 207.39, 448.34
578.36, 207.51, 573.32
580.31, 207.63, 698.31
578.04, 332.38, 448.19
580.0, 332.5, 573.18
581.96, 332.62, 698.16
579.69, 457.37, 448.04
581.64, 457.49, 573.03
583.6, 457.61, 698.01
701.37, 205.74, 446.38
703.33, 205.86, 571.37
705.29, 205.99, 696.35
703.02, 330.73, 446.24
704.97, 330.85, 571.22
706.93, 330.97, 696.21
704.66, 455.72, 446.09
706.62, 455.84, 571.07
708.57, 455.96, 696.06
447.61, 447.6, 212.38
444.89, 446.17, 337.34
442.17, 444.73, 462.3
447.75, 572.6, 213.82
445.03, 571.16, 338.78
442.32, 569.72, 463.74
447.9, 697.59, 215.26
445.18, 696.15, 340.22
442.46, 694.72, 465.18
572.58, 447.43, 215.09
569.86, 445.99, 340.06
567.14, 444.55, 465.02
572.72, 572.42, 216.53
570.0, 570.98, 341.5
567.29, 569.55, 466.46
572.87, 697.41, 217.97
570.15, 695.97, 342.94
567.43, 694.54, 467.9
697.55, 447.25, 217.81
694.83, 445.81, 342.77
692.11, 444.38, 467.74
697.69, 572.24, 219.25
694.98, 570.8, 344.21
692.26, 569.37, 469.18
697.84, 697.23, 220.69
695.12, 695.79, 345.65
692.4, 694.36, 470.61
451.12, 450.54, 451.67
450.92, 451.86, 576.67
450.73, 453.17, 701.66
452.73, 575.52, 450.36
452.54, 576.84, 575.35
452.34, 578.16, 700.34
454.35, 700.5, 449.04
454.16, 701.82, 574.03
453.96, 703.14, 699.03
576.11, 448.92, 451.89
575.91, 450.24, 576.88
575.72, 451.56, 701.87
577.72, 573.9, 450.57
577.53, 575.22, 575.56
577.33, 576.54, 700.56
579.34, 698.89, 449.25
579.14, 700.21, 574.25
578.95, 701.53, 699.24
701.1, 447.31, 452.1
700.9, 448.63, 577.09
700.71, 449.95, 702.08
702.71, 572.29, 450.78
702.52, 573.61, 575.78
702.32, 574.93, 700.77
704.33, 697.27, 449.47
704.13, 698.59, 574.46
703.94, 699.91, 699.45
