27, 8, pa1-unknown-i-output-1.txt
211.43, 209.17, 195.41
395.46, 393.91, 207.98
209.68, 210.88, 210.67
208.28, 209.44, 335.66
206.88, 208.01, 460.64
212.22, 335.85, 212.14
210.82, 334.41, 337.12
209.42, 332.97, 462.11
214.77, 460.81, 213.6
213.37, 459.37, 338.59
211.97, 457.94, 463.57
334.65, 208.32, 212.04
333.24, 206.88, 337.03
331.84, 205.45, 462.01
337.19, 333.29, 213.51
335.79, 331.85, 338.49
334.39, 330.41, 463.48
339.73, 458.25, 214.98
338.33, 456.81, 339.96
336.93, 455.38, 464.94
459.61, 205.76, 213.42
458.21, 204.32, 338.4
456.81, 202.89, 463.38
462.16, 330.73, 214.88
460.75, 329.29, 339.87
459.35, 327.85, 464.85
464.7, 455.69, 216.35
463.3, 454.25, 341.33
461.9, 452.82, 466.32
210.74, 208.47, 450.7
214.13, 207.48, 575.65
217.53, 206.48, 700.6
213.22, 333.44, 451.63
216.62, 332.45, 576.58
220.01, 331.45, 701.53
215.71, 458.41, 452.56
219.1, 457.42, 577.51
222.5, 456.42, 702.46
335.67, 206.01, 447.29
339.06, 205.02, 572.24
342.46, 204.02, 697.19
338.15, 330.98, 448.21
341.55, 329.99, 573.16
344.94, 328.99, 698.11
340.64, 455.96, 449.14
344.03, 454.96, 574.09
347.42, 453.97, 699.04
460.6, 203.55, 443.87
463.99, 202.56, 568.82
467.38, 201.56, 693.77
463.08, 328.53, 444.8
466.48, 327.53, 569.75
469.87, 326.54, 694.7
465.57, 453.5, 445.73
468.96, 452.5, 570.68
472.35, 451.51, 695.63
210.22, 448.86, 210.8
213.66, 450.29, 335.75
217.09, 451.72, 460.69
210.39, 573.85, 209.37
213.83, 575.28, 334.31
217.26, 576.72, 459.26
210.57, 698.84, 207.93
214.0, 700.27, 332.87
217.44, 701.71, 457.82
335.17, 448.64, 207.37
338.61, 450.08, 332.32
342.04, 451.51, 457.26
335.35, 573.64, 205.93
338.78, 575.07, 330.88
342.22, 576.5, 455.82
335.52, 698.63, 204.5
338.95, 700.06, 329.44
342.39, 701.49, 454.38
460.13, 448.43, 203.94
463.56, 449.87, 328.88
467.0, 451.3, 453.83
460.3, 573.42, 202.5
463.73, 574.86, 327.45
467.17, 576.29, 452.39
460.47, 698.42, 201.06
463.91, 699.85, 326.01
467.34, 701.28, 450.95
209.42, 449.91, 451.26
212.55, 447.82, 576.2
215.69, 445.73, 701.14
205.77, 574.84, 453.44
208.91, 572.75, 578.38
212.04, 570.66, 703.32
202.12, 699.76, 455.62
205.26, 697.67, 580.56
208.4, 695.58, 705.5
334.32, 453.61, 448.18
337.46, 451.52, 573.13
340.6, 449.43, 698.07
330.68, 578.53, 450.36
333.81, 576.44, 575.31
336.95, 574.36, 700.25
327.03, 703.46, 452.54
330.17, 701.37, 577.49
333.3, 699.28, 702.43
459.23, 457.31, 445.11
462.37, 455.22, 570.05
465.5, 453.13, 695.0
455.59, 582.23, 447.29
458.72, 580.14, 572.23
461.86, 578.05, 697.18
451.94, 707.16, 449.47
455.08, 705.07, 574.41
458.21, 702.98, 699.36
448.94, 209.97, 211.61
448.5, 210.96, 336.6
448.06, 211.94, 461.6
451.97, 334.93, 210.63
451.54, 335.92, 335.63
451.1, 336.9, 460.62
455.01, 459.89, 209.66
454.57, 460.88, 334.65
454.14, 461.86, 459.65
573.9, 206.94, 212.06
573.46, 207.93, 337.06
573.03, 208.91, 462.06
576.93, 331.9, 211.09
576.5, 332.89, 336.09
576.06, 333.87, 461.08
579.97, 456.86, 210.12
579.53, 457.84, 335.11
579.1, 458.83, 460.11
698.86, 203.91, 212.52
698.42, 204.89, 337.52
697.99, 205.88, 462.51
701.9, 328.87, 211.55
701.46, 329.85, 336.54
701.02, 330.84, 461.54
704.93, 453.83, 210.58
704.5, 454.81, 335.57
704.06, 455.8, 460.57
446.89, 208.99, 451.13
450.44, 208.59, 576.08
454.0, 208.2, 701.02
446.66, 333.99, 451.53
450.21, 333.59, 576.48
453.77, 333.2, 701.43
446.43, 458.99, 451.93
449.99, 458.59, 576.88
453.54, 458.2, 701.83
571.84, 209.23, 447.57
575.39, 208.83, 572.52
578.95, 208.44, 697.47
571.61, 334.23, 447.97
575.16, 333.83, 572.92
578.72, 333.44, 697.87
571.38, 459.23, 448.37
574.94, 458.83, 573.32
578.49, 458.44, 698.27
696.78, 209.47, 444.02
700.34, 209.07, 568.97
703.9, 208.68, 693.91
696.56, 334.47, 444.42
700.11, 334.07, 569.37
703.67, 333.68, 694.32
696.33, 459.47, 444.82
699.88, 459.07, 569.77
703.44, 458.68, 694.72
448.96, 452.33, 210.13
447.59, 453.9, 335.12
446.22, 455.48, 460.1
449.19, 577.32, 208.56
447.82, 578.89, 333.55
446.45, 580.47, 458.53
449.42, 702.31, 206.99
448.05, 703.88, 331.98
446.68, 705.46, 456.96
573.96, 452.12, 211.51
572.59, 453.69, 336.49
571.22, 455.26, 461.47
574.19, 577.11, 209.94
572.82, 578.68, 334.92
571.45, 580.25, 459.9
574.42, 702.1, 208.37
573.05, 703.67, 333.35
571.67, 705.24, 458.33
698.95, 451.91, 212.88
697.58, 453.48, 337.86
696.21, 455.05, 462.85
699.18, 576.9, 211.31
697.81, 578.47, 336.29
696.44, 580.04, 461.28
699.41, 701.89, 209.74
698.04, 703.46, 334.72
696.67, 705.03, 459.71
450.33, 450.26, 451.28
450.93, 448.4, 576.26
451.52, 446.54, 701.25
448.97, 575.24, 453.15
449.56, 573.38, 578.13
450.15, 571.52, 703.12
447.6, 700.22, 455.02
448.19, 698.36, 580.0
448.78, 696.5, 704.99
575.32, 451.64, 450.71
575.92, 449.78, 575.69
576.51, 447.91, 700.68
573.96, 576.62, 452.57
574.55, 574.76, 577.56
575.14, 572.89, 702.54
572.59, 701.6, 454.44
573.18, 699.73, 579.43
573.77, 697.87, 704.41
700.32, 453.02, 450.13
700.91, 451.15, 575.12
701.5, 449.29, 700.1
698.95, 577.99, 452.0
699.54, 576.13, 576.99
700.13, 574.27, 701.97
697.58, 702.97, 453.87
698.17, 701.11, 578.86
698.77, 699.25, 703.84
