15 PA3-E-Debug-Output.txt 0
  -18.27   -35.06   -29.92       -18.66   -32.52   -29.70     2.572
   -1.34     4.25    61.50        -1.37     4.30    63.38     1.885
   22.75    20.71     8.81        23.76    23.39     9.40     2.922
    6.86    24.60    11.59         6.73    25.07    11.60     0.484
   30.30     3.20   -27.16        30.91     3.13   -27.52     0.714
   -9.94   -14.45     0.35        -9.73   -13.05    -0.57     1.690
   15.95    -0.56   -25.54        17.57    -0.29   -22.69     3.288
   17.25     5.44    53.64        21.69     4.56    54.25     4.572
   -3.09   -10.71   -30.63        -0.92    -9.50   -31.80     2.747
    7.58   -15.50     2.05         7.95   -14.01     1.67     1.574
  -18.76   -17.45   -49.76       -19.13   -16.95   -47.87     1.983
  -12.59   -29.16   -37.31       -12.84   -28.56   -37.01     0.718
   -7.33    -4.15    45.71        -4.90    -2.73    45.39     2.829
   -5.39   -11.50    10.15        -5.01   -10.03     9.75     1.576
  -11.15    -1.74    25.38        -8.27    -1.31    24.76     2.976
