15 PA3-D-Debug-Answer.txt 0
  -44.17   -15.59   -27.09       -43.36   -15.37   -27.15     0.842
  -30.77     4.55   -40.74       -30.59     4.24   -40.29     0.572
  -29.92     2.30   -16.28       -29.74     2.88   -13.62     2.724
  -39.49     2.03   -30.50       -39.51     2.04   -30.50     0.023
   -1.61     9.50    62.18        -1.61     9.55    63.36     1.172
  -21.56   -33.73   -33.87       -21.42   -32.08   -33.35     1.744
   25.84    21.23     4.77        26.73    23.03     4.93     2.017
  -22.65     1.12   -46.49       -22.67     0.68   -45.99     0.671
    3.45   -10.56    14.62         3.45   -10.57    14.62     0.004
  -13.18   -14.13    -2.95       -13.14   -14.01    -3.07     0.181
    9.17   -17.66    -4.43         9.68   -16.18    -4.52     1.567
  -34.56     4.97   -35.62       -34.54     4.94   -35.61     0.033
   20.53     3.74    37.80        24.10     3.19    38.41     3.662
   14.93    -7.15    21.00        14.90    -6.90    20.97     0.254
   21.49    23.54   -10.13        22.06    25.20   -10.10     1.752
