15 PA3-C-Debug-Output.txt 0
   18.26    24.05   -26.02        18.15    23.77   -25.75     0.410
  -30.60    -8.23    -9.39       -30.64    -7.36    -7.77     1.833
   23.69   -13.93    -7.10        23.84   -14.11    -7.03     0.251
   34.94    -3.87     6.60        35.28    -4.22     6.71     0.499
  -15.36    22.46    25.64       -14.91    21.95    25.65     0.675
  -12.29    15.83    34.20       -12.95    15.44    34.86     1.009
   25.05    -8.65     5.61        25.05    -8.45     5.54     0.212
   32.34     2.52   -26.02        31.94     2.57   -25.76     0.476
  -13.29     4.15    10.85       -12.57     4.21    10.75     0.725
   32.29     6.90    12.13        33.72     7.22    13.13     1.775
   -4.08    -2.13   -34.63        -3.93    -2.08   -34.66     0.157
    6.16   -13.48     1.58         6.13   -13.57     1.60     0.091
  -19.96   -16.48    -8.13       -20.13   -17.09    -6.25     1.981
  -36.79   -12.76   -11.70       -37.49   -12.92   -11.01     0.996
   16.42    -3.45    43.94        17.12    -4.64    44.07     1.378
