20 PA3-H-Unknown=-Answer.txt 0
   15.21    22.30    -9.93        13.80    24.67   -10.79     2.893
   26.46    20.38    -5.81        28.08    22.41    -5.70     2.603
   22.70   -16.30    -8.43        22.31   -15.85    -8.50     0.597
   27.90    20.32   -16.46        28.83    21.62   -16.86     1.648
    3.15    17.80     1.56         2.82    18.02     1.42     0.423
  -39.48   -25.35   -25.69       -38.43   -24.37   -25.73     1.436
   -0.43    19.26     9.37        -0.93    19.80     8.99     0.823
  -34.89    -9.83    -7.72       -34.82    -9.82    -7.87     0.174
    4.92   -11.53    18.23         4.58    -9.60    17.63     2.058
    5.18    15.27    41.93         4.41    20.41    42.74     5.260
   -1.22   -12.54    21.40        -1.14    -9.41    20.94     3.168
   18.58    18.42    32.51        19.96    19.86    32.58     1.991
    3.53   -10.22    35.71         3.66    -7.16    35.52     3.071
   -5.80    10.17     8.61        -7.41    11.66     8.00     2.275
   -6.57   -22.89   -36.73        -5.98   -23.36   -37.13     0.854
  -12.19   -28.08   -15.98       -12.20   -27.78   -16.16     0.346
  -41.46     1.25   -28.65       -40.69     0.73   -28.61     0.923
  -20.67   -13.51    -3.94       -20.48   -13.02    -4.84     1.040
    0.41    19.75    17.36        -0.39    23.73    17.46     4.062
    0.20   -11.10    55.55         1.52    -7.05    55.50     4.257
