20 PA3-G-Unknown-Output.txt 0
   41.91     5.19    -3.93        40.55     5.20    -4.04     1.366
  -21.47   -30.81   -12.92       -21.21   -29.10   -14.08     2.088
   37.40    11.95     4.41        37.66    12.08     4.41     0.284
    7.52     2.32    61.81         7.69     2.43    63.23     1.426
    2.25    -7.26    61.28         2.25    -7.26    61.28     0.004
   32.72   -11.48     2.19        30.56    -8.29     1.71     3.885
  -29.72   -20.22   -46.59       -29.41   -19.77   -45.73     1.015
  -12.16   -34.30   -32.72       -13.39   -30.69   -31.92     3.893
   16.00     5.81   -17.70        14.57     6.32   -18.62     1.778
  -19.39    -4.28   -47.42       -19.23    -4.07   -47.86     0.520
    9.56    -9.07    57.73         9.17    -7.05    57.76     2.051
    7.95   -20.01   -14.75         7.27   -16.31   -14.71     3.765
   -8.28   -23.30    -9.67        -8.78   -21.97   -10.79     1.811
   26.39   -13.71    -1.02        25.95   -11.24    -1.85     2.644
  -35.68   -21.69   -40.86       -35.11   -21.28   -40.30     0.900
   12.32    22.89     7.00        11.62    26.55     7.36     3.745
  -11.07   -29.41   -13.64       -11.76   -27.40   -15.56     2.866
   18.37   -11.85     9.69        17.17    -9.55     8.51     2.854
   13.81    21.57    16.72        14.20    24.36    17.28     2.871
    2.10    -8.12    41.06         2.17    -6.89    41.04     1.226
