15 PA3-F-Debug-Answer.txt 0
   -2.16   -13.52   -41.44        -3.66   -13.30   -40.23     1.937
   25.92   -13.44    -0.85        25.62   -11.28    -1.79     2.379
  -20.74     2.35   -43.11       -20.61     3.01   -43.87     1.011
  -19.62   -14.27   -49.98       -19.73   -13.94   -48.92     1.116
    1.97   -18.65   -27.57         0.53   -18.09   -27.40     1.554
   29.70     6.26   -28.52        29.74     6.25   -28.58     0.071
   -5.41   -14.96     1.45        -5.40   -13.04     0.80     2.021
    1.63    22.08    13.70         1.15    23.02    13.09     1.225
  -21.61    -3.67    -8.83       -22.92    -2.76    -7.45     2.107
    2.73    -7.24    63.18         2.77    -6.98    63.09     0.281
   -3.52   -14.36     3.80        -3.62   -12.36     2.76     2.255
   24.63    -7.10    16.25        24.12    -5.71    15.88     1.535
   -6.35    -3.80   -42.61        -6.68    -4.03   -42.23     0.556
   21.14    21.30    13.65        21.82    23.10    14.04     1.969
  -38.51   -13.18   -37.27       -39.77   -13.30   -37.50     1.287
