20 PA3-J-Unknown-Output.txt 0
   20.72    10.34    45.62        22.80    11.08    46.05     2.248
   31.23     7.63    14.20        32.34     7.89    14.94     1.361
    3.87    20.61    57.10         4.35    19.07    57.01     1.614
  -19.88     0.56   -49.70       -19.49    -1.21   -46.92     3.313
   -8.09    17.84     9.18        -5.51    16.13    10.64     3.426
  -22.35    15.78   -35.39       -21.27    11.19   -33.84     4.964
   16.19    21.17    39.04        16.32    21.48    39.12     0.347
  -23.02   -10.83   -49.99       -22.95   -10.70   -49.67     0.348
   19.15    -8.53     1.25        20.40   -10.75     2.49     2.832
   -6.26   -11.75    -3.88        -6.63   -14.51    -2.15     3.281
  -16.75   -22.48   -42.83       -16.35   -23.16   -44.12     1.513
  -17.57    13.90   -38.89       -17.33    10.13   -36.62     4.407
  -40.79    -9.25   -34.40       -40.28    -9.20   -34.39     0.507
  -11.37    -1.67    13.40       -11.16    -1.61    13.29     0.239
   30.38    18.68   -21.85        29.85    18.26   -21.36     0.836
  -11.72    -1.31    18.62        -9.73    -0.93    18.17     2.074
    1.36     1.49   -25.24         0.73     0.96   -24.60     1.045
  -23.88    -2.22   -49.68       -23.94    -2.10   -47.68     2.005
   -1.40    11.89   -18.31        -1.59     8.07   -17.32     3.946
  -11.45    14.84    10.75        -8.84    13.78    12.47     3.301
