15 PA3-A-Debug-Output.txt 0
  -11.24     0.67    15.07       -11.24     0.67    15.07     0.000
  -10.17   -18.48   -44.87       -10.17   -18.48   -44.87     0.000
   -9.10    17.46    38.95        -9.10    17.46    38.95     0.000
   -8.68   -24.65   -14.33        -8.68   -24.65   -14.33     0.000
   27.77    16.75    16.42        27.77    16.75    16.42     0.000
   -5.36    16.55    44.30        -5.36    16.55    44.30     0.000
   31.65    -8.90   -16.83        31.65    -8.90   -16.83     0.000
  -36.07    -4.49   -42.48       -36.07    -4.49   -42.48     0.000
    2.34    -8.12    26.83         2.34    -8.12    26.83     0.000
    5.85     6.61   -16.38         5.85     6.61   -16.38     0.000
   -7.14     2.26    33.68        -7.14     2.26    33.68     0.000
   11.35    -0.75   -21.57        11.35    -0.75   -21.57     0.000
   28.08    -0.36    21.09        28.08    -0.36    21.09     0.000
    1.28   -17.86    -9.69         1.28   -17.86    -9.69     0.000
   11.38    18.20   -25.64        11.38    18.20   -25.64     0.000
