200 PA4-E-Debug-Output.txt 0
   -9.92    22.41    18.39        -9.92    22.40    18.40     0.012
  -11.83     2.89    14.79       -11.86     2.89    14.80     0.025
  -10.14    24.44    28.37       -10.19    24.55    28.40     0.128
    0.07   -19.10   -27.58         0.11   -19.11   -27.58     0.049
   28.75    -9.43     1.00        28.75    -9.44     1.01     0.010
  -39.74   -22.52   -28.25       -39.71   -22.50   -28.24     0.038
   20.04   -11.82   -20.78        20.08   -11.79   -20.75     0.061
    0.89    19.98     6.32         0.96    19.92     6.36     0.099
   11.95    22.05    36.00        11.96    22.00    36.00     0.044
   22.12    10.62    50.60        22.16    10.63    50.60     0.036
   32.81     9.79   -24.67        32.69     9.76   -24.62     0.140
  -16.55   -31.61   -32.12       -16.54   -31.64   -32.12     0.035
    6.08    18.17    -4.65         6.05    18.18    -4.67     0.036
   -3.55   -20.12   -11.63        -3.59   -20.04   -11.69     0.100
    2.49    19.76    44.42         2.48    19.82    44.43     0.064
   -2.81    19.68    11.24        -2.85    19.72    11.20     0.063
   -3.53    19.41    11.57        -3.50    19.38    11.59     0.044
    2.39    20.82     5.23         2.42    20.79     5.26     0.053
   13.98    13.48   -17.07        14.07    13.54   -17.05     0.106
   -6.84     5.76    56.93        -7.12     5.76    56.93     0.279
  -16.16    -9.82    -0.71       -16.11    -9.79    -0.77     0.087
  -32.17   -23.60   -41.15       -32.14   -23.56   -41.10     0.071
   16.66    -6.13    25.26        16.67    -6.21    25.27     0.084
  -13.79   -11.27    -0.78       -13.84   -11.34    -0.73     0.102
  -10.34    16.72    15.32       -10.34    16.72    15.32     0.001
   -5.72   -24.60   -34.86        -5.73   -24.59   -34.85     0.019
   -2.03    15.27    60.12        -2.19    15.49    60.16     0.271
    6.14    20.03    -3.84         6.19    20.01    -3.82     0.055
   33.74    17.20     4.54        33.71    17.18     4.53     0.036
  -18.49    -4.41   -47.75       -18.48    -4.40   -47.76     0.011
  -16.35    15.58    22.02       -16.33    15.59    22.02     0.022
    5.79    19.92    -3.50         5.96    19.84    -3.43     0.203
   26.99    -3.34    19.07        26.98    -3.33    19.07     0.021
   12.56   -15.14   -13.77        12.56   -15.22   -13.80     0.086
   23.78     3.07    40.56        23.71     3.08    40.55     0.076
  -37.37    -0.14   -38.72       -37.33    -0.17   -38.69     0.061
    2.27    19.31    47.15         2.25    19.40    47.16     0.095
  -42.07   -17.99   -27.97       -42.18   -18.05   -27.97     0.119
   -5.59    11.01    51.28        -5.84    11.10    51.27     0.270
   20.85    18.87    33.72        20.78    18.83    33.70     0.081
    3.11    -3.03   -24.49         3.09    -3.05   -24.45     0.041
   32.00    -7.08     4.30        32.02    -7.09     4.30     0.019
   -8.69   -15.38   -44.44        -8.62   -15.41   -44.52     0.105
   33.59    12.97   -20.38        33.56    12.95   -20.37     0.038
  -40.17    -6.39   -14.57       -40.19    -6.39   -14.56     0.020
  -18.06   -21.45    -7.88       -18.06   -21.45    -7.88     0.004
   -6.81     7.72    52.48        -6.77     7.71    52.48     0.040
   -2.91    24.18    21.08        -2.91    24.12    21.08     0.056
   -0.23   -12.26   -33.68        -0.33   -12.31   -33.64     0.111
   -1.79   -10.23   -37.01        -1.79   -10.23   -37.01     0.001
   29.82    -7.22     8.05        29.79    -7.08     7.99     0.160
   30.98     0.26    16.74        30.95     0.26    16.72     0.035
   -7.70    -6.41    16.88        -7.78    -6.49    16.90     0.110
   16.31    20.82    42.93        16.33    20.88    42.93     0.068
    3.70    14.16    63.13         3.70    14.16    63.14     0.009
  -19.91   -14.82   -48.74       -19.91   -14.80   -48.68     0.063
   12.77    24.70    -9.40        12.77    24.71    -9.40     0.008
   13.45    22.17    45.87        13.48    22.05    45.86     0.123
   -8.59   -23.44   -12.95        -8.56   -23.48   -12.91     0.054
  -18.82   -23.05    -8.74       -18.82   -23.03    -8.78     0.044
    7.73    24.67    16.44         7.73    24.63    16.43     0.044
  -28.81   -27.34   -39.02       -28.83   -27.39   -39.05     0.068
  -24.04    10.61   -33.10       -24.07    10.77   -33.15     0.167
   22.70   -14.97   -16.24        22.72   -15.05   -16.27     0.093
    9.07    14.41    -9.53         9.05    14.41    -9.55     0.023
   10.90    -6.23    38.80        10.91    -6.33    38.80     0.102
   16.50    -3.42    59.19        16.61    -3.54    59.19     0.160
   -4.35    -5.92    31.32        -4.38    -5.96    31.33     0.055
   28.49    21.29     8.17        28.51    21.32     8.18     0.037
    8.45    16.57    63.17         8.45    16.57    63.22     0.043
    3.41     4.31   -19.69         3.48     4.41   -19.80     0.169
    9.77     7.20   -15.34         9.76     7.17   -15.29     0.061
   28.99    21.45    -2.65        29.12    21.61    -2.65     0.207
   28.94    -4.80   -26.11        28.94    -4.80   -26.08     0.028
   17.81    23.95    16.09        17.82    23.98    16.10     0.028
   -4.13    14.15    57.26        -4.01    14.06    57.24     0.154
  -43.47   -14.28   -24.65       -43.44   -14.28   -24.66     0.032
   16.48    -9.18   -21.28        16.48    -9.19   -21.29     0.009
   33.84    16.94     4.79        33.88    16.97     4.79     0.045
  -14.38     3.98    -3.56       -14.36     3.95    -3.56     0.036
   26.31    23.82    -1.25        26.30    23.80    -1.25     0.016
   19.48    -6.32    19.79        19.47    -6.27    19.78     0.052
   -6.58    -5.24   -42.96        -6.61    -5.27   -42.92     0.063
    2.03    -1.11    63.35         2.03    -1.11    63.35     0.001
   18.85    16.74    49.46        19.00    16.86    49.48     0.194
    8.06    -2.08   -22.35         8.06    -2.08   -22.36     0.010
   33.27    10.24    12.78        33.29    10.24    12.79     0.020
   12.20    23.56   -11.58        12.23    23.50   -11.56     0.070
   10.45    15.87    63.20        10.45    15.87    63.15     0.046
  -14.75    12.82    30.45       -14.68    12.87    30.41     0.092
  -32.54    -2.42   -10.03       -32.51    -2.43    -9.95     0.087
   34.46    -5.85   -15.86        34.45    -5.84   -15.86     0.017
   -3.18   -24.43   -22.98        -3.17   -24.44   -22.98     0.004
   20.77    14.18    50.51        20.76    14.17    50.51     0.012
  -16.72   -30.85   -19.16       -16.71   -30.87   -19.15     0.025
   -1.87    15.47     4.59        -1.87    15.48     4.59     0.003
    2.91    -8.93    22.49         2.88    -8.82    22.47     0.110
   19.55    25.56   -14.79        19.55    25.60   -14.79     0.042
  -28.50     9.39   -32.61       -28.46     9.33   -32.59     0.069
   10.98    -6.55    32.69        10.97    -6.46    32.68     0.091
   -4.36   -21.16   -12.93        -4.39   -21.08   -12.96     0.087
   21.00    18.27    33.93        21.03    18.29    33.94     0.030
   25.96    10.68    29.38        25.97    10.68    29.38     0.002
  -10.62     3.70   -40.25       -10.62     3.70   -40.25     0.001
  -11.31     0.01    14.12       -11.35    -0.00    14.13     0.038
  -40.13   -15.74   -32.91       -40.08   -15.73   -32.88     0.066
  -16.39    -9.87   -48.57       -16.38    -9.86   -48.62     0.049
  -27.10    11.30   -24.02       -27.09    11.27   -24.02     0.031
  -35.11     0.25   -12.76       -35.10     0.25   -12.76     0.001
   24.52    -3.76    22.51        24.49    -3.71    22.50     0.053
   15.29    -4.90    52.38        15.29    -4.89    52.38     0.010
   34.58    -0.63    12.26        34.61    -0.63    12.27     0.028
    5.13    -7.17    52.92         5.13    -7.26    52.91     0.084
   -6.47     8.87    51.42        -6.52     8.88    51.42     0.050
  -25.74     6.22   -40.46       -25.75     6.22   -40.46     0.004
  -33.84   -20.89   -41.82       -33.85   -20.90   -41.83     0.014
   30.87     0.91    17.42        30.75     0.94    17.35     0.143
   11.97    25.92    11.48        11.98    25.85    11.45     0.074
    6.19     0.61    63.37         6.19     0.61    63.36     0.016
    0.97    24.21    18.80         1.02    23.98    18.80     0.225
   23.13    12.78    39.41        23.20    12.80    39.42     0.069
  -26.34   -29.41   -15.92       -26.34   -29.40   -15.92     0.008
  -14.55    10.75   -29.94       -14.56    10.73   -29.93     0.028
  -37.28   -25.05   -29.50       -37.36   -25.13   -29.51     0.106
  -12.23    10.31   -22.92       -12.22    10.34   -22.92     0.029
   -7.83   -11.94   -44.98        -7.83   -11.94   -44.99     0.004
  -13.77   -18.44   -45.99       -13.73   -18.50   -46.09     0.124
    4.27   -12.99   -23.67         4.22   -12.96   -23.63     0.077
   -0.97    23.98    21.89        -0.97    24.10    21.89     0.120
  -31.20     4.72   -39.67       -31.14     4.67   -39.60     0.105
  -37.71     1.71   -35.55       -37.77     1.78   -35.58     0.098
  -30.60     6.14   -38.09       -30.60     6.12   -38.08     0.021
  -11.84   -25.49   -40.72       -11.85   -25.48   -40.71     0.020
   19.85    14.01    59.64        19.77    13.95    59.63     0.104
   -8.78    -6.56    12.70        -8.85    -6.62    12.72     0.092
   15.71    24.78    14.48        15.71    24.72    14.46     0.064
   -5.06    19.57    13.02        -5.12    19.63    12.91     0.143
   23.93    24.50     1.29        24.02    24.70     1.31     0.222
  -25.38   -17.20   -47.51       -25.38   -17.20   -47.51     0.002
   -6.87   -12.50     1.01        -6.88   -12.59     1.05     0.109
    2.96    -5.71    63.42         2.96    -5.71    63.47     0.045
   31.27     3.42    17.13        31.33     3.42    17.17     0.072
   -7.88    -5.91    17.55        -7.95    -5.96    17.58     0.093
   21.89     2.58    50.91        21.83     2.61    50.90     0.075
   33.09     6.67    14.14        33.14     6.68    14.17     0.066
   24.99    24.26    -7.64        24.94    24.15    -7.64     0.126
   -8.19     5.77    30.47        -8.25     5.75    30.48     0.065
   36.26    14.48     4.70        36.25    14.48     4.70     0.011
    1.65    -7.01    35.59         1.65    -7.07    35.59     0.056
   11.09   -15.74    -0.88        11.10   -15.63    -0.90     0.121
   22.33    -3.28    28.36        22.40    -3.36    28.39     0.110
    1.76    -6.88    38.78         1.76    -6.89    38.78     0.016
  -13.89     5.13    -8.19       -13.93     5.23    -8.17     0.105
   27.30     4.65    27.32        27.15     4.66    27.28     0.153
    6.22    -9.94    15.36         6.18    -9.81    15.33     0.138
   19.97    17.24    42.03        20.03    17.29    42.04     0.077
  -43.90    -9.88   -23.77       -43.97    -9.89   -23.75     0.075
   37.87     5.69   -12.18        37.95     5.72   -12.22     0.093
  -28.74   -30.96   -22.82       -28.82   -31.13   -22.78     0.191
   14.42    -5.87    39.16        14.40    -5.78    39.17     0.094
    1.94    -4.50   -25.88         1.93    -4.51   -25.85     0.032
   -1.70   -10.74    12.66        -1.71   -10.76    12.67     0.023
  -26.93   -14.74   -47.73       -26.93   -14.73   -47.71     0.029
  -12.66   -30.37   -32.68       -12.69   -30.29   -32.66     0.087
   -8.70    -5.41    15.02        -8.83    -5.48    15.05     0.141
   19.25   -11.17   -20.56        19.30   -11.12   -20.51     0.083
   20.55    24.14    11.11        20.58    24.22    11.13     0.080
   -2.35   -15.45   -38.23        -2.29   -15.45   -38.26     0.073
   -4.17    -3.73    41.27        -4.24    -3.79    41.26     0.095
   -9.06    -0.98   -42.48        -9.02    -0.96   -42.53     0.069
   33.85    -0.30    13.08        33.89    -0.31    13.12     0.057
   29.41     3.65    20.74        29.38     3.65    20.73     0.034
  -31.21   -29.44   -20.20       -31.20   -29.42   -20.21     0.028
   -5.76    -0.26    48.86        -5.85    -0.29    48.86     0.103
    9.16    19.62    -9.33         9.13    19.63    -9.35     0.038
   36.75    12.26   -10.13        36.70    12.24   -10.11     0.056
   15.33   -11.66     5.33        15.33   -11.65     5.32     0.018
   -1.06    -6.03    46.16        -0.99    -5.87    46.16     0.173
   -4.37    17.85    44.32        -4.29    17.70    44.27     0.176
  -15.72   -11.29    -1.86       -15.64   -11.17    -1.96     0.180
  -39.12   -22.85   -30.11       -39.13   -22.86   -30.11     0.013
  -18.74   -23.74   -44.51       -18.72   -23.77   -44.55     0.052
   12.00    18.49   -17.88        12.01    18.50   -17.88     0.012
   39.11     1.90     6.08        39.15     1.89     6.09     0.047
   20.93    -5.57   -24.39        20.92    -5.57   -24.41     0.017
  -42.44    -4.31   -18.58       -42.35    -4.34   -18.60     0.102
    5.77    23.50     4.05         5.70    23.62     4.01     0.142
  -15.79   -28.03   -14.39       -15.78   -28.05   -14.38     0.024
    8.80   -12.79   -20.07         8.76   -12.72   -20.02     0.087
   -0.60   -19.81   -30.65        -0.61   -19.80   -30.65     0.018
   25.08    21.57    13.45        25.07    21.55    13.45     0.018
   -5.11   -17.68    -7.60        -5.11   -17.68    -7.59     0.006
    7.60   -13.36     3.17         7.60   -13.37     3.17     0.002
  -22.59   -12.89    -5.41       -22.61   -12.93    -5.34     0.080
  -43.90    -6.76   -25.16       -43.92    -6.75   -25.16     0.022
    1.02    -5.81   -27.21         1.05    -5.80   -27.23     0.033
   -5.92    -8.33    17.09        -5.87    -8.28    17.07     0.069
  -34.92   -19.20   -10.92       -34.93   -19.20   -10.91     0.008
   11.06    19.05   -13.35        11.15    19.08   -13.32     0.098
  -18.59    -4.04   -47.58       -18.58    -4.03   -47.62     0.042
