200 PA4-F-Debug-Answer.txt 0
   -1.93   -11.52   -37.39        -1.90   -11.52   -37.41     0.033
   -8.69   -24.87   -14.73        -8.68   -24.90   -14.71     0.029
   -5.09    12.46     5.08        -5.10    12.47     5.08     0.013
   -8.78     8.39    32.57        -8.86     8.34    32.60     0.101
   29.16   -11.61   -16.41        29.12   -11.54   -16.40     0.074
   -5.88     2.13   -32.58        -5.90     2.12   -32.58     0.021
  -30.67     6.76   -36.88       -30.65     6.73   -36.87     0.039
   35.10     1.96   -20.64        35.13     1.96   -20.65     0.033
  -29.69   -30.42   -31.91       -29.68   -30.40   -31.90     0.026
  -12.16   -27.44   -15.77       -12.16   -27.52   -15.73     0.086
  -23.27     3.77   -43.54       -23.27     3.79   -43.58     0.049
   -6.93     3.34    52.40        -6.84     3.35    52.41     0.094
   18.75    21.22    30.26        18.76    21.24    30.27     0.025
  -13.13   -12.05   -47.66       -13.12   -12.06   -47.68     0.027
   -9.36    24.66    29.32        -9.36    24.55    29.28     0.108
  -22.99    -8.14   -48.89       -22.98    -8.12   -48.93     0.057
  -14.39   -26.99   -13.57       -14.40   -26.96   -13.58     0.030
   -5.19     9.26    -5.23        -5.18     9.25    -5.22     0.015
    6.94    -7.38    56.62         6.93    -7.28    56.62     0.094
  -15.05   -15.46   -47.87       -15.06   -15.45   -47.83     0.037
    9.90    24.12    -5.53         9.93    24.10    -5.51     0.043
   20.76    16.23    42.24        20.83    16.27    42.25     0.081
   11.57    -2.72    63.26        11.56    -2.72    63.23     0.030
   -7.27    -8.79   -44.73        -7.32    -8.80   -44.68     0.075
    2.86     8.42   -15.47         2.86     8.39   -15.46     0.028
   -3.12   -21.26   -15.32        -3.11   -21.27   -15.31     0.020
   -7.79     1.91    28.75        -7.91     1.89    28.77     0.123
   -4.81    11.23     0.78        -4.78    11.18     0.80     0.059
   -7.52    15.59    12.85        -7.60    15.67    12.77     0.146
    1.52    -2.39   -25.19         1.54    -2.38   -25.21     0.029
   -1.83    -8.34   -34.23        -1.87    -8.36   -34.23     0.041
    5.77    -2.98    63.42         5.77    -2.98    63.38     0.042
   -9.37   -27.90   -34.56        -9.38   -27.89   -34.55     0.025
   16.29    19.48    50.00        16.27    19.46    50.00     0.029
  -11.88     4.49   -40.73       -11.91     4.45   -40.70     0.063
   -0.29   -20.70   -25.35        -0.31   -20.68   -25.34     0.028
   24.80    -5.81    13.92        24.81    -5.84    13.92     0.034
   -8.07    -5.92    17.59        -8.01    -5.88    17.58     0.076
  -20.52    12.22   -29.12       -20.52    12.25   -29.12     0.031
   26.27    23.53    -6.23        26.30    23.59    -6.23     0.067
    9.69    16.77    -9.77         9.72    16.78    -9.75     0.036
  -10.81   -26.22   -14.89       -10.82   -26.20   -14.90     0.024
  -14.93    -5.01     3.71       -14.87    -4.99     3.67     0.078
    2.75    21.82    34.54         2.75    21.74    34.53     0.085
  -18.82     8.89   -18.12       -18.81     8.85   -18.14     0.050
   10.36     9.03   -13.87        10.36     8.96   -13.82     0.090
  -34.69   -26.96   -20.40       -34.71   -26.99   -20.39     0.045
   -5.38    -8.67    17.43        -5.36    -8.64    17.43     0.031
   -9.42     8.77   -21.40        -9.36     8.89   -21.40     0.134
   26.36     7.67   -30.30        26.36     7.67   -30.28     0.018
   -4.77    13.54     6.51        -4.72    13.47     6.55     0.098
   -2.01    -9.50    20.90        -2.01    -9.39    20.88     0.103
   16.41     7.02   -20.89        16.32     7.01   -20.91     0.097
   -8.89     8.26   -13.66        -8.88     8.13   -13.66     0.125
  -31.69    -6.29    -8.49       -31.68    -6.32    -8.54     0.052
   -8.90   -23.39   -12.54        -8.90   -23.38   -12.54     0.000
  -25.44   -19.38    -6.82       -25.44   -19.39    -6.86     0.041
   19.12     1.59   -23.96        19.13     1.60   -23.95     0.018
    5.54    20.60    42.54         5.54    20.61    42.54     0.008
   38.56     4.36     8.00        38.54     4.35     7.98     0.028
  -37.88   -21.16   -36.76       -37.76   -21.09   -36.70     0.149
  -31.28   -29.07   -19.15       -31.27   -29.05   -19.16     0.031
   23.28    23.40    10.53        23.26    23.33    10.51     0.072
   11.68     8.49    63.04        11.68     8.49    63.02     0.016
  -16.03    15.60    30.04       -16.06    15.60    30.05     0.033
   20.26    -1.99    44.50        20.25    -1.98    44.50     0.007
   24.97   -14.58   -13.65        24.88   -14.46   -13.65     0.151
   26.34   -12.20    -4.47        26.33   -12.18    -4.47     0.017
   33.89    15.51   -15.82        33.69    15.41   -15.73     0.243
   29.15    -8.63     2.85        29.14    -8.60     2.84     0.034
  -40.09   -10.64   -35.91       -40.14   -10.64   -35.91     0.046
    1.17    19.04     4.89         1.23    19.00     4.93     0.084
    5.85    19.45    -3.35         5.80    19.47    -3.37     0.050
   -7.51     7.39    40.10        -7.30     7.40    40.06     0.209
   22.13     0.08    41.03        22.16     0.07    41.03     0.025
   17.48    11.88    63.22        17.48    11.88    63.18     0.049
  -24.37     1.18   -45.46       -24.37     1.18   -45.47     0.006
   23.98    17.24   -27.72        23.98    17.24   -27.72     0.000
  -25.05     2.51   -43.99       -25.08     2.58   -44.08     0.126
  -25.53   -29.86   -36.28       -25.55   -29.93   -36.32     0.083
  -14.41    13.75    19.26       -14.39    13.76    19.28     0.034
  -26.46    -2.68    -9.83       -26.40    -2.75    -9.94     0.142
   38.37     0.00    -1.43        38.34     0.02    -1.43     0.036
    0.34   -14.53   -29.61         0.39   -14.54   -29.62     0.052
    7.02    20.13    55.75         7.05    20.05    55.75     0.089
   38.41    10.81     0.36        38.47    10.85     0.36     0.071
    8.38    20.21    59.61         8.38    20.21    59.61     0.007
  -29.36     7.34   -36.76       -29.36     7.36   -36.77     0.024
  -18.20   -12.41   -48.87       -18.19   -12.42   -48.91     0.043
  -22.99    -3.05   -47.47       -22.99    -3.05   -47.46     0.009
   26.47     4.74    30.21        26.31     4.75    30.17     0.163
    0.91   -13.78   -28.43         0.91   -13.78   -28.43     0.001
   14.33    23.75    19.60        14.36    23.89    19.62     0.141
   24.49    -3.61   -26.60        24.48    -3.59   -26.54     0.063
   -3.06     4.17   -24.21        -3.04     4.19   -24.22     0.032
    2.24    -9.09    22.08         2.24    -9.07    22.07     0.025
  -11.80   -24.24   -11.77       -11.78   -24.26   -11.72     0.056
   30.48     4.16   -28.48        30.39     4.13   -28.33     0.175
  -10.04    -3.70    14.03       -10.02    -3.68    14.02     0.033
  -17.72   -13.88   -48.62       -17.70   -13.88   -48.68     0.066
  -34.92   -26.08   -18.24       -34.91   -26.07   -18.24     0.020
  -21.18   -30.56   -16.45       -21.19   -30.60   -16.42     0.048
    0.76    -6.80    54.25         0.79    -6.73    54.26     0.082
   15.07    10.20   -17.57        15.11    10.19   -17.54     0.049
   -4.35    24.27    28.91        -4.35    24.27    28.91     0.003
    0.32    -5.66    63.44         0.32    -5.66    63.49     0.049
   10.88    21.99    34.96        10.88    22.00    34.96     0.008
   -0.95    -5.66    49.95        -0.99    -5.75    49.95     0.101
   -4.67     8.61   -13.80        -4.69     8.69   -13.81     0.083
   -1.21    -5.60    63.04        -1.24    -5.66    63.06     0.074
  -33.44   -27.40   -18.45       -33.43   -27.38   -18.46     0.017
  -28.31    -9.10    -7.31       -28.31    -9.07    -7.25     0.066
   -4.77    16.65    10.23        -4.74    16.61    10.26     0.055
   22.64    24.88   -16.55        22.64    24.89   -16.55     0.013
   29.57    -3.65   -26.03        29.56    -3.65   -26.09     0.064
    8.33    14.96    63.21         8.33    14.96    63.19     0.018
   16.80   -13.40     0.66        16.84   -13.51     0.71     0.129
   33.09    -6.61   -10.32        33.10    -6.62   -10.32     0.004
  -22.86   -11.31   -49.23       -22.86   -11.30   -49.21     0.021
  -22.09   -17.18   -47.85       -22.09   -17.21   -47.93     0.080
  -31.23   -29.24   -19.37       -31.21   -29.19   -19.39     0.063
  -30.70    -5.96   -46.54       -30.73    -5.94   -46.59     0.063
   -3.82   -20.86   -36.89        -3.86   -20.83   -36.86     0.055
   28.07    17.54   -23.89        28.08    17.55   -23.90     0.022
  -12.27    -7.34   -47.52       -12.28    -7.34   -47.50     0.025
   31.17     1.78    17.19        31.12     1.79    17.16     0.058
   14.66   -10.06   -20.57        14.66   -10.05   -20.56     0.019
   -8.41    -4.68   -44.16        -8.44    -4.70   -44.12     0.050
   -8.12   -12.77     0.50        -8.11   -12.69     0.46     0.088
  -37.86   -22.89   -17.84       -37.80   -22.84   -17.87     0.077
   -0.43    24.11    24.29        -0.44    24.01    24.29     0.094
   20.74     6.37   -28.76        20.73     6.36   -28.77     0.016
   -1.20    10.38    -7.34        -1.20    10.39    -7.35     0.019
   27.55    -4.47    15.68        27.46    -4.36    15.64     0.145
   11.41    -6.42    40.98        11.41    -6.39    40.98     0.029
  -27.30   -11.05    -6.72       -27.30   -11.03    -6.65     0.075
   -6.46     9.03    57.89        -6.54     9.05    57.89     0.078
    6.59   -16.06   -16.67         6.59   -16.05   -16.67     0.006
  -26.43     3.17   -13.40       -26.43     3.15   -13.45     0.056
  -11.70    23.73    29.47       -11.69    23.69    29.46     0.042
   40.07     2.58    -3.07        40.03     2.61    -3.07     0.048
    0.63    -9.98   -29.11         0.59    -9.99   -29.08     0.050
   -5.90    10.91    56.31        -5.74    10.83    56.32     0.175
   22.25     9.18   -30.15        22.25     9.18   -30.15     0.001
  -40.33     1.37   -26.73       -40.33     1.38   -26.73     0.003
   -4.32    22.68    16.37        -4.31    22.64    16.40     0.057
   12.26     5.09   -17.48        12.27     5.05   -17.43     0.066
   30.98    19.95     1.81        31.07    20.02     1.81     0.117
  -25.41   -24.49   -43.18       -25.41   -24.49   -43.17     0.006
   -1.03    24.16    21.30        -1.03    24.08    21.31     0.081
   -6.39   -27.15   -24.31        -6.33   -27.23   -24.30     0.105
    4.56     3.35   -20.03         4.58     3.38   -20.06     0.051
   36.72     3.96    10.10        36.80     3.96    10.17     0.104
   13.94    21.41   -29.33        13.95    21.38   -29.28     0.056
    9.47    24.05    -5.14         9.54    23.97    -5.09     0.113
    7.85    22.56    31.26         7.86    22.37    31.24     0.187
   -3.51   -10.56   -40.52        -3.49   -10.56   -40.53     0.023
   27.38    -2.99    18.70        27.45    -3.07    18.74     0.110
   37.15    -1.91     7.86        37.09    -1.86     7.84     0.080
   37.37    -2.03     6.18        37.34    -2.01     6.18     0.037
  -14.19    19.37    19.88       -14.31    19.43    19.81     0.153
    7.14     2.34   -19.94         7.14     2.34   -19.94     0.000
    0.31   -17.69   -28.87         0.27   -17.68   -28.85     0.047
   -6.95    -5.95   -43.54        -6.92    -5.93   -43.58     0.045
   -7.85   -21.66   -11.07        -7.82   -21.71   -11.04     0.063
   -0.46    19.44    44.20        -0.46    19.45    44.20     0.006
  -13.67   -19.03   -45.70       -13.66   -19.05   -45.73     0.038
    7.60    25.65     8.03         7.66    25.44     8.02     0.216
    0.24     9.37   -12.54         0.24     9.41   -12.55     0.044
   -6.43    18.84    13.19        -6.43    18.84    13.19     0.004
   -6.34     9.02    59.30        -6.55     9.09    59.29     0.218
   31.05     2.30    17.59        31.01     2.31    17.57     0.045
  -14.00   -19.99   -45.27       -13.99   -20.00   -45.28     0.018
   22.88    18.72    26.03        22.83    18.68    26.01     0.066
  -35.27   -22.32   -13.34       -35.22   -22.27   -13.38     0.072
  -26.17     6.73   -39.54       -26.17     6.72   -39.53     0.009
  -10.10     8.03   -13.02       -10.09     8.00   -13.03     0.034
  -37.38     3.99   -31.53       -37.37     3.98   -31.52     0.011
   23.22    -0.55    35.14        23.29    -0.62    35.17     0.102
   -3.40     7.45   -19.15        -3.41     7.37   -19.12     0.088
   24.47   -14.72   -14.67        24.48   -14.75   -14.67     0.029
  -29.48   -26.98   -13.70       -29.49   -26.99   -13.69     0.018
   11.05    23.45    24.16        11.05    23.45    24.16     0.004
   -6.58     1.08    57.31        -6.35     1.16    57.31     0.237
   -8.40    -2.82    23.25        -8.38    -2.81    23.25     0.029
  -30.12   -27.20   -14.58       -30.09   -27.17   -14.60     0.045
   28.22    -7.04     8.90        28.24    -7.11     8.92     0.069
    8.92    -6.71    38.06         8.90    -6.60    38.06     0.111
  -29.44     9.36   -31.76       -29.43     9.34   -31.75     0.024
  -32.16   -12.41   -46.63       -32.16   -12.41   -46.64     0.011
  -40.06    -6.14   -36.24       -40.22    -6.13   -36.24     0.156
   -0.16    16.36     3.85        -0.21    16.45     3.80     0.113
    7.67    -8.35    19.36         7.64    -8.24    19.33     0.121
  -13.75    -8.92   -47.80       -13.74    -8.90   -47.86     0.060
   26.92     8.74    27.65        26.92     8.74    27.65     0.002
   22.06     4.33    52.86        21.90     4.36    52.83     0.162
    0.18   -12.43   -31.45         0.15   -12.44   -31.45     0.026
    4.33    23.31    26.51         4.33    23.25    26.51     0.054
    7.50    -7.11    52.80         7.50    -7.16    52.80     0.043
    9.47    -7.33    23.86         9.46    -7.23    23.85     0.097
