200 PA4-D-Debug-Answer.txt 0
  -14.84   -27.05   -40.33       -14.84   -27.05   -40.33     0.000
   30.44    12.40    15.90        30.44    12.40    15.90     0.000
    6.75    21.22    38.49         6.75    21.22    38.49     0.000
   -6.28     3.05   -31.73        -6.28     3.05   -31.73     0.000
  -12.25    10.70    18.30       -12.25    10.70    18.30     0.000
  -20.51    -2.26   -47.31       -20.51    -2.26   -47.31     0.000
    1.95    18.64    52.38         1.95    18.64    52.38     0.000
   -3.76    -4.87    38.65        -3.76    -4.87    38.65     0.000
  -29.71   -24.34   -42.04       -29.71   -24.34   -42.04     0.000
   30.36   -10.53   -14.55        30.36   -10.53   -14.55     0.000
  -14.45     0.04   -45.58       -14.45     0.04   -45.58     0.000
   16.32    -6.49    22.89        16.32    -6.49    22.89     0.000
    0.58   -11.05    11.70         0.58   -11.05    11.70     0.000
   34.23    10.51    11.37        34.23    10.51    11.37     0.000
   -8.11     8.34    35.93        -8.11     8.34    35.93     0.000
   -1.95    23.73    29.43        -1.95    23.73    29.43     0.000
   -5.56    13.92     8.12        -5.56    13.92     8.12     0.000
   -0.02   -12.83     1.45        -0.02   -12.83     1.45     0.000
   -1.45    -5.84    44.01        -1.45    -5.84    44.01     0.000
   16.96   -16.48    -3.85        16.96   -16.48    -3.85     0.000
    4.77   -15.06    -3.82         4.77   -15.06    -3.82     0.000
   34.52    -4.96     5.54        34.52    -4.96     5.54     0.000
   -6.59   -11.50     3.94        -6.59   -11.50     3.94     0.000
   -3.70    -4.90    38.76        -3.70    -4.90    38.76     0.000
   17.94   -11.65     3.45        17.94   -11.65     3.45     0.000
   33.89    11.32   -20.97        33.89    11.32   -20.97     0.000
   22.31    14.63    38.60        22.31    14.63    38.60     0.000
   20.10   -11.00     2.33        20.10   -11.00     2.33     0.000
   -0.10   -17.76   -30.76        -0.10   -17.76   -30.76     0.000
   15.34     0.91    62.98        15.34     0.91    62.98     0.000
   -7.39    16.51    13.12        -7.39    16.51    13.12     0.000
  -15.28   -27.65   -14.08       -15.28   -27.65   -14.08     0.000
  -16.03     5.87   -12.58       -16.03     5.87   -12.58     0.000
   25.30     6.58   -30.27        25.30     6.58   -30.27     0.000
    7.37   -13.28     3.26         7.37   -13.28     3.26     0.000
  -13.00    11.14    29.68       -13.00    11.14    29.68     0.000
    0.87    20.38    41.64         0.87    20.38    41.64     0.000
   -4.36    -3.01    59.48        -4.36    -3.01    59.48     0.000
   12.51    -6.14    51.76        12.51    -6.14    51.76     0.000
  -17.18    -7.39    -0.50       -17.18    -7.39    -0.50     0.000
  -16.21   -31.94   -30.01       -16.21   -31.94   -30.01     0.000
   -7.42   -23.46   -14.07        -7.42   -23.46   -14.07     0.000
   -4.49    -7.77    23.74        -4.49    -7.77    23.74     0.000
   -2.70    -4.80    62.63        -2.70    -4.80    62.63     0.000
   38.48     5.38   -11.47        38.48     5.38   -11.47     0.000
    9.98    25.35    -1.00         9.98    25.35    -1.00     0.000
   -3.95    -1.99   -34.60        -3.95    -1.99   -34.60     0.000
   -8.49     6.26    30.32        -8.49     6.26    30.32     0.000
    3.52    -2.03   -23.78         3.52    -2.03   -23.78     0.000
    4.38    -7.38    56.30         4.38    -7.38    56.30     0.000
   -0.39    17.31     5.09        -0.39    17.31     5.09     0.000
  -27.76   -29.86   -17.60       -27.76   -29.86   -17.60     0.000
   20.13    -2.01    44.81        20.13    -2.01    44.81     0.000
   -4.43    16.68    10.01        -4.43    16.68    10.01     0.000
   25.18    -9.14   -23.78        25.18    -9.14   -23.78     0.000
   11.15    10.13   -12.81        11.15    10.13   -12.81     0.000
   24.16    18.24    23.22        24.16    18.24    23.22     0.000
    1.52    -7.12    61.19         1.52    -7.12    61.19     0.000
   25.58     7.86    32.72        25.58     7.86    32.72     0.000
    8.21    25.22    13.26         8.21    25.22    13.26     0.000
   37.92    11.54     4.94        37.92    11.54     4.94     0.000
  -18.40   -32.52   -29.03       -18.40   -32.52   -29.03     0.000
   -6.89    -9.60     8.82        -6.89    -9.60     8.82     0.000
   -2.16    12.04    -1.89        -2.16    12.04    -1.89     0.000
   -3.38     8.59   -15.67        -3.38     8.59   -15.67     0.000
   10.63    -6.66    29.14        10.63    -6.66    29.14     0.000
  -13.11    23.25    22.91       -13.11    23.25    22.91     0.000
    0.39   -10.47    15.61         0.39   -10.47    15.61     0.000
    8.20    10.88    63.23         8.20    10.88    63.23     0.000
   12.78     5.40   -17.21        12.78     5.40   -17.21     0.000
   31.77    15.05   -21.43        31.77    15.05   -21.43     0.000
  -33.83    -3.69    -9.55       -33.83    -3.69    -9.55     0.000
    0.07   -20.14   -25.10         0.07   -20.14   -25.10     0.000
  -23.07    -3.74    -6.95       -23.07    -3.74    -6.95     0.000
   -7.14    19.58    38.93        -7.14    19.58    38.93     0.000
   -1.80    16.04    57.37        -1.80    16.04    57.37     0.000
  -37.77   -18.83   -13.80       -37.77   -18.83   -13.80     0.000
  -32.33     5.14   -15.37       -32.33     5.14   -15.37     0.000
    3.49    -7.23    33.67         3.49    -7.23    33.67     0.000
  -21.14   -29.53   -14.76       -21.14   -29.53   -14.76     0.000
   -9.14   -28.26   -20.46        -9.14   -28.26   -20.46     0.000
   25.76    23.60   -15.42        25.76    23.60   -15.42     0.000
  -21.08   -26.53   -10.83       -21.08   -26.53   -10.83     0.000
    1.35    -6.98    56.48         1.35    -6.98    56.48     0.000
   23.99    -9.02     4.01        23.99    -9.02     4.01     0.000
    6.95     3.87    63.22         6.95     3.87    63.22     0.000
   11.20    22.91    28.35        11.20    22.91    28.35     0.000
   -6.86     6.88    61.80        -6.86     6.88    61.80     0.000
  -32.10     3.59   -14.13       -32.10     3.59   -14.13     0.000
   11.34    14.13    63.12        11.34    14.13    63.12     0.000
   -1.96     9.61    -9.60        -1.96     9.61    -9.60     0.000
   22.47    12.96    43.59        22.47    12.96    43.59     0.000
   24.23    -9.18   -23.90        24.23    -9.18   -23.90     0.000
   23.83     1.83    37.60        23.83     1.83    37.60     0.000
  -14.63     4.74    -7.32       -14.63     4.74    -7.32     0.000
  -12.89    -5.06     6.57       -12.89    -5.06     6.57     0.000
   26.31    -9.96     1.07        26.31    -9.96     1.07     0.000
   21.10     0.63    49.91        21.10     0.63    49.91     0.000
   -5.55    -8.64    16.65        -5.55    -8.64    16.65     0.000
  -15.68     2.11   -44.50       -15.68     2.11   -44.50     0.000
   34.72    15.84    -8.43        34.72    15.84    -8.43     0.000
   34.97    15.27    -4.64        34.97    15.27    -4.64     0.000
   -7.34    25.05    24.96        -7.34    25.05    24.96     0.000
   -6.69    10.93     4.45        -6.69    10.93     4.45     0.000
   17.94    26.70     2.57        17.94    26.70     2.57     0.000
  -17.20     7.32   -40.18       -17.20     7.32   -40.18     0.000
  -39.48   -15.11   -38.12       -39.48   -15.11   -38.12     0.000
   -0.86    10.94    -6.26        -0.86    10.94    -6.26     0.000
   -8.50     9.61    35.90        -8.50     9.61    35.90     0.000
  -40.51    -9.83   -14.31       -40.51    -9.83   -14.31     0.000
   -3.44   -19.14   -38.02        -3.44   -19.14   -38.02     0.000
   -3.66    -8.16    24.30        -3.66    -8.16    24.30     0.000
    9.13    22.78    29.11         9.13    22.78    29.11     0.000
   -6.98     7.60    44.05        -6.98     7.60    44.05     0.000
    6.09    -2.60    63.37         6.09    -2.60    63.37     0.000
  -15.65    18.16    30.33       -15.65    18.16    30.33     0.000
  -25.53   -32.08   -30.82       -25.53   -32.08   -30.82     0.000
   23.37     7.20    45.22        23.37     7.20    45.22     0.000
    5.21    -7.47    60.61         5.21    -7.47    60.61     0.000
   -6.29   -18.52    -8.47        -6.29   -18.52    -8.47     0.000
   18.67    14.08    62.10        18.67    14.08    62.10     0.000
   -7.65    18.44    39.45        -7.65    18.44    39.45     0.000
  -37.35    -1.71   -39.91       -37.35    -1.71   -39.91     0.000
   -9.87   -11.97   -46.67        -9.87   -11.97   -46.67     0.000
   31.05    18.62   -17.85        31.05    18.62   -17.85     0.000
   33.05     8.42   -24.41        33.05     8.42   -24.41     0.000
  -18.85   -29.46   -38.22       -18.85   -29.46   -38.22     0.000
   -0.74   -11.97     5.32        -0.74   -11.97     5.32     0.000
  -26.74     9.09   -35.53       -26.74     9.09   -35.53     0.000
  -39.53   -12.90   -33.59       -39.53   -12.90   -33.59     0.000
  -13.60   -25.63   -11.79       -13.60   -25.63   -11.79     0.000
   20.02     1.04    59.21        20.02     1.04    59.21     0.000
    3.33    -2.24   -23.95         3.33    -2.24   -23.95     0.000
   30.14    13.74    15.28        30.14    13.74    15.28     0.000
  -10.71    -0.80   -43.70       -10.71    -0.80   -43.70     0.000
    3.68    -7.83   -25.36         3.68    -7.83   -25.36     0.000
  -15.59    20.26    23.62       -15.59    20.26    23.62     0.000
   12.09    18.31   -18.08        12.09    18.31   -18.08     0.000
   -2.23    19.46    10.15        -2.23    19.46    10.15     0.000
  -10.81     6.73   -36.46       -10.81     6.73   -36.46     0.000
   37.49     1.37   -14.62        37.49     1.37   -14.62     0.000
   13.80   -12.29     4.88        13.80   -12.29     4.88     0.000
   19.08    26.71    -0.46        19.08    26.71    -0.46     0.000
   11.85    -3.27    63.23        11.85    -3.27    63.23     0.000
   -0.28    17.63    53.55        -0.28    17.63    53.55     0.000
   18.72    15.81    55.95        18.72    15.81    55.95     0.000
   -5.83    -0.37    54.56        -5.83    -0.37    54.56     0.000
    6.31    -1.08   -22.36         6.31    -1.08   -22.36     0.000
   -3.88   -22.17   -15.69        -3.88   -22.17   -15.69     0.000
    3.19     6.50   -17.71         3.19     6.50   -17.71     0.000
  -22.38    12.31   -27.63       -22.38    12.31   -27.63     0.000
  -38.68    -4.79   -39.75       -38.68    -4.79   -39.75     0.000
   31.35     8.21    16.80        31.35     8.21    16.80     0.000
   -7.10     5.45    57.65        -7.10     5.45    57.65     0.000
    2.82    20.32    42.33         2.82    20.32    42.33     0.000
   15.09     2.00    62.98        15.09     2.00    62.98     0.000
  -36.17     2.26   -37.64       -36.17     2.26   -37.64     0.000
  -11.45    -9.15     4.19       -11.45    -9.15     4.19     0.000
   -5.42    16.48    10.91        -5.42    16.48    10.91     0.000
  -29.17     8.14   -17.31       -29.17     8.14   -17.31     0.000
   21.48    18.14    32.78        21.48    18.14    32.78     0.000
  -40.04   -20.49   -18.96       -40.04   -20.49   -18.96     0.000
   15.95    18.03    60.07        15.95    18.03    60.07     0.000
  -38.62   -21.11   -34.89       -38.62   -21.11   -34.89     0.000
   -9.00   -26.17   -37.21        -9.00   -26.17   -37.21     0.000
    1.26   -18.41   -23.74         1.26   -18.41   -23.74     0.000
    1.85   -16.39   -25.20         1.85   -16.39   -25.20     0.000
   -6.24   -18.28    -8.05        -6.24   -18.28    -8.05     0.000
   29.51     7.96    20.28        29.51     7.96    20.28     0.000
  -21.40     9.74   -36.55       -21.40     9.74   -36.55     0.000
   11.23    18.70   -13.20        11.23    18.70   -13.20     0.000
   20.31    25.70   -12.03        20.31    25.70   -12.03     0.000
   -1.43    22.63    14.54        -1.43    22.63    14.54     0.000
  -22.04     8.13   -38.78       -22.04     8.13   -38.78     0.000
   38.47    10.33    -4.62        38.47    10.33    -4.62     0.000
    2.79    -5.34   -25.46         2.79    -5.34   -25.46     0.000
    0.98    -6.76    44.13         0.98    -6.76    44.13     0.000
   33.67    -5.75     5.26        33.67    -5.75     5.26     0.000
  -15.41    13.50    24.34       -15.41    13.50    24.34     0.000
  -18.62   -30.17   -16.29       -18.62   -30.17   -16.29     0.000
    4.37    18.50    62.19         4.37    18.50    62.19     0.000
   34.80    -4.08     0.06        34.80    -4.08     0.06     0.000
   15.46    11.95    63.18        15.46    11.95    63.18     0.000
   21.59    11.52    52.47        21.59    11.52    52.47     0.000
   31.27    15.04   -22.23        31.27    15.04   -22.23     0.000
   10.07     9.58   -13.12        10.07     9.58   -13.12     0.000
   -1.49    -6.67   -30.95        -1.49    -6.67   -30.95     0.000
   20.43    15.60    46.14        20.43    15.60    46.14     0.000
    7.46    -4.05    63.41         7.46    -4.05    63.41     0.000
  -32.87   -29.10   -27.87       -32.87   -29.10   -27.87     0.000
   -6.22     7.22    62.29        -6.22     7.22    62.29     0.000
  -38.65   -16.57   -13.43       -38.65   -16.57   -13.43     0.000
   -5.03    -2.16   -38.91        -5.03    -2.16   -38.91     0.000
   36.05    13.20     8.08        36.05    13.20     8.08     0.000
    3.16    -6.96    48.89         3.16    -6.96    48.89     0.000
   14.39    -5.88    34.30        14.39    -5.88    34.30     0.000
    2.11   -10.26    16.59         2.11   -10.26    16.59     0.000
   30.84    19.79   -15.24        30.84    19.79   -15.24     0.000
   -5.01   -14.43    -1.99        -5.01   -14.43    -1.99     0.000
   16.92    13.84   -30.12        16.92    13.84   -30.12     0.000
