200 PA4-J-Unknown-Output.txt 0
  -12.07     5.36     8.00       -12.06     5.35     8.01     0.022
   -1.61    -9.66   -36.32        -1.61    -9.64   -36.31     0.023
    4.89    -7.61    55.98         4.91    -7.41    55.99     0.198
  -31.37   -11.06    -6.70       -31.41   -11.07    -6.64     0.069
   21.11    20.66    25.67        21.12    20.69    25.69     0.039
  -31.88     8.62   -29.95       -31.96     8.76   -29.96     0.157
   21.46     2.55    52.52        21.52     2.53    52.54     0.075
   -1.58    18.48    45.42        -1.58    18.46    45.43     0.021
    3.73    14.01    -5.74         3.77    13.97    -5.67     0.087
    7.51    21.63    -4.96         7.53    21.63    -4.93     0.035
  -37.46     0.87   -16.00       -37.46     0.87   -15.99     0.012
   14.03    21.24   -29.33        14.02    21.29   -29.34     0.046
   -8.59   -28.23   -30.46        -8.54   -28.27   -30.47     0.069
  -19.08   -18.99   -47.23       -19.05   -18.99   -47.28     0.054
   39.39     7.74     4.43        39.38     7.77     4.45     0.033
  -10.39   -28.27   -17.92       -10.39   -28.23   -17.92     0.039
  -34.88     2.73   -38.15       -34.91     2.79   -38.18     0.069
  -18.81     5.67   -13.65       -18.83     5.72   -13.60     0.070
  -14.53    21.91    27.81       -14.50    21.87    27.82     0.053
  -27.41    11.23   -24.41       -27.40    11.19   -24.39     0.042
  -11.37   -19.99   -44.81       -11.36   -19.85   -44.83     0.143
    2.22    -6.58    51.19         2.20    -6.83    51.20     0.250
    9.44    -4.06   -22.05         9.45    -4.04   -22.06     0.025
    6.20    20.39    45.64         6.20    20.36    45.65     0.042
  -15.91    15.60    30.25       -15.99    15.59    30.29     0.088
  -21.86     5.01   -42.30       -21.86     5.02   -42.29     0.017
   10.76    26.64     7.05        10.79    26.43     7.05     0.218
    5.70    18.98    -3.27         5.64    19.01    -3.27     0.069
  -10.73   -26.49   -15.15       -10.74   -26.43   -15.20     0.080
   11.49    26.81     4.65        11.51    26.75     4.65     0.063
   -2.50    18.49    44.74        -2.50    18.46    44.75     0.028
  -11.41    -4.73   -46.48       -11.35    -4.67   -46.53     0.092
   -6.80     2.75    38.68        -6.73     2.75    38.69     0.074
   21.21     0.41    49.06        21.14     0.44    49.06     0.071
   21.17    -6.18    18.15        21.13    -6.05    18.14     0.133
   36.63     7.44   -15.29        36.66     7.48   -15.28     0.051
   10.97    20.79    55.72        10.95    20.69    55.74     0.100
   26.52    14.40    23.88        26.24    14.26    23.80     0.321
  -24.59    -4.34   -47.27       -24.58    -4.32   -47.23     0.049
   -2.14    12.47    62.71        -2.14    12.45    62.72     0.021
   28.40     5.37    23.45        28.45     5.39    23.48     0.057
  -30.10     4.56   -40.27       -30.10     4.57   -40.26     0.014
  -36.49     5.81   -25.76       -36.52     5.84   -25.75     0.053
  -11.18    24.04    21.98       -11.17    23.96    22.02     0.083
  -17.73   -16.65   -47.87       -17.74   -16.57   -47.71     0.183
   -8.59    21.18    16.52        -8.64    21.24    16.47     0.095
  -31.52   -20.45   -43.91       -31.56   -20.48   -43.97     0.078
   28.50    -9.72   -21.25        28.55    -9.75   -21.28     0.065
   32.75     4.71   -24.62        32.80     4.75   -24.63     0.063
   34.27    -5.20     5.19        34.29    -5.18     5.20     0.023
   -7.83    11.10    39.31        -7.77    11.11    39.31     0.066
  -34.73     6.54   -31.44       -34.70     6.50   -31.42     0.054
  -10.02    22.35    34.21       -10.01    22.27    34.18     0.083
  -39.91    -8.09   -38.65       -39.90    -8.09   -38.64     0.009
  -34.00   -20.41   -10.64       -33.92   -20.37   -10.71     0.105
  -29.31   -30.55   -31.67       -29.32   -30.61   -31.68     0.056
   14.33   -13.75   -17.01        14.36   -13.64   -16.93     0.141
  -43.13   -16.14   -26.50       -43.10   -16.14   -26.49     0.023
   20.95    -1.97    42.23        20.85    -1.85    42.23     0.154
    1.01   -12.99     1.30         1.02   -12.90     1.29     0.094
   -7.93   -26.11   -17.58        -7.82   -26.18   -17.52     0.143
   -7.77   -25.90   -17.12        -7.78   -25.86   -17.13     0.042
  -37.50   -21.85   -36.31       -37.50   -21.86   -36.32     0.016
   11.34    25.84    -3.69        11.38    25.78    -3.67     0.071
  -13.60     3.53     3.88       -13.46     3.46     3.84     0.165
  -22.91   -31.16   -18.52       -22.92   -31.26   -18.47     0.104
  -28.37     0.32   -12.43       -28.37     0.33   -12.38     0.051
   19.24   -12.75     0.06        19.23   -12.69     0.04     0.070
   33.60    -5.26    -3.34        33.64    -5.26    -3.33     0.040
   -0.05   -17.12   -32.00        -0.06   -17.10   -31.99     0.027
  -18.89    11.50   -32.36       -18.89    11.56   -32.36     0.060
   24.54    15.39    27.79        24.42    15.34    27.77     0.138
    3.31    11.66    -8.46         3.30    11.70    -8.45     0.037
   -6.07    -8.96    12.80        -6.09    -9.00    12.82     0.046
  -15.19    -0.36     4.25       -15.17    -0.36     4.25     0.018
  -13.16   -30.27   -20.61       -13.13   -30.30   -20.60     0.044
  -27.90   -28.39   -14.83       -27.90   -28.47   -14.80     0.081
  -33.45    -1.91    -9.92       -33.49    -2.13    -9.98     0.230
  -43.48    -6.64   -22.41       -43.57    -6.65   -22.40     0.098
   33.30    -5.96     5.88        33.37    -6.01     5.89     0.082
   10.58    22.54    31.40        10.57    22.43    31.41     0.110
  -21.71   -12.72    -4.87       -21.68   -12.68    -4.93     0.077
  -10.25     8.62     7.81       -10.19     8.57     7.85     0.084
   -5.89     1.77   -32.68        -5.77     1.84   -32.66     0.134
   -3.49   -21.64   -15.20        -3.52   -21.58   -15.22     0.063
   -4.48    -1.38   -37.11        -4.51    -1.38   -37.10     0.032
   30.00    19.23   -19.60        30.05    19.30   -19.61     0.085
   10.51    24.37    18.73        10.49    24.39    18.75     0.028
   16.08   -10.86   -19.69        16.09   -10.85   -19.69     0.021
   13.19     5.05    63.03        13.19     5.04    62.99     0.040
  -21.60   -26.76   -41.89       -21.56   -26.63   -41.79     0.169
  -26.06   -31.90   -30.84       -26.05   -31.95   -30.85     0.051
   21.64   -13.64    -3.40        21.66   -13.64    -3.37     0.042
   -9.53   -11.05   -46.63        -9.53   -11.03   -46.61     0.029
   30.99    -7.65     6.44        30.91    -7.47     6.38     0.205
  -21.19   -32.39   -24.18       -21.16   -32.59   -24.14     0.202
   -7.90   -13.57    -0.88        -7.89   -13.54    -0.89     0.038
   23.46    20.56    18.65        23.50    20.62    18.68     0.079
   -2.70    -0.37   -28.34        -2.70    -0.36   -28.33     0.021
  -40.00   -17.25   -34.64       -39.95   -17.27   -34.64     0.059
    7.61    21.73    34.85         7.59    21.75    34.87     0.031
   20.45    14.26    51.89        20.47    14.28    51.91     0.037
   26.82    10.03   -30.11        26.82    10.06   -30.07     0.050
   -2.04    16.12     6.46        -2.12    16.20     6.44     0.112
   -5.24    -1.66    53.64        -5.26    -1.69    53.65     0.038
    3.39    -7.20    34.23         3.40    -7.21    34.24     0.016
   -5.08   -26.61   -27.14        -5.13   -26.51   -27.12     0.115
   11.83    25.48    12.88        11.82    25.42    12.88     0.063
  -13.79    22.86    25.80       -13.85    22.91    25.82     0.082
  -20.37    12.25   -25.50       -20.38    12.14   -25.50     0.110
   -6.70    11.20    44.53        -6.63    11.18    44.53     0.073
   -0.26   -19.97   -15.62        -0.30   -19.86   -15.64     0.116
  -39.30     1.91   -21.35       -39.31     1.92   -21.33     0.022
   16.90    -4.55    42.60        17.04    -4.79    42.63     0.278
   -9.60    -3.39    16.20        -9.64    -3.41    16.22     0.049
   16.56    24.87   -16.29        16.48    25.02   -16.28     0.167
   14.90    22.95    25.75        14.89    23.04    25.78     0.085
  -28.97   -12.49   -47.63       -28.95   -12.48   -47.58     0.053
  -39.45   -11.11   -13.05       -39.44   -11.12   -13.05     0.017
   21.67     8.65    56.86        21.70     8.66    56.88     0.035
    4.65   -12.77   -23.26         4.65   -12.74   -23.25     0.026
   33.39    -5.56    -6.79        33.36    -5.49    -6.78     0.072
   17.36    -5.46    30.14        17.44    -5.68    30.15     0.235
   -9.33     1.12    21.55        -9.46     1.09    21.59     0.138
   -6.34   -23.79   -37.09        -6.31   -23.78   -37.10     0.031
   34.24    -5.32     5.18        34.21    -5.25     5.19     0.077
   26.78    -5.94    12.59        26.79    -5.96    12.62     0.034
   -3.38   -10.69     8.14        -3.41   -10.85     8.19     0.170
   21.53     8.82    58.01        21.54     8.82    58.02     0.021
   20.67    -4.81    26.84        20.68    -4.82    26.85     0.018
    6.15     1.91   -20.52         6.16     1.96   -20.55     0.055
    1.15   -10.75   -28.27         1.19   -10.73   -28.28     0.041
   20.42     3.76   -26.97        20.51     3.83   -26.91     0.131
   -0.88    14.77     1.81        -0.90    14.79     1.81     0.029
   31.90    -6.97     4.38        32.02    -7.09     4.39     0.170
   -0.20   -13.98    -1.34        -0.20   -13.91    -1.36     0.072
   -6.40     7.32   -20.74        -6.37     7.41   -20.73     0.100
   10.10    24.51    -5.52        10.20    24.41    -5.43     0.164
    2.33   -10.54    15.68         2.32   -10.46    15.67     0.084
   19.50    -5.64    24.23        19.54    -5.76    24.27     0.138
  -41.83    -2.71   -31.76       -41.77    -2.73   -31.73     0.066
  -40.29   -10.54   -14.09       -40.25   -10.54   -14.11     0.041
   21.82   -11.02     1.28        21.77   -10.86     1.23     0.176
    9.68    20.82    46.21         9.64    20.95    46.24     0.138
   -9.49     7.48    -9.81        -9.47     7.43    -9.81     0.057
  -13.93   -26.83   -13.63       -13.91   -26.84   -13.62     0.030
   11.55    26.29     8.31        11.52    26.43     8.35     0.150
   12.67    26.84     8.30        12.69    26.62     8.29     0.223
   -4.33    -3.19    47.80        -4.25    -3.14    47.82     0.103
   -3.18   -16.10    -4.94        -3.17   -16.08    -4.94     0.018
   -2.63    -9.51   -39.73        -2.68    -9.48   -39.69     0.072
  -17.09    -4.44     0.49       -17.16    -4.45     0.54     0.086
   17.54    -9.51   -21.34        17.57    -9.42   -21.26     0.129
   33.35    12.45   -21.67        33.25    12.45   -21.61     0.120
   25.48   -12.69    -6.91        25.64   -12.84    -6.90     0.223
   -7.91    -7.00    14.65        -7.91    -7.01    14.66     0.010
  -31.41    -8.63   -46.92       -31.43    -8.61   -46.97     0.062
  -22.72    12.15   -25.98       -22.73    12.18   -25.96     0.031
   -9.69    11.24    12.05        -9.80    11.28    12.03     0.117
  -23.81    -3.33   -47.53       -23.79    -3.32   -47.56     0.040
    1.37   -18.19   -24.21         1.27   -18.10   -24.15     0.150
  -33.68   -14.91    -8.10       -33.68   -14.93    -8.05     0.054
    0.98    23.99    16.07         0.99    23.83    16.12     0.158
   -7.26   -26.27   -34.55        -7.27   -26.23   -34.54     0.041
   -0.86    -5.89    48.35        -0.82    -5.82    48.35     0.082
    7.25   -10.55    12.34         7.26   -10.58    12.36     0.045
   10.24    24.10    -6.17        10.28    24.06    -6.12     0.080
  -39.99   -16.33   -32.72       -40.08   -16.34   -32.76     0.096
   -4.03     7.50    63.36        -4.04     7.49    63.33     0.031
  -28.91   -18.31   -46.31       -28.90   -18.30   -46.31     0.013
   21.62    11.15    53.65        21.52    11.12    53.65     0.099
   22.35    16.77    33.10        22.27    16.73    33.09     0.096
   -0.96   -21.40   -23.44        -0.83   -21.50   -23.44     0.156
  -12.35    -0.65    11.27       -12.37    -0.66    11.28     0.019
    6.16     8.57   -14.48         6.16     8.55   -14.41     0.080
  -10.46     6.00    22.40       -10.54     5.97    22.44     0.092
   14.68   -16.99    -5.01        14.69   -17.09    -4.97     0.112
    0.21   -15.32    -4.41         0.21   -15.29    -4.41     0.033
   12.03    20.89   -15.47        12.05    20.90   -15.45     0.031
   29.60   -10.99   -13.64        29.59   -10.94   -13.64     0.047
  -19.34     6.44   -14.64       -19.33     6.42   -14.65     0.023
   17.87   -17.71    -9.56        17.86   -17.60    -9.57     0.114
   12.66    22.92   -15.08        12.71    22.85   -15.04     0.093
   11.11   -14.07     2.40        11.11   -14.01     2.39     0.061
    3.81    22.14     4.22         3.83    22.13     4.25     0.040
  -27.01    -3.37   -47.24       -27.00    -3.34   -47.26     0.037
  -32.09    -0.90   -43.55       -32.06    -0.93   -43.49     0.072
  -19.48   -11.88    -3.89       -19.46   -11.86    -3.93     0.043
  -12.58    -7.67   -47.66       -12.58    -7.66   -47.62     0.042
  -10.84   -29.52   -31.34       -10.81   -29.52   -31.35     0.029
    7.16   -15.98    -5.86         7.18   -15.92    -5.87     0.066
   -5.99    12.78     7.32        -6.01    12.79     7.33     0.028
   -5.26     9.33    -5.28        -5.21     9.23    -5.24     0.118
  -39.89   -18.37   -16.63       -39.89   -18.37   -16.63     0.013
   12.09    17.60   -27.60        12.05    17.61   -27.59     0.043
    2.44   -11.02   -26.19         2.44   -11.00   -26.17     0.024
   -8.17   -20.68    -9.93        -8.14   -20.70    -9.88     0.060
    2.57    11.93    63.21         2.57    11.92    63.27     0.062
   10.19    17.77   -10.41        10.15    17.78   -10.43     0.046
    1.97    19.48     4.40         1.93    19.50     4.40     0.040
