200 PA4-H-Unknown-Answer.txt 0
    5.95    -9.61    16.37         5.95    -9.61    16.37     0.000
   -9.18     1.27    23.07        -9.18     1.27    23.07     0.000
   18.52   -10.77     4.67        18.52   -10.77     4.67     0.000
   -8.40   -26.19   -16.80        -8.40   -26.19   -16.80     0.000
   -5.63   -23.53   -36.43        -5.63   -23.53   -36.43     0.000
  -18.98   -13.21   -49.02       -18.98   -13.21   -49.02     0.000
   -5.33   -22.27   -13.99        -5.33   -22.27   -13.99     0.000
   16.72     7.64   -23.27        16.72     7.64   -23.27     0.000
  -22.60     5.27   -42.09       -22.60     5.27   -42.09     0.000
    9.32   -15.47   -14.09         9.32   -15.47   -14.09     0.000
    7.79   -16.07    -7.78         7.79   -16.07    -7.78     0.000
    5.75    17.60    -4.38         5.75    17.60    -4.38     0.000
   -2.85    -5.16    44.83        -2.85    -5.16    44.83     0.000
  -27.62     9.83   -32.77       -27.62     9.83   -32.77     0.000
  -36.34   -26.48   -27.45       -36.34   -26.48   -27.45     0.000
  -17.69    10.54   -35.43       -17.69    10.54   -35.43     0.000
  -30.15   -14.94   -46.97       -30.15   -14.94   -46.97     0.000
   -8.83     8.22   -24.59        -8.83     8.22   -24.59     0.000
  -41.87   -17.18   -21.04       -41.87   -17.18   -21.04     0.000
   13.23    25.39    13.23        13.23    25.39    13.23     0.000
   -1.14     3.07   -24.27        -1.14     3.07   -24.27     0.000
   18.81    -6.22    21.68        18.81    -6.22    21.68     0.000
   -5.43    -1.49    48.68        -5.43    -1.49    48.68     0.000
   11.56   -16.08    -2.57        11.56   -16.08    -2.57     0.000
   15.47    24.36   -18.28        15.47    24.36   -18.28     0.000
  -20.58   -27.05   -11.42       -20.58   -27.05   -11.42     0.000
  -24.87     8.36   -37.75       -24.87     8.36   -37.75     0.000
   17.70    -7.41   -22.64        17.70    -7.41   -22.64     0.000
  -39.47   -15.86   -37.82       -39.47   -15.86   -37.82     0.000
   30.65    -5.19   -25.05        30.65    -5.19   -25.05     0.000
    0.03    20.44     8.57         0.03    20.44     8.57     0.000
   34.03    -3.47   -21.09        34.03    -3.47   -21.09     0.000
    1.90    -7.29    33.33         1.90    -7.29    33.33     0.000
  -14.97    20.12    21.75       -14.97    20.12    21.75     0.000
  -37.71    -9.89   -10.37       -37.71    -9.89   -10.37     0.000
   11.10    22.43    31.53        11.10    22.43    31.53     0.000
    6.13   -10.24   -23.17         6.13   -10.24   -23.17     0.000
  -17.42   -11.00   -48.88       -17.42   -11.00   -48.88     0.000
  -39.77   -19.77   -33.46       -39.77   -19.77   -33.46     0.000
   36.85     6.43   -15.05        36.85     6.43   -15.05     0.000
   -4.86    -2.45    57.46        -4.86    -2.45    57.46     0.000
    3.00    -7.12    35.68         3.00    -7.12    35.68     0.000
   16.93   -17.52    -7.53        16.93   -17.52    -7.53     0.000
   20.45    19.60   -28.37        20.45    19.60   -28.37     0.000
    1.65    -7.08    35.30         1.65    -7.08    35.30     0.000
  -28.50   -19.82   -46.03       -28.50   -19.82   -46.03     0.000
  -30.46     6.39   -37.77       -30.46     6.39   -37.77     0.000
  -11.33    -9.56     3.65       -11.33    -9.56     3.65     0.000
   28.41    22.23    -1.38        28.41    22.23    -1.38     0.000
  -10.41    14.60    14.63       -10.41    14.60    14.63     0.000
  -31.80   -29.92   -27.03       -31.80   -29.92   -27.03     0.000
   36.29    -2.95    -8.01        36.29    -2.95    -8.01     0.000
   17.89     8.95    63.11        17.89     8.95    63.11     0.000
   10.41    21.15    46.28        10.41    21.15    46.28     0.000
   28.44    22.11    -4.29        28.44    22.11    -4.29     0.000
  -38.77    -8.05   -11.91       -38.77    -8.05   -11.91     0.000
   14.67    22.75    28.05        14.67    22.75    28.05     0.000
    0.29     5.74   -20.16         0.29     5.74   -20.16     0.000
   14.20    11.65    63.14        14.20    11.65    63.14     0.000
  -26.58    -8.37    -6.96       -26.58    -8.37    -6.96     0.000
  -26.82   -20.60   -46.13       -26.82   -20.60   -46.13     0.000
   14.00   -14.48     1.08        14.00   -14.48     1.08     0.000
   13.38    11.66    63.11        13.38    11.66    63.11     0.000
   35.30    14.91    -1.89        35.30    14.91    -1.89     0.000
   -9.11     8.02     0.30        -9.11     8.02     0.30     0.000
   32.96     7.47    14.16        32.96     7.47    14.16     0.000
   -4.60   -13.80   -41.31        -4.60   -13.80   -41.31     0.000
   32.86     3.94    14.94        32.86     3.94    14.94     0.000
   19.27    21.38    28.20        19.27    21.38    28.20     0.000
   11.26    19.11   -22.96        11.26    19.11   -22.96     0.000
  -21.26   -31.98   -33.63       -21.26   -31.98   -33.63     0.000
    1.77    -7.47    31.96         1.77    -7.47    31.96     0.000
  -41.46    -1.40   -31.33       -41.46    -1.40   -31.33     0.000
   26.49    17.08    18.63        26.49    17.08    18.63     0.000
   -0.04   -19.00   -13.05        -0.04   -19.00   -13.05     0.000
   -5.13   -24.01   -34.79        -5.13   -24.01   -34.79     0.000
   -4.21   -12.98   -40.98        -4.21   -12.98   -40.98     0.000
   -4.82    -2.57    50.70        -4.82    -2.57    50.70     0.000
  -16.15   -11.51   -48.53       -16.15   -11.51   -48.53     0.000
   24.73    -4.05    20.76        24.73    -4.05    20.76     0.000
   -7.89   -13.49    -0.82        -7.89   -13.49    -0.82     0.000
   13.51    15.26   -17.00        13.51    15.26   -17.00     0.000
  -25.39   -32.48   -26.19       -25.39   -32.48   -26.19     0.000
   33.55    13.26   -19.70        33.55    13.26   -19.70     0.000
   30.44    20.34   -15.42        30.44    20.34   -15.42     0.000
    6.31    15.21    63.16         6.31    15.21    63.16     0.000
  -21.79    -6.63   -48.22       -21.79    -6.63   -48.22     0.000
    2.99     8.49   -15.25         2.99     8.49   -15.25     0.000
  -27.95   -30.41   -34.09       -27.95   -30.41   -34.09     0.000
   16.04     9.43   -21.08        16.04     9.43   -21.08     0.000
  -15.61    18.45    30.16       -15.61    18.45    30.16     0.000
   37.18    12.97     3.10        37.18    12.97     3.10     0.000
  -39.44     2.74   -25.24       -39.44     2.74   -25.24     0.000
  -31.50    -8.24   -46.84       -31.50    -8.24   -46.84     0.000
  -34.81   -23.56   -14.53       -34.81   -23.56   -14.53     0.000
   12.89    -6.71    24.96        12.89    -6.71    24.96     0.000
   37.63    12.13     4.06        37.63    12.13     4.06     0.000
  -13.09    23.13    22.06       -13.09    23.13    22.06     0.000
  -17.95   -13.41   -48.77       -17.95   -13.41   -48.77     0.000
  -37.86   -20.01   -37.70       -37.86   -20.01   -37.70     0.000
  -27.99   -11.27   -47.99       -27.99   -11.27   -47.99     0.000
   -8.78   -22.06   -41.72        -8.78   -22.06   -41.72     0.000
   -3.81   -10.21    11.39        -3.81   -10.21    11.39     0.000
    8.97    21.10    51.90         8.97    21.10    51.90     0.000
   18.88   -16.89   -13.08        18.88   -16.89   -13.08     0.000
  -41.77    -6.73   -17.23       -41.77    -6.73   -17.23     0.000
    4.84    23.48     5.23         4.84    23.48     5.23     0.000
    2.81    -6.83   -25.79         2.81    -6.83   -25.79     0.000
   -6.24     0.67    46.03        -6.24     0.67    46.03     0.000
   21.28    23.42   -24.42        21.28    23.42   -24.42     0.000
   18.45   -16.89   -12.91        18.45   -16.89   -12.91     0.000
    8.16    25.30    12.72         8.16    25.30    12.72     0.000
  -12.68   -28.91   -36.18       -12.68   -28.91   -36.18     0.000
   12.89    21.88    45.87        12.89    21.88    45.87     0.000
   28.69    -8.84   -22.42        28.69    -8.84   -22.42     0.000
    3.52   -15.79   -22.13         3.52   -15.79   -22.13     0.000
  -43.53    -7.71   -21.61       -43.53    -7.71   -21.61     0.000
   13.18    26.33    -5.02        13.18    26.33    -5.02     0.000
  -30.33     1.08   -42.87       -30.33     1.08   -42.87     0.000
  -25.70   -26.90   -40.64       -25.70   -26.90   -40.64     0.000
  -10.53   -17.27   -45.00       -10.53   -17.27   -45.00     0.000
  -26.25    11.20   -22.58       -26.25    11.20   -22.58     0.000
   21.12     2.28    54.72        21.12     2.28    54.72     0.000
   10.55    -6.48    48.03        10.55    -6.48    48.03     0.000
  -36.51   -13.46   -10.01       -36.51   -13.46   -10.01     0.000
   21.50    10.56    56.62        21.50    10.56    56.62     0.000
   -6.32   -22.32   -38.67        -6.32   -22.32   -38.67     0.000
    4.05    -7.15    52.78         4.05    -7.15    52.78     0.000
  -13.78   -14.13   -47.80       -13.78   -14.13   -47.80     0.000
   -2.20   -23.33   -27.25        -2.20   -23.33   -27.25     0.000
   -0.54   -10.61   -32.26        -0.54   -10.61   -32.26     0.000
    0.94    -6.35   -27.53         0.94    -6.35   -27.53     0.000
    7.06    -8.13    20.41         7.06    -8.13    20.41     0.000
  -26.47    -8.67   -48.41       -26.47    -8.67   -48.41     0.000
    1.26    -6.14    63.49         1.26    -6.14    63.49     0.000
   14.91    11.13   -17.15        14.91    11.13   -17.15     0.000
   21.97    -2.75   -25.25        21.97    -2.75   -25.25     0.000
    2.50    19.34     3.52         2.50    19.34     3.52     0.000
    1.80   -17.36    -8.88         1.80   -17.36    -8.88     0.000
   38.47     0.39     6.74        38.47     0.39     6.74     0.000
   -5.11    -2.07    49.17        -5.11    -2.07    49.17     0.000
  -30.52   -15.33   -46.64       -30.52   -15.33   -46.64     0.000
   -7.95   -12.21   -45.06        -7.95   -12.21   -45.06     0.000
   26.95   -11.68    -7.30        26.95   -11.68    -7.30     0.000
  -11.33   -10.39     2.18       -11.33   -10.39     2.18     0.000
   29.35   -10.61   -11.72        29.35   -10.61   -11.72     0.000
    7.88    -6.78    45.80         7.88    -6.78    45.80     0.000
   -3.48    10.83    -2.97        -3.48    10.83    -2.97     0.000
    8.07    20.38    56.41         8.07    20.38    56.41     0.000
  -16.84   -28.53   -14.54       -16.84   -28.53   -14.54     0.000
  -29.62     3.69   -13.81       -29.62     3.69   -13.81     0.000
   12.05    20.90   -27.95        12.05    20.90   -27.95     0.000
    0.44   -10.31   -29.39         0.44   -10.31   -29.39     0.000
  -36.11   -23.83   -16.52       -36.11   -23.83   -16.52     0.000
   28.25    22.35    -1.65        28.25    22.35    -1.65     0.000
   10.62    26.44     4.65        10.62    26.44     4.65     0.000
   -6.89     5.11    43.66        -6.89     5.11    43.66     0.000
   -5.37    -2.90    38.57        -5.37    -2.90    38.57     0.000
   -1.83   -21.20   -33.07        -1.83   -21.20   -33.07     0.000
  -12.32     5.39     1.68       -12.32     5.39     1.68     0.000
   25.64    13.67   -28.86        25.64    13.67   -28.86     0.000
   20.33    -4.41    30.72        20.33    -4.41    30.72     0.000
   22.48     0.59    40.47        22.48     0.59    40.47     0.000
  -37.38   -14.76   -11.00       -37.38   -14.76   -11.00     0.000
   -1.99    -5.75    42.03        -1.99    -5.75    42.03     0.000
    0.29     7.20   -18.55         0.29     7.20   -18.55     0.000
   11.18     4.07   -18.09        11.18     4.07   -18.09     0.000
  -41.30   -18.12   -20.26       -41.30   -18.12   -20.26     0.000
  -22.02   -31.34   -18.11       -22.02   -31.34   -18.11     0.000
  -36.91   -20.89   -14.08       -36.91   -20.89   -14.08     0.000
  -15.88     5.60   -41.84       -15.88     5.60   -41.84     0.000
   -8.35   -17.15   -43.80        -8.35   -17.15   -43.80     0.000
  -10.08   -18.56   -44.79       -10.08   -18.56   -44.79     0.000
    7.46    22.53    30.34         7.46    22.53    30.34     0.000
  -14.35   -22.50   -44.05       -14.35   -22.50   -44.05     0.000
  -17.48     0.76    -2.93       -17.48     0.76    -2.93     0.000
   15.26   -12.60   -18.23        15.26   -12.60   -18.23     0.000
   -5.65    11.35    58.54        -5.65    11.35    58.54     0.000
  -39.70    -3.34   -37.18       -39.70    -3.34   -37.18     0.000
  -37.17     2.60   -17.41       -37.17     2.60   -17.41     0.000
  -34.10   -11.07   -46.00       -34.10   -11.07   -46.00     0.000
    4.74    20.10    45.73         4.74    20.10    45.73     0.000
  -32.34     7.10   -33.85       -32.34     7.10   -33.85     0.000
   38.26     7.16     7.74        38.26     7.16     7.74     0.000
   10.03    19.42   -11.05        10.03    19.42   -11.05     0.000
    4.66    20.15    44.94         4.66    20.15    44.94     0.000
   -6.31    12.40     7.01        -6.31    12.40     7.01     0.000
   30.89    19.97     4.76        30.89    19.97     4.76     0.000
  -27.44   -19.48   -46.56       -27.44   -19.48   -46.56     0.000
   20.57    17.07    40.12        20.57    17.07    40.12     0.000
   -5.40    -3.15    37.72        -5.40    -3.15    37.72     0.000
   -5.31   -18.00    -8.26        -5.31   -18.00    -8.26     0.000
   -6.72   -11.19   -44.08        -6.72   -11.19   -44.08     0.000
   -6.79     3.66    42.42        -6.79     3.66    42.42     0.000
   21.50    10.68    56.36        21.50    10.68    56.36     0.000
  -13.94    -7.23     3.54       -13.94    -7.23     3.54     0.000
   18.35    -1.12   -23.01        18.35    -1.12   -23.01     0.000
  -16.17    16.65    29.93       -16.17    16.65    29.93     0.000
  -15.65     7.61   -39.44       -15.65     7.61   -39.44     0.000
   -7.78   -23.81   -38.86        -7.78   -23.81   -38.86     0.000
