200 PA4-G-Unknown-Output.txt 0
  -42.89   -16.65   -27.29       -42.89   -16.65   -27.29     0.000
   17.27    19.14   -30.41        17.27    19.14   -30.41     0.000
  -44.05    -8.50   -26.38       -44.05    -8.50   -26.38     0.000
   38.23    -0.34    -4.81        38.23    -0.34    -4.81     0.000
  -36.50    -3.72   -41.88       -36.50    -3.72   -41.88     0.000
   10.91    24.87    15.04        10.91    24.87    15.04     0.000
   35.23    -4.39   -10.09        35.23    -4.39   -10.09     0.000
   22.28    14.71    38.43        22.28    14.71    38.43     0.000
   -0.77    -6.12    56.36        -0.77    -6.12    56.36     0.000
   17.41    -4.36    45.03        17.41    -4.36    45.03     0.000
   23.18     2.84    43.09        23.18     2.84    43.09     0.000
   27.38    22.98    -7.35        27.38    22.98    -7.35     0.000
   20.45    22.40   -26.41        20.45    22.40   -26.41     0.000
  -38.76   -19.87   -16.10       -38.76   -19.87   -16.10     0.000
   18.47    26.59     2.21        18.47    26.59     2.21     0.000
  -24.02   -18.49    -6.40       -24.02   -18.49    -6.40     0.000
   -4.64    13.54    52.67        -4.64    13.54    52.67     0.000
   27.67    22.29     6.51        27.67    22.29     6.51     0.000
  -42.08   -11.51   -17.56       -42.08   -11.51   -17.56     0.000
  -15.50    13.45    21.61       -15.50    13.45    21.61     0.000
   -7.05     6.05    48.14        -7.05     6.05    48.14     0.000
   15.36    -0.04   -21.56        15.36    -0.04   -21.56     0.000
   -6.05   -23.47   -15.21        -6.05   -23.47   -15.21     0.000
    1.12    14.22    -1.78         1.12    14.22    -1.78     0.000
   -2.73    -6.04    36.03        -2.73    -6.04    36.03     0.000
   20.77    25.09     7.25        20.77    25.09     7.25     0.000
   34.06    -5.38     5.61        34.06    -5.38     5.61     0.000
   26.95     1.18    25.83        26.95     1.18    25.83     0.000
  -22.65   -20.41    -6.86       -22.65   -20.41    -6.86     0.000
   32.69    -1.72   -24.31        32.69    -1.72   -24.31     0.000
   28.91   -10.30    -5.07        28.91   -10.30    -5.07     0.000
  -17.08   -32.33   -26.48       -17.08   -32.33   -26.48     0.000
   30.55    -1.25    16.57        30.55    -1.25    16.57     0.000
  -32.32   -29.08   -21.98       -32.32   -29.08   -21.98     0.000
  -43.55    -6.34   -21.77       -43.55    -6.34   -21.77     0.000
   17.84    10.49   -28.68        17.84    10.49   -28.68     0.000
    6.33   -12.55   -22.00         6.33   -12.55   -22.00     0.000
   14.60    -2.33   -22.17        14.60    -2.33   -22.17     0.000
   21.40   -15.19   -16.65        21.40   -15.19   -16.65     0.000
  -15.56   -31.65   -23.00       -15.56   -31.65   -23.00     0.000
  -18.48   -31.97   -21.85       -18.48   -31.97   -21.85     0.000
  -40.46    -6.27   -15.00       -40.46    -6.27   -15.00     0.000
  -34.35   -17.69   -43.66       -34.35   -17.69   -43.66     0.000
  -17.37   -30.98   -18.71       -17.37   -30.98   -18.71     0.000
  -43.51    -4.75   -24.85       -43.51    -4.75   -24.85     0.000
  -34.11     4.70   -15.75       -34.11     4.70   -15.75     0.000
   -1.79    15.66    60.85        -1.79    15.66    60.85     0.000
  -15.30   -10.70   -48.51       -15.30   -10.70   -48.51     0.000
   -5.59    11.49    58.86        -5.59    11.49    58.86     0.000
   13.94   -17.14    -9.23        13.94   -17.14    -9.23     0.000
  -25.47    -6.62   -47.81       -25.47    -6.62   -47.81     0.000
   19.60    -0.53    56.03        19.60    -0.53    56.03     0.000
  -22.63    11.90   -23.76       -22.63    11.90   -23.76     0.000
   -1.79   -22.49   -21.30        -1.79   -22.49   -21.30     0.000
   19.82   -11.04   -21.13        19.82   -11.04   -21.13     0.000
    0.53   -14.94    -3.72         0.53   -14.94    -3.72     0.000
    7.25     5.63   -16.93         7.25     5.63   -16.93     0.000
   20.08    14.50   -31.23        20.08    14.50   -31.23     0.000
   22.95     3.33    44.54        22.95     3.33    44.54     0.000
   17.00     2.42   -22.15        17.00     2.42   -22.15     0.000
  -23.23     7.94   -39.03       -23.23     7.94   -39.03     0.000
   20.44   -10.68     2.56        20.44   -10.68     2.56     0.000
    6.48    24.69    15.07         6.48    24.69    15.07     0.000
   35.66     4.81    11.40        35.66     4.81    11.40     0.000
   -4.72    -2.65    60.18        -4.72    -2.65    60.18     0.000
   25.28    21.60    12.95        25.28    21.60    12.95     0.000
   -6.32     9.79    58.77        -6.32     9.79    58.77     0.000
  -10.67   -20.19   -43.97       -10.67   -20.19   -43.97     0.000
   -6.68     3.98    59.83        -6.68     3.98    59.83     0.000
    8.39    -8.24   -22.67         8.39    -8.24   -22.68     0.000
  -30.51    -8.59   -47.36       -30.51    -8.59   -47.36     0.000
   36.71    -1.50     8.90        36.71    -1.50     8.90     0.000
    5.75   -16.62   -14.20         5.75   -16.62   -14.20     0.000
   18.10    25.34   -17.11        18.10    25.34   -17.11     0.000
    9.34     5.40    62.91         9.34     5.40    62.91     0.000
  -21.64   -23.64   -44.63       -21.64   -23.64   -44.63     0.000
   21.80     8.74    55.99        21.80     8.74    55.99     0.000
   26.59    16.19   -26.79        26.59    16.19   -26.79     0.000
   15.03     6.96    63.11        15.03     6.96    63.11     0.000
  -26.52    -7.30    -7.28       -26.52    -7.30    -7.28     0.000
   -6.96     4.79    50.65        -6.96     4.79    50.65     0.000
   32.56    15.42   -18.98        32.56    15.42   -18.98     0.000
   39.71     7.67    -0.51        39.71     7.67    -0.51     0.000
   21.92     2.21    49.09        21.92     2.21    49.09     0.000
   30.77    -9.78   -17.30        30.77    -9.78   -17.30     0.000
   14.86   -11.40   -19.18        14.86   -11.40   -19.18     0.000
  -40.80   -14.81   -16.16       -40.80   -14.81   -16.16     0.000
    4.79    14.85    -5.60         4.79    14.85    -5.60     0.000
   -7.76   -19.38    -8.70        -7.76   -19.38    -8.70     0.000
  -11.65   -20.57    -9.27       -11.65   -20.57    -9.27     0.000
   37.72    -0.72     7.52        37.72    -0.72     7.52     0.000
   26.52    12.84    25.13        26.52    12.84    25.13     0.000
   19.93   -11.10     2.32        19.93   -11.10     2.32     0.000
   22.78    -6.23    14.82        22.78    -6.22    14.82     0.000
   21.82    -5.62    20.08        21.82    -5.62    20.08     0.000
   14.32    -5.74    38.47        14.32    -5.74    38.47     0.000
    7.97   -13.80     2.27         7.97   -13.80     2.27     0.000
   35.56    -3.92     4.14        35.56    -3.92     4.14     0.000
    0.65    -6.77    41.97         0.65    -6.77    41.97     0.000
  -20.95   -29.52   -14.71       -20.95   -29.52   -14.71     0.000
    3.10    -1.98   -23.95         3.10    -1.98   -23.95     0.000
  -19.15     6.81   -14.99       -19.15     6.81   -14.99     0.000
    7.47     8.90   -14.10         7.47     8.90   -14.10     0.000
   -3.56   -16.68   -39.61        -3.56   -16.68   -39.61     0.000
    8.68    -7.26    24.37         8.68    -7.26    24.37     0.000
   -5.67   -18.15   -41.26        -5.67   -18.15   -41.26     0.000
   37.74    11.90     5.29        37.74    11.90     5.29     0.000
   20.27     1.15    57.61        20.27     1.15    57.61     0.000
    0.43    -9.59    19.95         0.43    -9.59    19.95     0.000
   18.76    20.47   -28.79        18.76    20.47   -28.79     0.000
    3.87    20.09    44.25         3.87    20.09    44.25     0.000
  -15.74     4.50   -42.63       -15.74     4.50   -42.63     0.000
   -0.49     7.25   -18.78        -0.49     7.25   -18.78     0.000
  -25.41     5.86   -40.98       -25.41     5.86   -40.98     0.000
   22.07    24.57     7.23        22.07    24.57     7.23     0.000
  -24.90    -4.63    -7.80       -24.90    -4.63    -7.80     0.000
    0.03    18.12    51.42         0.03    18.12    51.42     0.000
  -13.88    20.60    20.14       -13.88    20.60    20.14     0.000
  -11.36     8.75   -31.40       -11.36     8.75   -31.40     0.000
    3.09   -17.87   -12.00         3.09   -17.87   -12.00     0.000
  -27.92    -0.30   -45.11       -27.92    -0.30   -45.11     0.000
   18.31    -2.01    55.55        18.31    -2.01    55.55     0.000
  -27.17   -29.62   -16.41       -27.17   -29.62   -16.41     0.000
   38.44    10.61     4.33        38.44    10.61     4.33     0.000
   20.42    26.11     1.50        20.42    26.11     1.50     0.000
   -1.96    -4.36   -30.27        -1.96    -4.36   -30.27     0.000
  -21.42    11.78   -31.47       -21.42    11.78   -31.47     0.000
    6.79    21.87    33.82         6.79    21.87    33.82     0.000
    1.66    21.80    34.51         1.66    21.80    34.51     0.000
   33.52    15.03     9.57        33.52    15.03     9.57     0.000
   17.96     9.25    63.12        17.96     9.25    63.12     0.000
    0.53    -7.60   -28.36         0.53    -7.60   -28.36     0.000
   30.56    10.40    17.16        30.56    10.40    17.16     0.000
   38.36    10.92    -3.49        38.36    10.92    -3.49     0.000
  -39.56     1.93   -22.07       -39.56     1.93   -22.07     0.000
  -10.61   -15.25    -3.89       -10.61   -15.25    -3.89     0.000
  -39.29   -18.53   -35.73       -39.29   -18.53   -35.73     0.000
  -30.74   -30.15   -30.65       -30.74   -30.15   -30.65     0.000
   23.76    23.93   -20.41        23.76    23.93   -20.41     0.000
   -7.49   -26.27   -34.97        -7.49   -26.27   -34.97     0.000
   37.82    11.50     6.42        37.82    11.50     6.42     0.000
   14.05    -5.28    57.61        14.05    -5.28    57.61     0.000
  -35.21     6.16   -21.76       -35.21     6.16   -21.76     0.000
   -8.37    -7.07    13.01        -8.37    -7.07    13.01     0.000
  -10.59   -19.76    -8.62       -10.59   -19.76    -8.62     0.000
   17.82    26.36    -7.44        17.82    26.36    -7.44     0.000
  -34.87   -14.80   -44.63       -34.87   -14.80   -44.63     0.000
  -28.65   -24.57   -10.44       -28.65   -24.57   -10.44     0.000
    2.34    -7.20    56.17         2.34    -7.20    56.17     0.000
   -5.33   -19.80   -10.40        -5.33   -19.80   -10.40     0.000
   -3.98   -16.94   -39.87        -3.98   -16.94   -39.87     0.000
   12.67    22.10   -21.64        12.67    22.10   -21.64     0.000
   -7.06     5.91    41.01        -7.06     5.91    41.01     0.000
   25.23    10.81    32.27        25.23    10.81    32.27     0.000
   36.90    13.09    -0.39        36.90    13.09    -0.39     0.000
  -11.04     8.12    11.44       -11.04     8.12    11.44     0.000
   28.23   -12.13   -15.82        28.23   -12.13   -15.82     0.000
  -33.97   -10.11   -46.01       -33.97   -10.11   -46.01     0.000
   -0.75   -17.54   -34.35        -0.75   -17.54   -34.35     0.000
   15.52    18.78    56.73        15.52    18.78    56.73     0.000
  -28.14     9.47   -32.89       -28.14     9.47   -32.89     0.000
   35.52    -0.31   -19.63        35.52    -0.31   -19.63     0.000
   -5.70     5.53   -25.89        -5.70     5.53   -25.89     0.000
   19.37     1.33    62.09        19.37     1.33    62.09     0.000
   27.99    22.51    -6.18        27.99    22.51    -6.18     0.000
    0.75    19.12    47.81         0.75    19.12    47.81     0.000
   12.14   -12.20   -18.78        12.14   -12.20   -18.78     0.000
  -22.39   -32.44   -31.53       -22.39   -32.44   -31.53     0.000
  -29.15   -15.51    -7.02       -29.15   -15.51    -7.02     0.000
    1.12    20.51     7.01         1.12    20.51     7.01     0.000
  -40.48    -8.00   -14.31       -40.48    -8.00   -14.31     0.000
   36.75     3.98   -15.35        36.75     3.98   -15.35     0.000
   -0.30     7.60   -18.05        -0.30     7.60   -18.05     0.000
   19.46   -11.30   -20.48        19.46   -11.30   -20.48     0.000
    2.05    -6.84    43.73         2.05    -6.84    43.73     0.000
    1.64    -1.34   -24.42         1.64    -1.34   -24.42     0.000
   20.84    -7.71    11.11        20.84    -7.71    11.11     0.000
  -32.98   -28.98   -23.74       -32.98   -28.98   -23.74     0.000
   18.88    20.81    32.96        18.88    20.81    32.96     0.000
  -32.48    -0.38   -42.91       -32.48    -0.38   -42.91     0.000
   21.88   -16.37   -12.06        21.88   -16.37   -12.06     0.000
    6.30    20.24    50.57         6.30    20.24    50.57     0.000
  -38.19   -15.68   -40.74       -38.19   -15.68   -40.74     0.000
   29.55     0.20    18.65        29.55     0.20    18.65     0.000
   -3.41    14.49     5.75        -3.41    14.49     5.75     0.000
   -6.67    11.55    43.84        -6.67    11.55    43.84     0.000
   22.00    -5.73    18.55        22.00    -5.73    18.55     0.000
  -12.90    11.85    31.51       -12.90    11.85    31.51     0.000
   -6.12    10.07     0.77        -6.12    10.07     0.77     0.000
  -37.22   -24.55   -32.43       -37.22   -24.55   -32.43     0.000
   33.38     9.06   -23.49        33.38     9.05   -23.49     0.000
  -44.04    -8.99   -23.49       -44.04    -8.99   -23.49     0.000
  -37.11   -23.80   -34.46       -37.11   -23.80   -34.46     0.000
  -38.01   -22.61   -17.90       -38.01   -22.61   -17.90     0.000
  -41.23   -17.83   -29.98       -41.23   -17.83   -29.98     0.000
   32.49    -1.94   -24.49        32.49    -1.94   -24.49     0.000
   -6.25     0.71    46.27        -6.25     0.71    46.27     0.000
   24.08    24.39     4.39        24.08    24.39     4.39     0.000
   -8.66    -8.82   -45.89        -8.66    -8.82   -45.89     0.000
   25.50    -2.36   -27.31        25.50    -2.36   -27.31     0.000
