200 PA4-K-Unknown-Answer.txt 0
    2.03    19.36     4.13         2.05    19.35     4.14     0.024
  -22.05   -18.20    -6.40       -22.05   -18.20    -6.36     0.047
   -1.48   -20.39   -33.53        -1.49   -20.38   -33.53     0.005
  -31.32     0.99   -42.34       -31.33     1.00   -42.36     0.025
   11.01    22.26    40.58        11.06    21.91    40.50     0.365
   18.88     7.25   -26.47        18.86     7.23   -26.49     0.028
   17.78    -5.09    36.28        17.68    -4.87    36.27     0.243
   19.71    21.23   -27.80        19.73    21.25   -27.84     0.048
   23.66    -3.51    24.73        23.69    -3.56    24.75     0.064
  -21.29   -32.61   -29.78       -21.29   -32.70   -29.78     0.090
  -12.51   -14.63    -3.67       -12.54   -14.72    -3.58     0.129
  -29.41   -29.55   -34.51       -29.44   -29.61   -34.53     0.073
  -26.48   -24.51   -43.13       -26.48   -24.48   -43.08     0.059
  -36.94   -25.94   -27.36       -36.92   -25.92   -27.36     0.026
  -34.31     7.70   -25.36       -34.28     7.66   -25.36     0.049
  -37.38     0.70   -15.67       -37.38     0.70   -15.67     0.001
   22.32    13.69    42.69        22.27    13.66    42.68     0.059
  -22.39     5.00   -13.86       -22.40     5.02   -13.83     0.034
   23.70    -1.80    30.97        23.67    -1.77    30.96     0.040
  -33.26   -12.27    -7.38       -33.27   -12.27    -7.36     0.020
   -5.78    -7.94    19.34        -5.72    -7.89    19.33     0.078
  -39.65   -21.19   -18.91       -39.64   -21.18   -18.92     0.017
  -31.00   -27.77   -16.37       -30.99   -27.76   -16.38     0.018
   10.70    22.53    30.93        10.70    22.48    30.92     0.053
  -34.00     4.27   -37.43       -33.97     4.23   -37.39     0.064
   31.77     9.95    15.34        31.79     9.96    15.36     0.026
   35.33    -4.67   -14.00        35.23    -4.62   -14.01     0.114
   30.06    13.68    15.76        30.05    13.67    15.76     0.017
  -22.87   -20.76   -46.51       -22.87   -20.75   -46.49     0.019
    4.48     0.02    63.34         4.48     0.02    63.34     0.002
  -35.11    -6.80    -9.16       -35.05    -6.87    -9.29     0.157
   -1.98    16.07    54.67        -2.00    16.11    54.68     0.046
   13.38    27.40     1.19        13.38    27.39     1.19     0.008
   18.76     0.63    62.19        18.73     0.66    62.15     0.059
   34.34    -4.29    -4.80        34.38    -4.33    -4.80     0.054
   25.24    -5.60    14.64        25.23    -5.58    14.64     0.029
   33.11     4.00    14.49        33.16     4.00    14.53     0.053
   -8.45   -28.32   -30.96        -8.54   -28.19   -30.94     0.164
  -35.37    -3.52   -11.32       -35.42    -3.48   -11.22     0.123
   12.50    -2.94   -22.04        12.50    -2.94   -22.05     0.007
    1.21    20.19    42.15         1.20    20.31    42.17     0.114
   19.65    20.08    31.84        19.70    20.14    31.84     0.080
   19.10    -0.69    58.95        19.12    -0.70    58.95     0.021
  -11.59    23.46    30.18       -11.62    23.52    30.19     0.073
   37.61     6.05   -12.67        37.59     6.04   -12.66     0.029
   26.18    -7.18     9.45        26.18    -7.17     9.44     0.010
  -28.87   -15.88   -47.16       -28.87   -15.88   -47.13     0.031
  -39.53     2.46   -22.87       -39.47     2.42   -22.88     0.071
  -28.59   -22.33   -44.18       -28.61   -22.40   -44.26     0.113
   15.45    -7.42    16.53        15.46    -7.49    16.54     0.074
   -3.88     4.02   -25.53        -3.80     4.11   -25.57     0.124
   -3.21     3.11   -25.79        -3.11     3.19   -25.86     0.147
   17.72    -6.96    16.48        17.76    -7.11    16.50     0.152
  -27.49   -29.87   -35.32       -27.51   -29.92   -35.35     0.060
    5.16    -6.88    49.23         5.19    -7.08    49.23     0.207
    5.64    14.34    63.12         5.64    14.34    63.11     0.009
   29.49   -10.01    -5.15        29.43    -9.93    -5.15     0.099
   -3.67    23.73    31.62        -3.69    23.63    31.60     0.103
  -20.24     9.95   -36.37       -20.24     9.87   -36.31     0.100
   16.10    -9.61   -20.89        16.10    -9.62   -20.89     0.011
   25.84    -7.13     9.23        25.85    -7.24     9.26     0.115
    4.33    -7.25    59.33         4.32    -7.40    59.33     0.151
  -21.64    -4.27   -47.90       -21.61    -4.31   -47.81     0.107
   10.21    20.06    60.64        10.30    19.89    60.51     0.230
   24.01    -4.71    19.19        24.08    -4.83    19.22     0.146
   18.10    22.83    22.67        18.06    22.71    22.66     0.131
   13.05    22.46    33.70        13.06    22.39    33.69     0.070
  -41.02   -13.49   -16.10       -41.03   -13.49   -16.09     0.017
   -3.80   -12.63     2.12        -3.80   -12.61     2.11     0.022
   -0.54   -14.92   -35.07        -0.50   -14.91   -35.08     0.035
   29.67    12.67    17.32        29.64    12.66    17.30     0.035
   24.33     7.00    39.21        24.32     7.00    39.20     0.012
   14.26    -7.83    15.69        14.26    -7.85    15.70     0.025
   31.25    19.32     6.82        31.25    19.32     6.82     0.001
   17.49    -1.30   -22.55        17.50    -1.29   -22.53     0.021
   35.93    -1.14    10.40        35.95    -1.15    10.42     0.034
   -1.62    18.10    46.30        -1.67    18.19    46.30     0.104
   -0.19    -5.47    63.51        -0.19    -5.47    63.49     0.020
   28.61    21.99    -6.01        28.61    22.00    -6.01     0.012
   20.59    14.37    50.83        20.59    14.37    50.83     0.000
    6.03    21.85    34.64         6.05    21.67    34.61     0.179
   40.27     2.71    -4.10        40.28     2.71    -4.10     0.004
  -12.28   -27.43   -38.43       -12.26   -27.45   -38.45     0.032
   14.53     9.40   -17.08        14.58     9.39   -17.05     0.058
    3.50     8.22    63.43         3.50     8.22    63.41     0.011
   32.15     2.69    15.81        32.21     2.69    15.86     0.077
   21.86    -7.24    11.75        21.86    -7.25    11.75     0.009
   30.64     8.10   -27.83        30.73     8.10   -27.90     0.116
  -36.27     1.01   -14.33       -36.25     1.00   -14.36     0.044
   -3.12     9.06   -11.38        -3.12     9.04   -11.38     0.019
    8.82   -13.44   -19.02         8.83   -13.46   -19.03     0.026
   21.27    25.46   -12.47        21.27    25.44   -12.47     0.017
  -21.85    -6.38    -4.60       -21.88    -6.37    -4.56     0.050
   -3.70    -3.93    57.82        -3.62    -3.87    57.81     0.103
   26.99    -4.42    16.20        26.98    -4.40    16.20     0.018
  -14.88    19.94    21.56       -14.95    19.97    21.53     0.080
   -4.14    19.72    12.28        -4.10    19.67    12.36     0.107
   26.23    23.73     1.39        26.18    23.63     1.38     0.118
   -1.62    -3.78   -29.47        -1.62    -3.78   -29.47     0.003
  -34.48     4.31   -36.98       -34.44     4.27   -36.93     0.073
    3.75    -7.27    52.09         3.78    -7.06    52.11     0.214
   -6.98   -25.87   -34.64        -6.98   -25.87   -34.64     0.001
   10.76    -8.00    19.20        10.75    -7.82    19.14     0.186
   -7.11    -6.45    20.89        -7.03    -6.39    20.88     0.102
   18.83   -16.57   -13.80        18.83   -16.61   -13.81     0.042
  -26.90    10.88   -29.11       -26.92    10.96   -29.13     0.088
    6.60     8.88    63.28         6.59     8.89    63.24     0.040
  -14.51    20.39    20.87       -14.45    20.35    20.90     0.080
   30.19    17.64   -21.36        30.24    17.68   -21.41     0.077
    6.53    -6.75    38.26         6.54    -6.87    38.26     0.118
   10.37   -12.89   -19.00        10.34   -12.81   -18.94     0.113
   19.91   -11.07     2.45        19.90   -11.05     2.44     0.024
  -32.12   -29.32   -23.65       -32.21   -29.46   -23.62     0.168
    1.09   -18.73   -18.98         1.18   -18.85   -19.00     0.149
    5.12    -7.42   -24.22         5.13    -7.41   -24.23     0.016
   -6.18    -7.43   -43.33        -6.20    -7.43   -43.30     0.034
   35.29     9.42   -18.51        35.37     9.46   -18.54     0.095
   -7.70     3.29    30.72        -7.72     3.29    30.72     0.025
    0.25    17.44    58.67         0.30    17.36    58.66     0.098
  -13.34    12.18    31.40       -13.37    12.14    31.42     0.055
   19.84    13.92    59.25        19.85    13.92    59.25     0.004
   25.95    -4.91    16.53        25.92    -4.84    16.50     0.078
   -1.98     5.16   -22.42        -1.99     5.14   -22.40     0.029
  -16.09    10.03   -35.80       -16.10    10.02   -35.80     0.011
   -1.30   -21.37   -19.06        -1.33   -21.35   -19.07     0.037
  -41.37   -12.87   -16.26       -41.30   -12.86   -16.29     0.074
  -10.18     9.57   -22.88       -10.26     9.45   -22.85     0.142
   10.94   -13.20     4.37        10.94   -13.22     4.38     0.020
   10.96    21.54    42.83        10.95    21.57    42.83     0.025
  -36.19    -7.80   -43.61       -36.14    -7.82   -43.55     0.085
    4.54    20.31    45.76         4.59    20.07    45.74     0.249
  -21.58   -13.26    -5.16       -21.58   -13.24    -5.20     0.036
  -42.25   -12.39   -18.20       -42.30   -12.39   -18.18     0.048
   15.18     0.86   -21.49        15.19     0.85   -21.44     0.044
   25.50    23.73     2.33        25.56    23.84     2.34     0.129
   -5.76    -7.91    18.66        -5.77    -7.93    18.66     0.022
  -19.87   -14.45   -48.73       -19.87   -14.46   -48.78     0.053
   37.31    12.56     6.71        37.21    12.51     6.68     0.120
  -18.78   -23.99   -44.43       -18.79   -23.96   -44.40     0.045
   18.94    16.59    49.89        19.08    16.70    49.91     0.177
   -7.00     8.10    46.45        -6.79     8.08    46.44     0.219
   20.90     2.53    55.75        21.08     2.49    55.77     0.184
   38.31    -0.45     4.10        38.25    -0.43     4.11     0.060
  -16.44    11.15   -32.21       -16.43    11.17   -32.22     0.023
  -27.58    -0.69   -45.60       -27.56    -0.72   -45.56     0.055
  -28.84     5.69   -39.74       -28.84     5.71   -39.75     0.019
  -29.53   -10.36   -47.63       -29.51   -10.36   -47.56     0.076
  -43.86    -7.47   -25.91       -43.91    -7.46   -25.92     0.057
    8.82    26.05     7.43         8.86    25.97     7.42     0.089
   14.62    20.66    50.17        14.72    20.80    50.21     0.176
   29.51    19.24    10.85        29.51    19.24    10.86     0.007
    1.52     8.53   -14.99         1.51     8.59   -15.01     0.062
  -29.72    -6.04    -8.35       -29.72    -6.08    -8.43     0.093
   19.71    22.26    19.57        19.78    22.49    19.63     0.244
    6.82    21.76    34.49         6.82    21.76    34.49     0.004
   -3.32     1.63   -27.88        -3.37     1.61   -27.83     0.066
  -12.67    -4.36     7.47       -12.78    -4.41     7.52     0.126
   -5.35    11.50    57.82        -5.49    11.57    57.81     0.157
  -24.22   -10.64   -49.38       -24.19   -10.62   -49.33     0.059
    0.10    19.71    43.96         0.11    19.69    43.96     0.027
   23.52     2.52    41.82        23.33     2.59    41.78     0.200
  -17.37    -7.83   -48.36       -17.38    -7.84   -48.32     0.039
   25.44    13.58   -29.07        25.42    13.55   -29.02     0.057
    2.56    -6.80    43.24         2.56    -6.88    43.24     0.080
    6.15    -6.23    63.10         6.14    -6.26    63.16     0.069
  -12.43    10.56    28.69       -12.46    10.52    28.70     0.054
  -11.62   -19.94   -44.97       -11.62   -19.88   -44.98     0.061
  -12.30    10.61    18.62       -12.25    10.62    18.63     0.058
   17.91    26.34    -8.08        17.91    26.31    -8.08     0.025
   36.77    -0.75     9.14        36.85    -0.79     9.19     0.097
  -24.74   -32.51   -22.69       -24.73   -32.39   -22.72     0.133
   -1.39    17.27    49.30        -1.36    17.24    49.27     0.049
   34.99    14.15     8.49        34.98    14.14     8.48     0.018
   32.10     5.02   -25.78        32.15     5.02   -25.81     0.058
   -0.46   -11.68     7.59        -0.45   -11.55     7.58     0.135
  -39.15   -20.59   -34.22       -39.18   -20.61   -34.23     0.032
   10.47    23.82    22.37        10.47    23.82    22.37     0.002
   -7.61   -28.03   -24.11        -7.60   -28.04   -24.10     0.007
  -13.79     4.37    -1.15       -13.78     4.37    -1.15     0.009
  -32.35   -28.35   -33.96       -32.31   -28.28   -33.93     0.085
    4.00    20.58    42.59         4.04    20.38    42.57     0.199
   -9.24     6.08    27.76        -9.28     6.06    27.77     0.039
  -37.95    -0.48   -38.26       -37.89    -0.52   -38.23     0.078
  -32.10   -22.25   -10.47       -32.10   -22.24   -10.47     0.006
   11.78   -16.77    -4.93        11.77   -16.80    -4.92     0.038
   17.26   -12.72   -18.41        17.26   -12.70   -18.39     0.030
  -37.92     4.26   -28.05       -37.97     4.30   -28.05     0.064
  -38.69   -19.40   -15.70       -38.75   -19.44   -15.66     0.084
  -39.45    -0.59   -35.40       -39.46    -0.59   -35.41     0.010
   -4.45    18.26    42.24        -4.50    18.35    42.28     0.103
    3.71    18.55    61.63         3.68    18.63    61.64     0.082
   17.45    26.74     4.53        17.43    26.64     4.52     0.104
   25.73    -7.01    10.22        25.73    -6.99    10.21     0.027
   16.03    -6.19    25.30        16.04    -6.30    25.31     0.110
   -1.48   -21.92   -23.96        -1.35   -22.00   -23.95     0.149
   -8.14   -12.13     1.54        -8.14   -12.13     1.54     0.002
  -11.68   -29.56   -33.95       -11.72   -29.49   -33.93     0.082
   24.09    21.82    14.26        24.11    21.86    14.28     0.050
   14.53   -12.26   -18.42        14.53   -12.29   -18.46     0.047
   17.59    26.30     5.56        17.64    26.49     5.58     0.192
