200 PA4-B-Debug-Output.txt 0
   16.11    10.95   -26.48        16.11    10.95   -26.48     0.000
   19.34    15.22   -31.23        19.34    15.22   -31.23     0.000
   14.02    18.73    62.19        14.02    18.73    62.19     0.000
  -12.49     9.75    24.79       -12.49     9.75    24.79     0.000
   39.79     2.33    -8.33        39.79     2.33    -8.33     0.000
  -27.61   -31.18   -32.51       -27.61   -31.18   -32.51     0.000
   12.68    23.21    26.38        12.68    23.21    26.38     0.000
   14.01   -10.63   -19.98        14.01   -10.63   -19.98     0.000
   16.40    24.95   -16.50        16.40    24.95   -16.50     0.001
   -3.84    -3.60    46.44        -3.84    -3.60    46.44     0.000
   15.69    23.18    22.79        15.69    23.18    22.79     0.000
   21.47    15.71    40.72        21.47    15.71    40.72     0.000
   11.99    21.86    43.44        11.99    21.86    43.44     0.000
   -5.71     1.79   -33.25        -5.71     1.79   -33.25     0.000
   -6.52     5.38   -27.67        -6.52     5.38   -27.67     0.000
   21.80     8.84    55.94        21.80     8.84    55.94     0.000
  -40.60   -19.55   -30.94       -40.60   -19.55   -30.94     0.000
   32.55    -6.65     3.94        32.55    -6.65     3.94     0.000
   -1.23    -6.05    39.92        -1.23    -6.05    39.92     0.000
   22.71    -5.85    16.67        22.71    -5.85    16.67     0.000
   -1.07    16.87    54.59        -1.07    16.87    54.59     0.000
   38.50     0.03     5.23        38.50     0.03     5.23     0.000
  -11.15   -29.24   -20.23       -11.15   -29.24   -20.23     0.000
   34.35    16.31   -10.82        34.35    16.31   -10.82     0.000
   33.13    12.44   -21.86        33.13    12.44   -21.86     0.000
  -14.73    22.11    25.36       -14.73    22.11    25.36     0.000
   39.32     9.05     0.69        39.32     9.05     0.69     0.000
   14.26    -5.93    41.22        14.26    -5.93    41.22     0.000
    1.53    23.64    14.58         1.53    23.64    14.58     0.000
   30.83    16.29    12.24        30.83    16.29    12.24     0.000
   -3.78   -19.17   -10.63        -3.78   -19.17   -10.63     0.000
    3.95    18.19    -0.99         3.95    18.19    -0.99     0.000
  -29.05   -30.53   -32.62       -29.05   -30.53   -32.62     0.000
   -3.46   -21.64   -15.40        -3.46   -21.64   -15.40     0.000
   15.97   -11.37   -19.23        15.97   -11.37   -19.23     0.000
   -9.14     7.32    29.71        -9.14     7.32    29.71     0.000
   34.75    15.57   -11.95        34.75    15.57   -11.95     0.000
  -17.23   -13.43   -48.60       -17.23   -13.43   -48.60     0.000
  -16.25   -31.47   -32.52       -16.25   -31.47   -32.52     0.000
   -6.65   -19.23   -41.94        -6.65   -19.23   -41.94     0.000
    0.48     0.03   -24.82         0.48     0.03   -24.82     0.000
   17.06    -4.47    45.96        17.06    -4.47    45.96     0.000
   12.03    16.55   -24.95        12.03    16.55   -24.95     0.000
  -40.28   -21.78   -26.97       -40.28   -21.78   -26.97     0.000
  -33.66     4.14   -37.76       -33.66     4.14   -37.76     0.000
    0.41     5.89    63.42         0.41     5.89    63.42     0.000
  -17.60   -13.57   -48.68       -17.60   -13.57   -48.68     0.000
   -3.43    17.41     9.54        -3.43    17.41     9.54     0.000
    1.17    18.04    56.71         1.17    18.04    56.71     0.000
   -5.14    11.54     2.82        -5.14    11.54     2.82     0.000
   -3.50    -3.54   -36.03        -3.50    -3.54   -36.03     0.000
   -9.86   -19.32    -8.27        -9.86   -19.32    -8.27     0.000
  -22.43   -21.40   -46.15       -22.43   -21.40   -46.15     0.000
  -12.19     5.51    12.40       -12.19     5.51    12.40     0.000
   21.01    -8.99     6.13        21.01    -8.99     6.13     0.000
   31.19    -7.84     0.64        31.19    -7.84     0.64     0.000
   25.31    10.81   -30.30        25.31    10.81   -30.30     0.000
   31.94    17.75     9.06        31.94    17.75     9.06     0.000
  -35.21   -25.69   -18.02       -35.21   -25.69   -18.02     0.000
    7.74    20.62    45.60         7.74    20.62    45.60     0.000
  -20.90     5.58   -41.61       -20.90     5.58   -41.61     0.000
  -33.01   -28.83   -22.96       -33.01   -28.83   -22.96     0.000
  -39.44   -15.17   -38.31       -39.44   -15.17   -38.31     0.000
    2.97    19.99    43.93         2.97    19.99    43.93     0.000
   21.33     9.96    58.86        21.33     9.96    58.86     0.000
   23.34    19.83    20.98        23.34    19.83    20.98     0.000
   -7.28   -17.63    -6.64        -7.28   -17.63    -6.64     0.000
   28.59    10.10    21.47        28.59    10.10    21.47     0.000
   -6.54     8.30   -15.46        -6.54     8.30   -15.46     0.000
    7.10   -15.92    -5.99         7.10   -15.92    -5.99     0.000
   -8.36   -23.78   -39.54        -8.36   -23.78   -39.54     0.000
    6.13    14.84    63.14         6.13    14.84    63.14     0.000
    8.13     7.60   -15.07         8.13     7.60   -15.07     0.000
   11.51    24.74    15.92        11.51    24.74    15.92     0.000
   21.93     4.40    52.72        21.93     4.40    52.72     0.000
   -5.83    15.14    10.03        -5.83    15.14    10.03     0.000
   34.49    -1.37   -21.62        34.49    -1.37   -21.62     0.000
  -18.68    -9.94   -49.03       -18.68    -9.94   -49.03     0.000
  -15.21   -30.82   -33.89       -15.21   -30.82   -33.89     0.000
  -13.56    13.77    18.22       -13.56    13.77    18.22     0.000
  -38.61   -19.34   -15.35       -38.61   -19.34   -15.35     0.000
   17.32    -6.16    24.70        17.32    -6.16    24.70     0.000
   -6.12    -0.02    41.75        -6.12    -0.02    41.75     0.000
  -30.26     6.41   -37.96       -30.26     6.41   -37.96     0.000
  -15.47    16.86    19.87       -15.47    16.86    19.87     0.000
   30.88    12.67   -25.21        30.88    12.67   -25.21     0.000
   -4.84   -26.36   -25.42        -4.84   -26.36   -25.42     0.000
   16.22     2.66   -21.73        16.22     2.66   -21.73     0.000
   -9.35    15.12    38.41        -9.35    15.12    38.41     0.000
   15.05    22.55    33.20        15.05    22.55    33.20     0.000
  -38.70    -0.98   -37.43       -38.70    -0.98   -37.43     0.000
   35.74     2.59    11.46        35.74     2.59    11.46     0.000
   23.17     4.32    44.28        23.17     4.32    44.28     0.000
  -24.74    11.32   -21.01       -24.74    11.32   -21.01     0.000
   10.42     9.94    63.17        10.42     9.94    63.17     0.000
  -14.45     2.08   -43.97       -14.45     2.08   -43.97     0.000
    3.72     8.25    63.41         3.72     8.25    63.41     0.000
  -27.70   -22.63   -44.34       -27.70   -22.63   -44.34     0.000
   -4.68    15.59     9.01        -4.68    15.59     9.01     0.000
   -5.82    -0.39    55.87        -5.82    -0.39    55.87     0.000
   -4.51    24.40    22.36        -4.51    24.40    22.36     0.000
  -18.05   -32.43   -29.51       -18.05   -32.43   -29.51     0.000
  -31.95     8.65   -21.79       -31.95     8.65   -21.79     0.000
  -39.57   -13.06   -33.90       -39.57   -13.06   -33.90     0.000
   19.02   -16.45   -14.33        19.02   -16.45   -14.33     0.000
   15.18    11.68   -19.02        15.18    11.68   -19.02     0.000
   -9.67   -25.52   -38.80        -9.67   -25.52   -38.80     0.000
   19.86    17.50   -30.22        19.86    17.50   -30.22     0.000
   17.04    -5.20    35.26        17.04    -5.20    35.26     0.000
  -10.19   -28.04   -17.60       -10.19   -28.04   -17.60     0.000
    7.07    -7.38    62.38         7.07    -7.38    62.38     0.000
    1.46    -6.93    53.74         1.46    -6.93    53.74     0.000
    4.76    19.07    61.42         4.76    19.07    61.42     0.000
   39.83     5.58     2.86        39.83     5.58     2.86     0.000
   16.82    21.68   -29.08        16.82    21.68   -29.08     0.000
   19.19    19.31   -29.33        19.19    19.31   -29.33     0.000
   -4.80   -24.74   -19.52        -4.80   -24.74   -19.52     0.000
   14.17    14.13   -19.54        14.17    14.13   -19.54     0.000
   -1.21   -17.72    -8.56        -1.21   -17.72    -8.56     0.000
   -0.91    -9.99    17.52        -0.91    -9.99    17.52     0.000
    7.56    21.76    34.82         7.56    21.76    34.82     0.000
   -2.41   -22.34   -18.69        -2.41   -22.34   -18.69     0.000
    8.42   -15.99    -9.88         8.42   -15.99    -9.88     0.000
  -27.03   -28.96   -37.61       -27.03   -28.96   -37.61     0.000
   11.35    -7.98    17.63        11.35    -7.98    17.63     0.000
    2.64   -11.30   -25.94         2.64   -11.30   -25.94     0.000
  -21.20   -27.96   -12.55       -21.20   -27.96   -12.55     0.000
   -5.47   -20.41   -39.51        -5.47   -20.41   -39.51     0.000
   37.53    -1.00   -12.77        37.53    -1.00   -12.77     0.000
    3.24    -7.29    56.47         3.24    -7.29    56.47     0.000
    3.68   -12.18     6.57         3.68   -12.18     6.57     0.000
   -6.69    -3.83    29.11        -6.69    -3.83    29.11     0.000
  -39.85   -11.05   -33.70       -39.85   -11.05   -33.70     0.000
   -1.97    17.44    48.26        -1.97    17.44    48.26     0.000
   15.48     0.83   -21.56        15.48     0.83   -21.56     0.000
  -39.85   -15.19   -14.61       -39.85   -15.19   -14.61     0.000
   19.34    -8.70   -22.75        19.34    -8.70   -22.75     0.000
  -40.46     1.16   -23.98       -40.46     1.16   -23.98     0.000
    3.91   -17.32   -17.85         3.91   -17.32   -17.85     0.000
  -11.74     6.01     4.29       -11.74     6.01     4.29     0.000
   11.50   -15.42   -13.28        11.50   -15.42   -13.28     0.000
  -35.31   -20.19   -40.90       -35.31   -20.19   -40.90     0.000
   22.25   -15.65   -14.43        22.25   -15.65   -14.43     0.000
   22.40     8.40    51.29        22.40     8.40    51.29     0.000
    1.56    -3.73   -25.90         1.56    -3.73   -25.90     0.000
   -9.41    -3.69    16.68        -9.41    -3.69    16.68     0.000
   15.00    27.08    -1.34        15.00    27.08    -1.34     0.000
  -21.27    11.99   -30.37       -21.27    11.99   -30.37     0.000
   22.44    -3.85   -25.66        22.44    -3.85   -25.66     0.000
   -8.21    -5.64    17.49        -8.21    -5.64    17.49     0.000
   19.85    25.59   -15.51        19.85    25.59   -15.51     0.000
   25.46    14.69    25.39        25.46    14.69    25.39     0.000
  -23.45   -11.32   -49.20       -23.45   -11.32   -49.20     0.000
  -20.90     9.78   -36.47       -20.90     9.78   -36.47     0.000
   18.70     5.94    62.56        18.70     5.94    62.56     0.000
   28.48    10.58   -29.10        28.48    10.58   -29.10     0.000
   14.63    -8.08    14.62        14.63    -8.08    14.62     0.000
  -40.25   -16.40   -32.41       -40.25   -16.40   -32.41     0.000
    7.08    23.45    -0.30         7.08    23.44    -0.30     0.000
   -6.83    -7.16    17.76        -6.83    -7.16    17.76     0.000
   11.51    20.40    59.69        11.51    20.40    59.69     0.000
   -7.09   -26.61   -19.29        -7.09   -26.61   -19.29     0.000
   -8.31    24.53    22.25        -8.31    24.53    22.25     0.000
  -32.15     2.86   -40.48       -32.15     2.86   -40.48     0.000
   -2.29   -22.54   -19.64        -2.29   -22.54   -19.64     0.000
   17.35    -6.19    24.39        17.35    -6.19    24.39     0.000
   -9.56    11.55    11.62        -9.56    11.55    11.62     0.000
  -15.80   -17.83    -6.05       -15.80   -17.83    -6.05     0.000
  -13.08    -7.59     4.17       -13.08    -7.59     4.17     0.000
   15.06    22.55    28.87        15.06    22.55    28.87     0.000
  -40.06   -13.58   -32.10       -40.06   -13.58   -32.10     0.000
  -29.64   -30.86   -23.44       -29.64   -30.86   -23.44     0.000
   -2.51    -5.16    56.54        -2.51    -5.16    56.54     0.000
    8.09    24.13    20.01         8.09    24.13    20.01     0.000
  -14.92     7.66   -15.18       -14.92     7.66   -15.18     0.000
   21.63    -2.35    35.25        21.63    -2.35    35.25     0.000
  -41.60   -11.61   -16.69       -41.60   -11.61   -16.69     0.000
  -19.66   -13.54    -4.94       -19.66   -13.54    -4.94     0.000
   -5.39     0.41    62.71        -5.39     0.41    62.71     0.000
   22.78    -9.35   -23.64        22.78    -9.35   -23.64     0.000
  -39.60   -10.61   -39.35       -39.60   -10.61   -39.35     0.000
  -38.27    -2.59   -14.27       -38.27    -2.59   -14.27     0.000
  -12.94   -23.65   -10.60       -12.94   -23.65   -10.60     0.000
  -30.38   -18.91    -7.81       -30.38   -18.91    -7.81     0.000
  -38.46     3.90   -24.92       -38.46     3.90   -24.92     0.000
   22.53    -9.35     4.05        22.53    -9.35     4.05     0.000
   24.58    10.91   -30.77        24.58    10.91   -30.77     0.000
   14.81    -1.58   -22.18        14.81    -1.58   -22.18     0.000
   -5.30   -20.29   -39.41        -5.30   -20.29   -39.41     0.000
   19.69    14.46    57.54        19.69    14.46    57.54     0.000
  -30.99   -17.92    -7.90       -30.99   -17.92    -7.90     0.000
  -43.56    -5.77   -27.99       -43.56    -5.77   -27.99     0.000
   14.19    -5.77    44.55        14.19    -5.77    44.55     0.000
  -10.43    -8.67   -46.97       -10.43    -8.67   -46.97     0.000
   -6.17   -25.17   -18.16        -6.17   -25.17   -18.16     0.000
   23.82     6.56   -30.31        23.82     6.56   -30.31     0.000
  -42.02   -16.09   -20.03       -42.02   -16.09   -20.03     0.000
   22.20   -10.52     1.65        22.20   -10.52     1.65     0.000
   24.63    16.58    24.94        24.63    16.58    24.94     0.000
    2.03    -7.23    33.65         2.03    -7.23    33.65     0.000
